32640.000000000033
32640.000000000033
32640.000000000033
32640.000000000033
32640.000000000033
32640.000000000033
32640.000000000033
32640.000000000033
32640.000000000033
32640.000000000033
32640.000000000033
32640.000000000033
32640.000000000033
32640.000000000033
32639.000000000033
32640.000000000033
32332.000000000033
32640.000000000033
32211.000000000036
32640.000000000033
32531.750000000036
32640.000000000033
32534.500000000036
32640.000000000033
32557.750000000033
32640.000000000033
32302.000000000033
32640.000000000033
32076.750000000033
32640.000000000033
32315.500000000033
32640.000000000033
32471.250000000036
32640.000000000033
32471.750000000036
32640.000000000033
32469.250000000036
32640.000000000033
32494.250000000033
32640.000000000033
32441.750000000036
32572.000000000033
31000.500000000033
30336.000000000033
29277.500000000033
25251.000000000022
28823.50000000003
22768.000000000025
27663.250000000025
19821.00000000002
25541.000000000025
16298.000000000016
25089.500000000025
15148.000000000016
24463.750000000025
13648.000000000013
23905.250000000025
13704.00000000001
21424.000000000022
10063.000000000011
17435.750000000015
9295.00000000001
15087.500000000016
13368.00000000001
15498.500000000016
15736.000000000016
15685.750000000013
15545.000000000015
14613.500000000016
14501.000000000013
13514.500000000013
14034.000000000011
13590.250000000016
16396.00000000001
12842.000000000013
17980.00000000002
11840.250000000011
19254.000000000015
12087.500000000013
20401.000000000025
12038.000000000011
21528.000000000022
12499.250000000011
21873.000000000022
11952.500000000011
21543.000000000022
11385.000000000013
24737.00000000003
10085.750000000011
25170.00000000003
11931.500000000013
25964.000000000022
12525.500000000013
27634.000000000033
12156.50000000001
27323.000000000022
12484.500000000015
28364.000000000025
12634.750000000013
29991.000000000033
12995.250000000013
29853.00000000003
13194.500000000013
29871.000000000025
13705.750000000016
30697.000000000033
14286.250000000013
31709.000000000033
15239.000000000015
32526.000000000036
16266.000000000016
32640.000000000033
16957.00000000002
32640.000000000033
17949.750000000022
32640.000000000033
18534.500000000022
32640.000000000033
18487.00000000002
32640.000000000033
18686.00000000002
32640.000000000033
19318.75000000002
32640.000000000033
19955.25000000002
32640.000000000033
20646.25000000002
32640.000000000033
21130.750000000022
32640.000000000033
21184.500000000022
32640.000000000033
21146.750000000022
32640.000000000033
21919.500000000025
32640.000000000033
22919.500000000025
32640.000000000033
23808.000000000025
32640.000000000033
25557.000000000025
32640.000000000033
28850.75000000003
32640.000000000033
29563.750000000033
32640.000000000033
30660.75000000003
32640.000000000033
32361.250000000033
32640.000000000033
32639.500000000036
32640.000000000033
32638.500000000033
32640.000000000033
32640.000000000033
32640.000000000033
32640.000000000033
32640.000000000033
32640.000000000033
32606.000000000033
32588.250000000033
31351.00000000003
32176.500000000036
29177.000000000033
31995.000000000036
29934.00000000003
32629.750000000036
32618.000000000036
32640.000000000033
32640.000000000033
32640.000000000033
32640.000000000033
32640.000000000033
32640.000000000033
32640.000000000033
32640.000000000033
32640.000000000033
32640.000000000033
32640.000000000033
32640.000000000033