6504.750000000007
3762.000000000004
6871.000000000008
3654.0000000000045
7289.500000000007
3645.000000000004
7358.000000000008
3681.0000000000023
7492.000000000007
3754.000000000004
7822.500000000008
3848.0000000000045
8217.500000000007
3962.000000000004
8323.50000000001
4066.0000000000045
8230.75000000001
4175.000000000005
8039.500000000009
4242.000000000004
8092.750000000009
4329.000000000005
8398.000000000007
4386.000000000005
8478.50000000001
4427.000000000003
8957.50000000001
4468.000000000005
9265.00000000001
4867.000000000006
9934.25000000001
5694.0000000000055
10442.750000000011
6570.000000000005
10453.250000000007
7401.000000000006
10171.000000000007
8186.000000000008
10395.500000000011
8822.00000000001
10291.500000000013
9218.00000000001
10165.75000000001
10122.000000000007
9916.750000000011
11830.00000000001
9880.00000000001
13273.000000000011
9922.50000000001
14214.000000000016
9884.500000000011
14975.000000000016
9459.500000000007
15262.000000000016
9096.00000000001
15021.000000000016
9547.50000000001
14488.000000000015
8969.75000000001
13673.00000000001
8354.500000000007
12839.000000000016
8047.250000000008
12181.00000000001
8257.500000000007
11798.00000000001
7713.750000000007
11913.000000000005
7615.750000000008
12497.000000000015
7181.250000000008
13071.000000000015
6857.0000000000055
13630.000000000013
6547.250000000007
14308.000000000011
6473.750000000006
14973.000000000016
7104.750000000007
16048.000000000015
7627.750000000006
16939.000000000015
7632.000000000008
17499.000000000015
8187.250000000009
17858.00000000002
8145.000000000007
18204.000000000022
8641.500000000011
18545.00000000001
9137.50000000001
19038.000000000022
9374.00000000001
19495.000000000022
9211.250000000007
19518.00000000002
9244.25000000001
19064.000000000022
9419.75000000001
18377.00000000002
9177.750000000011
18392.00000000002
9358.25000000001
18701.000000000022
9639.25000000001
19019.000000000022
10308.00000000001
19161.000000000015
11097.500000000013
18169.00000000002
11506.750000000015
17605.000000000022
11450.000000000013
17116.000000000022
11412.500000000011
17384.00000000002
11434.000000000013
17465.00000000001
11118.250000000013
17023.00000000001
11768.00000000001
17347.000000000015
12463.500000000007
16836.00000000002
13058.750000000015
17125.000000000007
13223.000000000013
17453.000000000022
12840.250000000015
17365.000000000015
12671.250000000015
16536.00000000001
12635.750000000013
14710.000000000015
12950.000000000016
12946.000000000007
12716.250000000013
12699.000000000015
12430.000000000011
13570.000000000007
12123.750000000015
13787.000000000011
12560.750000000013
13075.000000000011
12693.250000000013
12524.000000000015
12786.750000000015
12092.000000000016
12686.000000000013
12292.000000000007
12642.250000000013
13063.00000000001
12551.750000000011
12599.000000000016
12731.750000000013
11852.000000000013
13186.500000000011
12392.00000000001
13478.250000000015
13584.000000000015
13716.500000000016
13166.000000000011
14330.000000000013
12195.00000000001
14432.250000000015
12223.000000000015
14570.250000000015
11609.000000000015
14500.250000000015
10769.000000000007
13828.000000000016
10756.000000000013
13185.500000000016
10558.000000000013
13235.500000000015
10946.000000000011
12991.500000000015
12551.000000000007
12976.250000000013
13161.000000000013