21589.500000000025
21238.000000000025
21558.750000000022
21247.000000000022
21589.500000000022
21185.000000000022
21273.500000000025
21102.00000000002
20105.500000000022
21069.000000000022
19662.750000000025
21244.000000000025
18781.25000000002
19040.000000000015
18241.75000000002
14735.000000000011
17510.75000000002
11072.000000000011
17443.00000000002
7856.000000000009
16850.75000000002
5679.0000000000055
16386.000000000015
5630.000000000005
16009.000000000016
6578.000000000007
15531.250000000015
6006.000000000005
15150.500000000015
5586.000000000006
14014.250000000015
6271.0000000000055
13271.750000000013
7883.000000000006
12899.250000000015
8178.000000000009
12336.000000000016
6715.000000000006
12097.750000000013
7376.000000000008
11269.250000000013
8668.000000000011
10296.25000000001
9629.00000000001
9739.750000000011
9368.000000000007
9570.000000000011
9556.000000000011
9942.25000000001
10517.00000000001
9778.25000000001
11436.000000000015
9784.25000000001
12284.000000000015
9743.750000000007
12452.000000000015
8666.75000000001
12636.00000000001
8059.250000000007
13729.000000000011
8771.00000000001
12988.00000000001
9253.00000000001
12722.000000000015
9171.00000000001
13939.000000000015
9256.50000000001
14464.000000000015
9132.750000000011
14395.000000000013
8643.500000000007
13976.000000000015
7780.500000000009
14149.000000000007
8105.50000000001
14762.000000000018
9081.250000000011
13580.000000000015
9750.250000000007
13307.00000000001
9746.75000000001
13972.00000000002
9629.250000000011
14583.000000000015
9375.25000000001
14374.00000000001
8662.00000000001
14078.000000000015
7137.000000000007
13982.000000000007
5701.750000000006
14019.000000000011
5663.0000000000055
14722.000000000018
6208.0000000000055
14396.000000000018
7428.500000000007
14256.000000000016
9331.00000000001
14763.000000000016
9858.75000000001
15366.000000000016
10000.750000000011
16700.00000000002
10225.00000000001
16826.00000000001
10282.25000000001
16472.00000000001
10037.250000000013
16044.000000000016
9869.750000000011
15746.000000000018
9967.75000000001
15224.000000000016
10142.750000000011
14899.000000000015
10113.000000000011
15261.000000000018
10057.250000000007
14899.000000000016
9988.750000000011
14263.000000000011
9925.500000000011
14006.000000000015
9994.00000000001
13884.000000000016
10257.75000000001
14142.000000000015
10293.500000000011
14062.000000000015
10546.75000000001
13903.000000000015
10614.750000000013
13925.000000000015
10603.50000000001
14119.000000000016
10766.000000000011
14150.000000000016
10948.500000000011
13976.000000000015
11082.000000000013
14274.000000000015
11329.250000000013
14668.000000000016
11222.25000000001
14794.000000000016
11038.500000000011
14889.000000000016
11111.500000000013
15213.000000000015
11033.75000000001
15475.000000000016
10998.75000000001
15638.000000000018
11174.750000000013
15751.000000000016
10997.250000000011
15880.000000000018
11045.250000000011
15769.000000000016
11187.750000000011
15725.000000000016
11607.500000000013
15828.000000000015
11756.500000000011
15873.000000000018
12487.000000000013
15864.000000000015
13196.750000000015
15819.000000000015
13504.000000000013
15808.000000000016
15284.000000000015
15851.000000000015
16525.000000000015
15900.000000000018
17121.500000000015
15854.000000000016
18123.75000000002
15882.000000000018