32604.000000000033
32640.000000000033
32014.25000000004
32312.000000000036
30075.750000000033
30257.000000000036
31708.750000000033
31426.000000000036
32152.500000000033
31483.000000000033
32113.500000000033
31208.000000000033
32101.750000000033
31059.000000000033
32085.500000000033
31056.000000000033
32114.250000000036
31161.000000000033
31495.250000000036
29524.000000000033
29919.250000000025
23266.000000000025
29607.50000000003
22655.000000000025
27962.000000000033
19942.000000000022
27160.50000000003
21146.00000000002
26800.50000000003
21846.000000000025
26164.000000000025
21228.000000000022
24955.000000000025
20742.000000000022
25839.250000000025
22810.000000000025
25380.25000000003
22081.000000000025
23462.25000000002
20787.000000000022
22513.250000000022
22728.000000000025
22954.750000000025
23276.000000000025
23244.250000000022
23455.000000000025
21427.000000000022
23253.000000000015
19721.50000000002
24684.000000000022
20364.000000000025
25956.000000000025
21016.750000000022
25000.00000000002
20682.50000000002
24941.00000000003
20918.500000000022
26509.00000000002
19192.000000000015
25774.000000000025
18780.00000000002
26842.000000000025
19292.25000000002
28001.00000000002
19041.75000000002
26879.000000000033
18423.750000000022
26356.00000000003
18576.50000000002
28277.00000000003
18046.00000000002
28029.00000000003
16154.750000000016
26949.000000000033
17178.000000000015
28578.000000000025
16827.750000000015
28755.000000000033
15943.250000000016
26995.000000000036
15324.750000000015
27489.000000000033
15171.500000000013
29256.000000000022
13949.250000000015
28674.000000000033
12893.000000000015
28637.00000000003
14080.750000000015
29497.00000000003
13632.250000000015
30561.00000000003
17408.500000000015
30889.000000000033
19610.00000000002
30813.000000000033
17840.00000000002
30767.000000000033
17523.50000000002
30746.000000000033
17923.50000000002
30778.000000000033
17662.25000000002
30788.00000000002
17042.75000000002
30766.000000000033
17702.25000000002
30578.000000000036
18232.00000000002
30192.000000000025
17916.25000000002
29615.00000000002
17414.25000000002
29568.000000000036
17935.00000000002
29757.000000000033
18408.000000000022
29452.000000000025
18457.250000000015
29776.00000000003
17470.50000000002
29495.000000000025
18568.75000000002
28861.000000000036
19380.50000000002
28934.00000000003
19577.75000000002
29666.000000000036
19972.00000000002
29563.000000000036
19966.00000000002
29528.000000000033
20845.250000000022
30025.000000000033
20804.75000000002
30438.000000000033
20074.000000000022
30510.000000000036
21244.750000000025
30527.000000000036
21380.500000000025
30538.00000000003
22251.250000000022
30514.000000000036
21646.500000000022
30554.000000000033
22595.750000000022
30511.000000000025
22618.250000000022
30464.000000000033
23445.75000000002
30545.000000000033
24477.750000000022
30533.00000000003
24848.50000000003
30479.000000000033
26766.50000000003
30542.000000000036
29666.000000000033
30508.000000000033
31483.500000000036
30549.000000000033
31724.25000000003
30722.00000000003
29494.75000000003
28746.00000000002
18265.50000000001
18804.00000000001
24287.500000000007
24632.00000000002
29873.00000000003
29951.00000000002
29993.500000000033
31883.000000000036
29753.000000000033
32094.000000000036
32615.000000000036
32640.000000000033
32640.000000000033
32640.000000000033