9140.250000000007
8754.00000000001
8791.250000000007
8626.000000000005
8618.75000000001
8666.000000000007
8280.00000000001
8741.00000000001
8417.000000000007
8907.000000000005
8815.50000000001
8728.000000000007
9255.00000000001
8501.00000000001
10097.75000000001
8198.000000000005
13307.000000000015
7954.00000000001
11288.000000000013
7808.000000000007
10230.750000000011
7642.000000000007
10446.000000000011
7837.000000000009
10596.00000000001
7830.000000000008
10697.250000000011
7983.000000000009
10807.750000000007
8379.00000000001
10877.000000000011
8448.000000000004
11130.250000000013
8909.00000000001
11218.250000000011
9426.000000000011
11577.500000000013
9291.000000000007
11172.25000000001
9604.000000000007
10395.500000000011
9079.000000000007
9363.50000000001
9315.000000000007
9195.50000000001
9477.00000000001
9679.500000000011
10064.00000000001
9555.500000000011
10191.000000000011
10145.250000000011
10743.000000000013
11255.000000000011
11572.000000000011
11034.500000000011
12344.000000000011
9870.000000000011
12981.000000000015
9561.25000000001
14258.000000000013
10304.250000000011
15149.000000000015
10282.250000000011
15669.000000000013
9776.000000000011
15745.000000000018
10405.750000000011
16357.000000000016
10710.250000000011
19210.000000000022
10435.000000000011
19452.000000000015
10273.75000000001
16501.00000000002
10604.750000000013
16235.000000000016
10952.500000000013
17069.00000000001
11494.500000000011
18946.00000000002
11524.00000000001
18782.000000000015
11279.500000000013
17348.000000000015
11078.250000000011
16270.000000000016
10870.250000000011
14660.000000000016
11090.750000000013
13783.000000000016
11118.75000000001
14331.000000000016
11731.500000000013
14506.000000000011
12236.500000000013
16515.00000000002
12030.000000000013
17398.000000000022
11520.250000000013
16899.00000000001
11140.750000000013
14326.000000000018
11341.000000000015
12455.00000000001
12122.500000000015
13387.000000000007
12625.500000000015
13511.000000000013
12282.500000000013
14402.000000000015
11739.000000000013
14985.000000000015
11360.250000000013
13922.000000000013
11666.25000000001
15294.000000000013
11600.750000000011
15390.000000000016
11731.000000000011
15073.000000000018
11189.750000000011
18253.00000000002
10761.750000000011
18724.000000000007
10609.250000000011
17606.000000000015
11639.000000000013
16425.00000000002
11724.250000000013
15315.000000000016
10238.75000000001
14309.000000000016
9150.50000000001
12714.00000000001
9998.000000000011
11997.00000000001
9678.00000000001
11118.000000000011
9557.00000000001
8981.000000000011
8888.25000000001
7984.000000000008
8288.750000000007
6441.000000000006
7793.500000000008
5179.000000000004
5951.7500000000055
4220.000000000005
4741.500000000005
3874.000000000004
3855.2500000000036
3850.000000000004
3734.2500000000036
3887.0000000000036
3714.7500000000045
3873.000000000003
3637.2500000000036
4123.000000000005
3570.0000000000036
5215.0000000000055
3294.7500000000036
7252.000000000008
3319.250000000003
9249.00000000001
3242.0000000000036
9795.00000000001
3240.000000000003
8941.000000000007
3390.5000000000036
7474.0000000000055
3575.250000000004
6482.000000000006
3714.5000000000036
6186.0000000000055
3922.500000000004
6005.000000000006
3965.0000000000036
5556.000000000004
4242.000000000004
5202.000000000006