32640.000000000033
32640.000000000033
32640.000000000033
32640.000000000033
32640.000000000033
32640.000000000033
32640.000000000033
32640.000000000033
32640.000000000033
32640.000000000033
32640.000000000033
32636.000000000033
32634.250000000036
32608.000000000033
32634.500000000036
32629.000000000036
32629.500000000033
32633.000000000036
32582.500000000033
32620.000000000033
30661.250000000033
29140.000000000036
29469.750000000033
20843.000000000025
28079.500000000025
16500.00000000002
26611.000000000025
10180.000000000011
25948.500000000025
4747.000000000006
25390.50000000003
6489.000000000006
24972.750000000025
8270.000000000007
23068.500000000022
5324.000000000006
21692.000000000022
7404.000000000008
20658.00000000002
8611.000000000005
20321.500000000022
5884.000000000005
19956.250000000025
6356.000000000009
18910.25000000002
8794.000000000005
17343.50000000002
9986.000000000013
15845.000000000016
8929.00000000001
16701.25000000002
9939.000000000007
17385.250000000015
12642.000000000007
17384.250000000015
14215.000000000016
17280.25000000002
14639.000000000013
16290.500000000016
14875.000000000013
15457.250000000018
15149.000000000015
16209.250000000016
16560.000000000022
16624.500000000015
17599.00000000002
16585.75000000002
18813.00000000002
15143.750000000015
18938.00000000002
12985.000000000015
18355.000000000015
12264.500000000013
18921.000000000022
12119.750000000013
19031.00000000002
13078.250000000015
18634.00000000002
13787.000000000011
20239.000000000022
13522.000000000013
20891.000000000022
13272.750000000013
21005.000000000015
12131.750000000013
21352.000000000022
9409.25000000001
22975.000000000025
8357.75000000001
22471.000000000025
8979.75000000001
23377.000000000015
9808.500000000011
27472.00000000003
13460.250000000015
31852.000000000036
16807.25000000002
32298.000000000033
15935.750000000015
30487.000000000033
15316.250000000016
29387.00000000003
15181.250000000015
29163.00000000003
15407.500000000016
27434.00000000003
16248.500000000016
26325.00000000002
16243.500000000018
26967.00000000003
15887.750000000015
26178.000000000022
15596.500000000015
25193.00000000003
15741.000000000016
24962.000000000022
15751.500000000013
24174.00000000002
15801.500000000016
25295.000000000015
17087.25000000002
25084.000000000022
17621.000000000015
25960.00000000003
17775.50000000002
25627.00000000003
17799.500000000015
25432.00000000003
17978.75000000002
25287.00000000002
18187.50000000002
25601.000000000033
18295.25000000002
26877.00000000003
18413.25000000002
27073.000000000033
18340.500000000022
28334.000000000025
18481.250000000025
28765.00000000003
18638.25000000002
29237.000000000033
18473.50000000002
30076.000000000033
18229.25000000002
31762.000000000036
18592.25000000002
32628.000000000036
19874.75000000002
32603.000000000036
22027.750000000025
32640.000000000033
22967.500000000022
32640.000000000033
24277.250000000025
32640.000000000033
27183.50000000003
32640.000000000033
29323.25000000003
32640.000000000033
32136.250000000033
32640.000000000033
32636.00000000004
32640.000000000033
32635.000000000036
32640.000000000033
32636.25000000003
32640.000000000033
32640.000000000033
32640.000000000033
32640.000000000033
32640.000000000033
32640.000000000033
32640.000000000033
32640.000000000033
32640.000000000033
32640.000000000033
32640.000000000033
32640.000000000033
32640.000000000033