5703.500000000006
5840.000000000007
5813.250000000006
6057.0000000000055
5885.000000000005
6178.000000000007
5842.0000000000055
6200.000000000006
5810.0000000000055
6505.000000000008
5813.0000000000055
6874.000000000005
5805.5000000000055
6898.000000000007
5813.250000000006
7041.000000000006
5794.7500000000055
7157.000000000007
5678.500000000006
7170.000000000007
5583.5000000000055
7375.0000000000055
5573.7500000000055
7691.000000000008
5550.7500000000055
7860.000000000008
5673.750000000006
7882.000000000008
6087.250000000006
7917.000000000009
7005.250000000007
7821.000000000008
8619.750000000007
7744.000000000008
10149.25000000001
7865.000000000009
11511.00000000001
7815.000000000008
12039.500000000011
7722.000000000008
12619.000000000015
7896.000000000007
12775.000000000013
7985.000000000008
12082.750000000015
8593.00000000001
11733.250000000013
10924.000000000013
11123.000000000011
13533.000000000016
11042.25000000001
14660.000000000016
11400.250000000011
14139.000000000016
12047.250000000013
12965.000000000016
11436.750000000011
12990.000000000015
10876.50000000001
12598.000000000013
11030.750000000011
11177.000000000011
11212.750000000011
11511.000000000011
11339.500000000011
11417.000000000011
10656.50000000001
12138.000000000007
9023.25000000001
13394.000000000011
7872.250000000009
12957.00000000001
7719.250000000006
11284.000000000011
7589.750000000006
10225.000000000013
7650.500000000009
9973.00000000001
7211.2500000000055
10351.000000000013
7464.250000000007
10231.000000000011
7503.750000000006
10898.000000000011
7491.000000000007
13282.000000000013
7812.750000000008
14356.000000000015
7656.500000000008
13817.000000000016
7520.750000000008
11577.000000000013
7814.250000000007
11967.00000000001
8108.500000000007
12314.000000000015
8019.250000000006
13046.000000000015
7719.250000000006
12454.00000000001
7590.500000000007
11007.000000000011
7625.500000000008
11333.000000000013
7772.750000000009
11590.000000000007
7979.250000000008
10998.000000000013
7280.750000000008
9918.00000000001
7287.500000000008
9962.000000000007
6861.250000000007
10812.000000000013
6765.750000000006
9271.00000000001
6252.250000000006
7901.000000000007
6145.500000000006
8245.000000000005
7073.500000000007
9266.000000000005
7744.250000000008
8400.000000000007
7887.500000000007
8103.000000000008
8112.500000000008
8950.000000000011
7835.500000000008
9532.000000000011
7828.000000000008
9909.000000000011
7944.000000000008
9328.000000000011
6930.0000000000055
8273.00000000001
5288.2500000000055
9116.000000000007
4811.000000000005
10398.000000000011
5392.5000000000055
11161.000000000015
5825.500000000006
11778.000000000011
6474.500000000007
12468.00000000001
6354.7500000000055
13033.00000000001
6135.2500000000055
13701.000000000015
6044.250000000006
15190.000000000016
6111.500000000006
16452.000000000015
6154.000000000006
16110.000000000015
6252.000000000006
13886.000000000018
6349.250000000007
12792.000000000015
6415.0000000000055
13729.000000000011
6490.750000000006
14023.00000000001
6533.250000000007
13520.00000000001
6633.500000000006
13092.000000000015
6664.500000000006
12796.000000000013
6558.000000000006
12436.000000000016
6429.500000000007
10945.000000000011
6387.7500000000055
10203.000000000011
6268.250000000006
9653.00000000001
6154.250000000005
8979.000000000007