9422.00000000001
9709.000000000011
9357.25000000001
9740.000000000011
9330.00000000001
9755.000000000011
9275.50000000001
9814.000000000005
9203.00000000001
10046.000000000007
9134.00000000001
10363.000000000011
9033.00000000001
10778.000000000011
8959.500000000007
11012.000000000011
8903.000000000007
11212.000000000013
8813.50000000001
11188.000000000013
8768.25000000001
10838.000000000013
8470.75000000001
10453.00000000001
8226.25000000001
10223.00000000001
8146.000000000007
9958.000000000005
8209.75000000001
9733.000000000007
8225.000000000007
9590.000000000011
8216.75000000001
9668.00000000001
8178.750000000008
9913.000000000011
8104.500000000008
9925.000000000011
8076.000000000008
9758.00000000001
8110.500000000008
9548.000000000011
8150.750000000009
9362.000000000011
8196.75000000001
9229.000000000011
8317.25000000001
9271.00000000001
8430.50000000001
9175.000000000011
8635.250000000007
9039.000000000007
9098.00000000001
8935.000000000011
9147.000000000007
8881.000000000007
9215.000000000011
8914.000000000005
9929.750000000011
8915.000000000005
9444.000000000007
9086.000000000007
7307.000000000007
9379.000000000005
7228.250000000007
9346.00000000001
6830.250000000008
9293.00000000001
6387.2500000000055
9053.000000000005
6385.750000000006
8645.00000000001
6372.250000000007
8587.000000000005
6008.250000000007
8639.00000000001
6542.750000000007
8732.000000000005
5598.250000000006
8788.000000000007
4682.2500000000055
8776.00000000001
4942.2500000000055
8796.000000000007
5168.2500000000055
8947.000000000011
4987.250000000005
8976.000000000005
4258.000000000005
8993.00000000001
4259.250000000005
8999.000000000011
5015.000000000005
9021.00000000001
5383.250000000005
9015.00000000001
5041.7500000000055
8956.000000000007
4885.500000000005
8667.000000000007
4737.250000000004
8261.000000000005
4585.750000000005
8415.000000000007
4975.0000000000055
9724.000000000011
5651.7500000000055
8496.000000000005
5001.000000000005
7139.0000000000055
5668.7500000000055
9374.000000000011
6027.7500000000055
10833.000000000013
5620.0000000000055
9449.000000000011
5913.250000000006
7497.0000000000055
6151.250000000007
5392.0000000000055
6392.0000000000055
6389.000000000004
6336.750000000007
8165.000000000008
6317.000000000007
9175.000000000011
6094.250000000006
9352.000000000007
5539.000000000005
7458.000000000007
5786.500000000006
6810.000000000008
6282.000000000006
5635.000000000007
7225.500000000007
5648.000000000006
7089.000000000008
6252.000000000008
7191.750000000007
6587.000000000008
7380.500000000008
7022.000000000006
8107.250000000008
5795.000000000004
8389.25000000001
7169.0000000000055
8448.750000000007
8465.00000000001
8883.250000000011
10975.000000000011
9539.250000000007
11045.000000000013
9850.25000000001
11130.000000000013
9937.500000000011
11226.000000000011
10403.250000000011
11260.000000000013
10249.75000000001
11280.000000000011
9880.00000000001
11304.000000000013
10290.50000000001
11391.000000000015
10779.500000000013
11439.000000000011
10456.00000000001
11503.000000000013
9848.750000000011
12060.000000000015
9796.75000000001
12721.000000000015
9886.50000000001
13088.000000000015
10056.75000000001
12995.000000000016
10447.750000000011
12918.000000000013
10817.000000000011
13278.000000000015