100.00000000000007
16.000000000000004
0.0
0.0
0.0
0.0
0.0
0.0
0.0
0.0
0.0
0.0
28.250000000000036
32.00000000000002
469.25000000000057
33.000000000000014
1262.0000000000014
1083.0000000000014
1390.7500000000014
4356.000000000004
1133.750000000001
5439.000000000006
1335.7500000000011
4398.000000000004
1791.0000000000018
4064.000000000005
2416.0000000000027
5921.000000000007
3194.000000000003
5106.0000000000055
3160.000000000003
4548.000000000005
3207.0000000000027
6323.000000000003
3456.5000000000036
5965.0000000000055
4225.000000000005
3987.000000000003
4396.0000000000055
5001.0000000000055
4258.750000000005
5725.0000000000055
3881.500000000004
4626.0000000000055
3396.5000000000027
3530.000000000003
4254.000000000005
3534.000000000003
5003.0000000000055
4139.000000000004
5325.5000000000055
4054.0000000000045
5409.5000000000055
3472.0000000000036
5586.750000000005
3262.0000000000023
4695.2500000000055
3329.0000000000014
5650.0000000000055
2491.0000000000027
6576.500000000006
3008.000000000002
6888.250000000006
3548.0000000000036
6960.500000000006
3294.000000000003
6931.750000000006
2336.000000000002
6256.000000000007
2979.0000000000027
6303.250000000007
2842.000000000003
7609.250000000006
1776.0000000000018
8156.000000000008
1909.0000000000011
8311.00000000001
2455.0000000000023
8200.75000000001
2156.0000000000023
8586.50000000001
1786.0000000000016
7172.500000000007
2013.0000000000018
5109.0000000000055
1777.0000000000014
4297.000000000005
827.0000000000009
4128.500000000005
230.00000000000026
4229.000000000005
2.0000000000000004
5643.750000000006
2.0000000000000004
6690.2500000000055
0.0
6602.750000000006
0.0
6643.750000000006
0.0
7515.750000000007
0.0
7617.000000000008
0.0
7363.000000000006
0.0
7755.500000000007
2.0000000000000004
8184.000000000006
0.0
7820.250000000008
0.0
7664.750000000008
5.000000000000003
8216.250000000007
100.00000000000009
8283.500000000005
517.0000000000002
8220.750000000007
489.0000000000005
8136.000000000007
530.0000000000003
7873.500000000008
627.0000000000002
7581.250000000008
636.0000000000002
7442.250000000006
463.00000000000045
7700.500000000007
815.0000000000008
7499.250000000007
605.0000000000005
7665.750000000006
328.0000000000004
7683.000000000006
285.00000000000017
7575.500000000007
284.0000000000003
7021.500000000006
71.00000000000007
6970.750000000006
0.0
6879.7500000000055
0.0
6084.750000000006
2.0000000000000004
5481.250000000005
1.0000000000000002
4271.0000000000055
1.0000000000000002
3763.7500000000036
0.0
5275.000000000005
0.0
3137.0000000000036
0.0
2868.2500000000027
0.0
3669.000000000005
0.0
2598.7500000000023
0.0
3037.7500000000027
0.0
1264.7500000000014
0.0
72.00000000000006
0.0
485.0000000000004
0.0
694.0000000000008
0.0
85.0000000000001
0.0
2.0000000000000004
0.0
0.0
0.0
0.0
0.0