6188.250000000006
2697.000000000003
7064.250000000006
2774.0000000000027
8349.250000000007
2797.000000000003
8588.500000000007
2665.0000000000027
8183.750000000008
2368.0000000000023
7342.250000000007
2487.0000000000023
6960.250000000008
2943.000000000002
7150.000000000009
3989.0000000000036
7120.500000000008
5017.0000000000055
7325.250000000008
6307.000000000007
7278.500000000006
6747.000000000008
7299.500000000007
5884.000000000005
6911.500000000007
4843.0000000000055
6504.5000000000055
3710.0000000000036
7869.750000000008
2949.0000000000027
10114.750000000011
2749.0000000000027
10490.750000000011
2363.000000000002
9997.750000000007
2354.0000000000023
10322.000000000011
2654.0000000000023
11172.000000000013
3105.0000000000027
11502.000000000011
3920.000000000005
12403.750000000013
4780.0000000000055
13092.500000000013
6518.000000000008
12185.50000000001
8190.00000000001
11429.500000000011
8079.000000000009
12098.750000000013
7935.000000000009
13319.750000000015
7648.000000000008
14142.000000000015
6913.000000000007
14016.500000000013
6881.000000000007
13979.500000000016
8142.000000000009
13993.750000000013
9674.000000000013
14545.000000000016
10491.000000000011
12903.500000000013
12766.000000000013
9655.000000000011
14179.000000000016
8607.00000000001
11695.000000000007
7208.000000000008
11032.000000000013
7301.000000000006
8990.00000000001
7683.000000000008
7741.000000000008
6547.000000000006
7099.000000000008
6926.250000000006
7666.000000000009
7163.000000000007
7004.000000000009
6985.000000000007
7067.000000000008
6322.500000000007
7596.000000000007
6574.5000000000055
7776.000000000009
7547.000000000006
8014.000000000008
7336.250000000007
12312.000000000011
7453.750000000007
14704.000000000011
7134.2500000000055
12377.00000000001
7280.500000000006
12227.000000000015
7716.500000000008
12767.000000000015
7702.750000000006
10847.000000000013
7320.500000000007
9857.000000000013
7713.500000000008
8930.000000000005
7756.750000000006
6811.0000000000055
7551.500000000007
5869.000000000005
7610.750000000008
6287.000000000007
7749.750000000008
6024.000000000004
8651.75000000001
6088.0000000000055
9523.500000000007
5510.0000000000055
10192.750000000011
3956.000000000004
10180.500000000011
3293.000000000003
9322.50000000001
2999.0000000000023
7982.500000000008
3555.0000000000036
8177.000000000009
4048.0000000000045
8109.000000000007
4062.0000000000036
8801.50000000001
3792.0000000000045
10195.75000000001
3661.000000000004
11296.500000000011
4171.000000000005
9926.750000000013
4365.000000000005
8844.00000000001
3842.000000000004
8203.25000000001
3276.0000000000027
7608.000000000008
3043.000000000003
7070.0000000000055
2331.0000000000023
6505.250000000006
3023.000000000002
6774.250000000006
4034.000000000004
7844.500000000008
5348.000000000005
8886.25000000001
7833.000000000009
8513.25000000001
10946.000000000013
8013.000000000008
12395.000000000013
8299.50000000001
10381.000000000013
8091.750000000009
6200.0000000000055
7620.250000000006
3176.000000000003
8277.50000000001
2143.0000000000014
8154.750000000007
2093.0000000000023
7584.500000000008
1673.0000000000011
7367.5000000000055
2213.0000000000023
6903.500000000007
3044.0000000000027
6070.500000000006
3266.0000000000023
5253.000000000005
2583.0000000000027
4945.750000000005
2603.0000000000027