32565.500000000033
32474.000000000036
32563.500000000033
32466.000000000036
32562.000000000033
32482.00000000003
32561.000000000033
32480.000000000033
32505.50000000003
32514.000000000033
31136.75000000003
29741.00000000003
30316.750000000033
24673.000000000022
29277.250000000025
23140.000000000022
27722.000000000025
19844.000000000022
27661.50000000003
14637.000000000016
27698.00000000003
13621.000000000015
26793.25000000003
13924.000000000016
25503.500000000025
11123.000000000011
25843.750000000025
10420.000000000013
26678.250000000025
13563.000000000015
25167.250000000025
17832.000000000022
22828.750000000022
17121.000000000007
21831.250000000022
12520.000000000007
22608.750000000022
11973.000000000013
22340.250000000022
15395.000000000015
21821.500000000025
15763.000000000013
20384.000000000022
14501.000000000013
18093.00000000002
13461.000000000015
17445.00000000002
14126.000000000015
19504.750000000022
18535.000000000022
21112.750000000022
20198.000000000015
21192.75000000002
19971.00000000002
20890.250000000022
18987.00000000001
21063.000000000022
19832.000000000015
19342.000000000022
18074.00000000001
18750.50000000002
16971.00000000002
20236.500000000022
19377.000000000022
20834.50000000002
21498.000000000022
20956.500000000022
22078.00000000002
20692.000000000022
21899.000000000022
20085.50000000002
21554.000000000015
18838.75000000002
22558.000000000022
17597.25000000002
20178.000000000022
18001.50000000002
19248.00000000001
18490.250000000022
21943.000000000022
18483.000000000022
23504.00000000002
18942.00000000002
23906.00000000003
18400.25000000002
23464.00000000001
17911.50000000002
23435.00000000003
17308.250000000015
24407.00000000002
13726.750000000015
23732.000000000025
8409.75000000001
20996.00000000002
6491.750000000006
21525.000000000025
5768.5000000000055
23179.000000000022
6850.250000000006
26032.00000000003
11327.000000000011
29388.000000000025
16914.500000000015
28660.00000000003
18327.250000000015
27341.000000000025
17214.50000000002
25794.00000000003
16913.750000000015
25832.000000000025
18428.25000000002
25487.00000000003
18906.250000000022
24927.00000000003
18881.25000000002
24890.000000000025
18934.50000000002
24617.00000000002
18732.250000000022
24205.000000000025
19248.000000000022
24512.00000000002
19685.50000000002
23377.000000000015
19802.250000000022
25031.00000000003
19472.75000000002
25798.000000000033
18809.50000000002
25597.00000000003
19441.250000000022
25816.00000000003
20683.250000000022
25228.00000000003
21111.250000000022
24593.000000000025
21368.250000000022
24870.000000000022
21390.25000000002
24784.00000000002
21712.50000000002
25334.00000000002
22263.500000000022
25751.00000000003
22820.750000000022
25426.00000000002
22954.500000000022
25040.000000000025
22681.000000000025
24061.000000000022
22713.250000000025
25430.00000000003
23335.250000000022
27005.000000000033
23252.000000000022
27976.000000000022
23126.250000000025
29472.00000000003
22475.750000000022
29850.000000000033
21973.000000000022
30276.000000000033
22735.250000000022
30664.000000000025
21659.75000000002
31765.000000000033
23044.500000000022
32598.000000000033
24787.000000000022
32630.000000000033
24954.75000000003
32636.000000000033
25989.250000000025
32640.000000000033
28451.75000000003
32640.000000000033
31639.000000000036
32640.000000000033
32638.000000000033
32640.000000000033