16274.750000000015
18215.00000000002
16000.750000000015
17775.000000000015
16009.250000000018
17202.00000000002
15705.750000000016
17829.00000000001
15319.000000000015
18358.000000000022
15323.250000000015
18809.000000000022
15263.000000000013
18921.000000000022
15180.750000000018
18550.00000000002
15485.750000000016
18031.000000000022
15985.000000000015
18086.00000000002
16209.250000000016
18034.000000000015
16192.250000000016
17424.000000000015
15818.750000000013
17270.000000000022
15867.25000000002
17886.00000000002
16054.000000000016
17552.00000000002
16197.250000000016
16725.000000000015
15892.00000000002
17204.00000000001
15416.250000000013
18205.00000000002
14908.500000000016
18442.000000000022
14380.000000000013
18256.00000000001
14088.000000000013
18136.00000000001
14190.500000000015
17292.00000000002
13296.000000000013
16658.00000000001
12237.500000000013
15400.000000000011
11487.750000000011
14535.000000000015
10493.250000000011
14530.000000000016
11216.500000000013
14006.000000000015
11718.750000000013
13692.000000000007
12018.000000000011
14002.000000000016
11602.500000000011
13643.00000000001
10719.000000000011
14016.000000000015
10004.750000000011
13425.000000000011
9623.75000000001
14367.000000000016
10248.75000000001
13109.00000000001
10639.00000000001
11724.00000000001
10463.750000000011
13217.000000000015
10846.750000000011
15920.000000000015
11226.750000000011
15302.000000000015
10857.750000000011
15572.000000000016
10778.00000000001
17242.000000000015
11540.00000000001
17913.000000000015
11895.500000000013
16650.000000000015
12030.500000000011
16952.000000000015
12152.750000000013
17105.000000000015
11464.750000000011
15657.000000000018
11418.000000000011
14497.000000000015
11874.500000000013
14482.000000000015
12440.25000000001
14794.000000000016
12392.500000000011
14753.00000000002
11776.500000000013
14818.000000000018
11970.250000000013
15581.000000000016
12901.000000000016
15828.000000000018
13251.000000000013
15182.000000000018
13151.500000000016
14811.000000000011
13536.500000000015
15284.000000000015
13882.250000000015
15391.000000000016
13532.250000000015
15132.000000000015
14288.000000000016
14959.000000000013
14492.500000000013
16094.000000000018
14722.250000000015
16174.000000000016
14140.750000000015
15445.000000000018
13940.000000000015
15174.000000000016
14372.000000000015
14755.000000000015
14991.500000000015
14312.00000000001
15059.250000000013
14340.000000000015
14780.000000000016
14238.000000000013
14735.500000000016
14707.000000000018
14429.000000000016
15350.000000000015
14629.000000000015
15748.000000000018
14565.500000000018
17075.000000000015
14863.750000000018
18133.00000000001
15049.750000000015
18410.00000000001
15703.500000000016
17639.000000000015
14747.250000000016
16207.000000000018
14762.750000000016
15269.000000000015
14751.000000000015
13643.00000000001
14615.000000000016
12461.000000000013
13778.250000000015
12545.00000000001
13579.750000000013
12436.000000000015
15397.750000000015
11672.000000000011
12745.250000000015
10460.00000000001
10612.00000000001
10155.00000000001
10776.000000000013
10568.000000000005
11291.250000000011
11345.000000000011
13958.250000000015
10803.000000000013
14341.250000000015
10374.000000000011
13975.750000000013
12186.000000000013
14299.750000000016
14072.000000000016
14309.750000000013
15092.000000000018
13941.250000000013
15854.000000000018