15499.250000000016
6945.000000000008
15177.000000000015
7282.000000000007
14595.250000000013
7491.000000000007
12446.250000000011
7429.000000000007
10305.750000000011
7487.000000000006
11052.00000000001
7288.000000000004
12136.000000000013
7386.000000000008
11526.000000000013
7702.000000000007
11063.250000000011
7711.000000000008
10709.000000000011
7714.000000000006
10401.000000000007
7552.000000000009
10305.50000000001
7563.000000000006
9977.250000000011
7799.000000000008
10811.750000000011
7907.000000000008
10318.500000000011
7868.000000000008
9051.50000000001
9298.000000000011
9052.500000000007
9413.000000000007
8420.250000000007
8880.000000000007
9395.000000000011
10028.000000000011
10869.000000000013
10719.00000000001
11253.750000000011
10908.000000000013
11463.500000000011
10398.000000000011
10263.000000000011
11725.000000000013
10274.250000000011
11714.000000000013
10730.000000000011
11027.000000000013
9448.00000000001
10740.000000000013
8502.75000000001
10721.000000000011
8997.00000000001
10824.000000000011
8630.500000000007
10402.00000000001
8684.250000000011
11849.000000000007
8511.50000000001
13310.000000000016
8363.000000000007
13587.000000000013
7878.000000000007
14449.00000000001
8161.750000000008
13780.00000000001
8243.75000000001
11866.000000000013
7881.250000000008
13383.00000000001
8204.000000000007
13995.000000000015
8167.000000000008
11948.000000000011
8666.50000000001
12113.000000000011
8770.75000000001
12265.000000000015
8965.750000000011
12846.000000000011
9533.000000000011
13045.000000000015
9076.75000000001
12003.000000000013
8660.50000000001
10192.000000000011
9532.75000000001
9005.00000000001
9705.50000000001
8495.00000000001
9808.500000000011
9276.000000000007
9738.000000000011
9571.000000000013
9607.75000000001
8769.00000000001
9807.25000000001
7671.000000000008
9655.75000000001
7044.000000000004
9262.000000000011
8213.000000000005
9690.00000000001
8586.00000000001
9929.75000000001
9713.00000000001
9604.50000000001
10672.000000000011
9115.25000000001
10474.000000000011
8844.25000000001
9636.000000000011
8146.250000000008
9733.000000000007
8333.75000000001
10162.00000000001
8773.50000000001
10110.00000000001
8200.25000000001
9717.00000000001
8550.00000000001
9421.000000000007
10455.000000000011
9416.00000000001
11496.500000000011
9574.000000000011
12135.250000000013
9230.000000000007
11490.750000000013
8755.000000000005
11274.000000000011
8346.000000000007
10431.25000000001
7944.000000000006
10322.500000000011
7529.000000000009
11922.250000000015
7239.000000000007
13123.000000000013
7053.000000000006
13353.750000000016
6701.000000000008
13471.500000000013
6390.000000000006
12852.000000000013
5977.000000000004
11799.500000000011
5865.000000000006
10884.250000000011
5521.0000000000055
9902.25000000001
5290.000000000006
10896.000000000011
5104.000000000005
11720.25000000001
4805.0000000000055
10458.500000000011
4361.000000000005
10618.000000000013
4551.000000000005
10241.000000000011
4787.0000000000055
8911.00000000001
4872.000000000005
8867.00000000001
4456.000000000002
10040.75000000001
3679.0000000000036
10165.000000000011
3020.000000000003
9412.00000000001
3045.0000000000023
8340.75000000001
3554.0000000000027
6716.500000000006
3189.000000000004
5672.2500000000055
2984.0000000000023