0.0
0.0
12.250000000000004
2.0000000000000004
14.00000000000001
22.000000000000018
3807.500000000004
3603.000000000004
13297.250000000013
11959.000000000005
11233.500000000011
10484.000000000013
10502.500000000011
9696.000000000011
10646.000000000011
11387.000000000011
10054.250000000011
11104.000000000013
10505.250000000011
10708.000000000007
10137.500000000011
10448.000000000011
10240.750000000011
8045.000000000008
11139.750000000013
7102.000000000007
11883.500000000013
7440.000000000008
11746.750000000013
7781.00000000001
11773.500000000015
6589.000000000007
11874.750000000013
4961.0000000000055
11113.500000000013
3652.000000000003
10420.75000000001
4146.000000000004
9849.750000000011
6243.000000000007
10681.250000000011
5947.000000000004
11999.500000000011
5242.0000000000055
11442.250000000011
4240.000000000003
10755.500000000013
3408.000000000002
10743.750000000011
2833.0000000000027
10520.250000000011
2705.000000000003
10267.250000000011
4710.0000000000055
8266.25000000001
15151.000000000015
6227.500000000006
18419.000000000022
6804.000000000007
15333.000000000018
7999.250000000008
12151.000000000013
9205.25000000001
11584.000000000011
9428.25000000001
14542.000000000015
9086.00000000001
13397.000000000013
9444.250000000011
6460.000000000007
8726.000000000007
4384.000000000005
7678.250000000007
5677.0000000000055
7479.250000000007
4536.0000000000055
8724.50000000001
4318.000000000004
9785.75000000001
6377.0000000000055
10467.500000000011
6631.000000000005
11085.500000000011
5695.0000000000055
10801.750000000011
4420.0000000000055
10036.250000000011
3658.0000000000023
9873.25000000001
4461.000000000005
9622.25000000001
3937.000000000004
9951.75000000001
4432.000000000004
9810.75000000001
6082.000000000005
9997.250000000011
8218.000000000007
9791.25000000001
9890.000000000013
9503.50000000001
11377.000000000011
9252.75000000001
13220.000000000007
9321.25000000001
14289.000000000013
9060.25000000001
14279.000000000016
8738.250000000007
14853.000000000015
8703.000000000011
15189.000000000016
9609.50000000001
15376.000000000015
9999.25000000001
15843.000000000016
10417.750000000011
16082.000000000018
10883.00000000001
16607.000000000007
10736.000000000011
16924.000000000015
10785.750000000011
16934.00000000002
11090.250000000011
17181.000000000015
10857.000000000013
17359.00000000001
10347.750000000013
18128.00000000002
10419.50000000001
17484.000000000015
9536.250000000011
13322.00000000001
8904.750000000007
9636.000000000013
9040.500000000007
7565.000000000007
8355.750000000007
5641.0000000000055
8224.000000000007
4757.000000000005
8891.50000000001
3419.000000000004
8648.250000000007
2272.0000000000023
8330.25000000001
1862.000000000002
8817.75000000001
2097.0000000000023
8998.750000000007
2053.000000000001
8630.000000000007
1856.0000000000018
7692.750000000007
1537.0000000000014
7550.500000000008
1225.0000000000011
7745.500000000006
1059.0000000000011
7932.750000000008
1064.0000000000007
7743.000000000009
1087.0000000000011
6904.000000000007
1172.0000000000016
6656.250000000007
1804.0000000000018
6808.250000000007
3021.0000000000027
6360.000000000006
1848.0000000000018
1652.2500000000016
363.0000000000003
0.0
1.0000000000000002
0.0
0.0
0.0
0.0