15774.250000000016
12080.000000000013
15666.750000000016
11878.000000000007
15870.500000000015
11440.000000000013
16422.00000000002
11170.000000000013
16300.50000000002
11447.000000000011
15973.750000000016
11957.000000000013
16053.250000000015
12098.000000000011
16368.750000000018
12468.00000000001
16953.50000000002
12892.000000000011
17490.25000000002
12639.000000000013
17578.75000000002
11632.00000000001
17207.25000000002
10585.000000000011
17068.00000000002
9882.000000000011
17119.75000000002
9790.00000000001
16868.25000000002
9782.00000000001
16789.500000000015
9623.000000000011
17197.00000000002
9723.000000000005
17458.00000000002
9765.000000000011
18266.50000000002
9792.000000000011
18435.25000000002
10398.000000000011
17774.00000000002
10551.000000000011
17849.75000000002
9874.00000000001
16958.250000000015
9299.000000000007
13573.000000000013
9276.000000000007
11961.000000000011
9426.000000000005
11893.500000000011
9155.000000000007
12312.250000000013
9484.000000000011
11944.000000000011
9994.000000000011
11268.750000000011
9467.000000000007
11499.750000000011
8813.000000000011
11742.500000000011
8685.00000000001
11137.250000000011
8919.000000000007
11351.250000000013
8679.000000000011
11427.250000000013
7697.000000000009
11268.250000000013
7451.0000000000055
11521.000000000011
8237.000000000005
11894.000000000011
8967.00000000001
11772.750000000011
9235.000000000005
10954.500000000013
8669.00000000001
10952.500000000013
7669.000000000009
11086.000000000011
7277.000000000007
12221.000000000015
7333.000000000009
12123.750000000015
7621.000000000009
11534.250000000011
7778.000000000007
12123.000000000013
7429.000000000007
12351.000000000013
6863.000000000007
12014.500000000011
8003.000000000006
12137.000000000013
7775.000000000008
12105.000000000013
6845.000000000006
11729.500000000013
8075.000000000008
11843.750000000013
10069.000000000011
11226.000000000011
10151.000000000011
11224.750000000011
8532.00000000001
12195.750000000013
7218.000000000007
12743.500000000011
6001.000000000004
12540.000000000011
6080.0000000000055
11931.000000000011
7781.000000000007
11233.750000000011
8930.000000000005
10562.00000000001
8863.000000000011
10877.500000000011
8764.00000000001
12240.750000000013
7847.000000000008
11408.500000000013
5788.0000000000055
11514.750000000011
6197.000000000005
10700.750000000011
9372.000000000005
10656.500000000011
8682.000000000007
10536.000000000013
8685.00000000001
10540.000000000011
10714.000000000013
11167.250000000013
9981.000000000013
11601.250000000015
9549.000000000011
11229.500000000013
10378.000000000013
10935.500000000011
10274.000000000007
10620.750000000013
9362.000000000011
10548.500000000011
8903.000000000007
11255.000000000011
8255.000000000007
11902.000000000011
9126.00000000001
11613.250000000015
10211.000000000011
11763.250000000011
12287.00000000001
11259.500000000013
13441.000000000015
10855.750000000011
11423.000000000011
10673.500000000011
10654.000000000011
10460.75000000001
11940.000000000016
10786.50000000001
12615.000000000015
11412.500000000011
12731.000000000013
12211.000000000013
12681.00000000001
13123.250000000015
12904.000000000015
13489.500000000016
12826.000000000013
13344.250000000013
12681.00000000001
12939.250000000015
12167.000000000013
11866.250000000013
11497.000000000011
11674.500000000011
10978.00000000001