10330.000000000011
9674.000000000013
10607.250000000011
9368.000000000007
10879.250000000011
9143.000000000005
10789.000000000011
9303.000000000005
10656.500000000011
9660.00000000001
10488.750000000011
10009.000000000011
10340.25000000001
9632.000000000011
10309.500000000011
9257.00000000001
10280.750000000011
9055.000000000007
10333.000000000011
8675.000000000007
10447.500000000011
8276.000000000005
10479.000000000011
8257.00000000001
10682.250000000011
8202.000000000007
10866.750000000011
8240.000000000007
11116.750000000013
8334.00000000001
11475.250000000011
8529.000000000007
11815.500000000011
8811.000000000007
12083.250000000011
9073.00000000001
12195.250000000011
9442.000000000011
12189.750000000013
9916.000000000007
12415.250000000013
10031.00000000001
12742.500000000013
10477.000000000011
12700.750000000013
10868.000000000007
12615.500000000013
11214.000000000013
12778.250000000015
11886.000000000011
12538.500000000013
12679.000000000011
12443.250000000013
12939.000000000016
12557.500000000013
13328.000000000013
12176.000000000015
13775.000000000011
12019.750000000011
14626.000000000016
12104.250000000015
15306.000000000018
12724.500000000016
15986.000000000015
12991.750000000011
16767.00000000002
12679.000000000015
17235.00000000001
12619.250000000015
17869.00000000002
12970.500000000013
18602.000000000022
13361.750000000013
19407.000000000025
12848.250000000011
19899.00000000002
12255.750000000011
20213.000000000015
12806.750000000013
20311.00000000002
13490.250000000015
20264.00000000002
12940.750000000011
19961.00000000002
11883.000000000015
19923.000000000015
11451.000000000013
19774.000000000025
11925.000000000013
19287.000000000022
12973.250000000015
18727.00000000002
13337.000000000015
19328.000000000015
13018.750000000011
18673.000000000015
12584.250000000013
17175.000000000025
12721.500000000015
16387.000000000015
12997.250000000013
16002.000000000015
12664.500000000013
16783.000000000015
12888.000000000011
16643.000000000022
13914.750000000013
15339.000000000016
14091.000000000011
12378.00000000001
13522.500000000015
12278.000000000013
12985.750000000015
14338.000000000011
13170.750000000013
15676.000000000016
13254.000000000016
15324.000000000013
13432.000000000013
13758.000000000015
13314.750000000015
10470.000000000011
13314.500000000015
9173.00000000001
12798.000000000015
9712.000000000004
12721.250000000013
11702.000000000011
12321.250000000013
13896.000000000011
11814.500000000015
15125.000000000016
11378.75000000001
14672.000000000015
11063.750000000013
13463.000000000007
10837.750000000011
12349.000000000013
10855.000000000011
11489.000000000013
10369.000000000013
9663.000000000011
8219.50000000001
9222.000000000007
7400.250000000007
10535.000000000013
7853.750000000007
12310.000000000016
6484.750000000006
11592.000000000011
6073.7500000000055
9065.00000000001
6434.000000000006
9830.000000000013
6082.250000000006
8888.000000000007
6110.250000000006
7114.000000000006
5728.0000000000055
5275.000000000005
5083.000000000005
5195.000000000005
5302.500000000005
5330.0000000000055
5607.2500000000055
5389.0000000000055
6081.2500000000055
6170.000000000007
6526.250000000006
8321.000000000005
6682.250000000006
9790.00000000001
6678.250000000007
9977.000000000007
6673.500000000007
10114.000000000007
6690.750000000006
10341.000000000011
6731.250000000007
10633.000000000013