6897.000000000006
11761.000000000013
7125.7500000000055
11371.000000000011
7544.750000000007
11311.000000000013
7782.000000000008
11208.000000000011
7748.000000000007
10744.000000000013
8059.000000000008
10467.000000000013
9216.000000000007
11018.000000000011
10090.250000000011
11958.000000000013
10278.500000000011
12553.000000000015
10420.50000000001
13053.000000000016
10578.25000000001
13519.000000000013
10611.250000000011
13733.00000000001
10674.500000000011
13847.000000000013
10695.000000000011
13763.000000000015
10762.750000000013
13104.000000000011
11274.250000000013
12820.00000000001
11779.500000000011
13481.000000000013
12112.250000000011
12941.00000000001
12440.000000000013
12709.000000000011
12808.000000000013
12544.00000000001
13032.000000000015
10939.000000000013
13031.750000000013
9761.000000000005
13129.250000000015
10452.000000000013
13092.500000000013
11474.000000000013
13031.750000000013
12124.000000000007
13193.500000000013
11733.000000000011
13385.000000000013
11580.000000000013
13652.000000000015
11666.000000000007
13561.750000000015
11738.00000000001
13506.000000000015
11573.000000000015
13433.000000000013
11388.000000000011
13273.500000000013
11398.000000000013
13237.750000000011
11488.000000000013
12886.000000000016
11725.000000000013
10983.750000000015
11728.000000000013
9419.00000000001
12170.000000000007
9021.50000000001
12790.00000000001
8810.75000000001
13065.000000000015
8606.000000000007
12877.000000000011
8611.75000000001
12934.000000000015
8273.50000000001
12983.000000000011
8415.500000000007
13143.000000000016
8718.75000000001
13115.000000000013
8543.250000000007
13243.000000000016
8745.50000000001
13082.000000000016
8624.00000000001
13251.000000000007
8869.75000000001
13598.000000000015
8946.75000000001
14089.000000000016
8884.75000000001
14567.000000000011
8453.000000000007
15244.000000000013
8839.500000000011
15884.000000000016
9263.50000000001
16364.000000000011
9349.25000000001
16685.00000000001
9551.75000000001
16434.000000000015
9487.250000000011
16074.000000000016
9752.250000000007
15570.000000000015
9918.75000000001
14806.000000000011
10188.500000000011
14381.000000000016
10279.000000000011
14440.000000000016
9935.000000000011
14401.000000000016
10085.250000000011
14538.000000000015
10692.500000000013
14799.000000000015
11029.500000000013
14951.000000000018
10872.000000000013
15300.000000000015
10596.000000000013
16158.000000000018
10301.000000000011
17256.000000000015
10396.00000000001
18068.00000000002
10686.750000000011
18548.000000000022
10641.25000000001
18355.000000000015
10037.50000000001
17980.00000000002
10038.250000000011
17374.00000000001
9983.500000000011
17089.000000000015
9742.75000000001
16810.00000000001
9506.00000000001
16769.000000000015
9284.75000000001
16879.00000000002
9054.25000000001
16727.00000000002
8918.50000000001
16330.000000000018
8841.75000000001
16109.000000000018
8756.25000000001
16095.000000000015
8618.75000000001
16089.000000000015
8635.750000000007
16063.000000000018
8561.50000000001
15812.000000000015
8468.75000000001
16028.000000000016
8418.750000000007
11364.000000000013
8329.75000000001
3534.000000000003
8423.000000000011
11198.000000000013
8334.250000000007
11990.000000000015
8138.500000000009
5134.0000000000055
8188.250000000007
11733.000000000011
8154.000000000009
14695.000000000015