18079.50000000002
17810.00000000002
17864.250000000022
17552.00000000002
17826.75000000002
17524.00000000001
17785.25000000002
17528.000000000022
17700.250000000022
17477.00000000002
17656.250000000022
17428.00000000002
17629.00000000002
17420.00000000001
17605.50000000002
17380.000000000015
17580.25000000002
17416.00000000002
17543.25000000002
17450.000000000022
17521.500000000022
17418.00000000001
17495.000000000022
17398.00000000002
17430.250000000015
17304.000000000015
17367.75000000002
17257.000000000015
17150.750000000015
17147.000000000022
16157.250000000018
15344.000000000011
15139.500000000016
14159.000000000015
14135.000000000013
12278.000000000011
13762.750000000013
12372.000000000011
13249.500000000011
11453.000000000011
13020.500000000011
10866.000000000011
11785.750000000011
10979.000000000015
9014.000000000011
10243.000000000013
8009.000000000009
10412.000000000013
8147.7500000000055
11203.000000000011
7749.000000000007
10617.000000000007
7827.500000000006
10933.000000000013
6969.000000000006
12015.000000000007
6749.250000000006
12420.000000000011
6329.750000000005
13350.000000000016
6111.750000000006
13581.00000000001
6155.7500000000055
14824.000000000015
5837.500000000006
15715.000000000018
6239.5000000000055
17117.000000000015
6483.5000000000055
17192.00000000001
6515.500000000006
17215.000000000022
6535.750000000006
17259.000000000015
6522.250000000008
17331.000000000022
7204.250000000006
17386.00000000002
7721.500000000008
17451.000000000022
7042.750000000007
17506.00000000002
7283.500000000007
17545.000000000015
7398.250000000006
17291.000000000007
9236.00000000001
17144.00000000001
10257.25000000001
17296.00000000001
10944.750000000011
17467.000000000022
11505.000000000013
17577.000000000015
11214.500000000011
17518.000000000015
10731.000000000011
17555.00000000001
10416.500000000011
17488.00000000002
9907.00000000001
17813.00000000002
10613.750000000013
17585.00000000001
10727.250000000007
16689.00000000001
11493.00000000001
15601.000000000016
11813.000000000013
16023.000000000016
12516.00000000001
16415.00000000001
12466.500000000013
16390.000000000015
12670.000000000013
16464.000000000015
13047.250000000015
16277.000000000015
13356.000000000013
15909.000000000016
14518.500000000015
16246.000000000018
14841.500000000016
16101.000000000013
15283.750000000013
15898.000000000015
16162.500000000018
16499.00000000002
16643.00000000002
16805.00000000002
16668.250000000015
17071.00000000002
16701.000000000015
17202.00000000002
16621.75000000002
17307.000000000022
16671.500000000015
17436.000000000015
16761.750000000015
17494.00000000001
16987.25000000002
17623.000000000015
16972.00000000002
17802.000000000022
17103.000000000015
17952.000000000022
17147.75000000002
18024.00000000002
17386.75000000002
18012.00000000001
17430.00000000002
17959.000000000015
17436.250000000015
17952.00000000001
17479.00000000002
18035.000000000015
17539.50000000002
18067.000000000022
17517.50000000002
18036.000000000015
17467.750000000015
17904.00000000002
17383.50000000002
17781.00000000002
17350.250000000015
17534.000000000022
17347.75000000002
17357.00000000001
17352.250000000015
17331.000000000015
17373.750000000015
17408.000000000015
17391.250000000015
17544.000000000022
17437.750000000015
17668.000000000015
17455.75000000002
17682.000000000015
17655.25000000002
17793.000000000022