32398.000000000036
32360.000000000033
32414.000000000033
32360.000000000033
32382.000000000033
32348.000000000033
32361.000000000036
32380.000000000036
32326.000000000033
32384.000000000036
32356.000000000033
32408.000000000033
32335.000000000033
32436.000000000036
32371.000000000036
32412.000000000033
32395.000000000033
32484.000000000033
32386.000000000033
32516.00000000004
32313.00000000004
32408.000000000036
32247.000000000036
32324.000000000036
31972.00000000003
32344.000000000036
31997.000000000033
32380.000000000036
32098.000000000036
32384.000000000036
32230.000000000036
32452.000000000033
32234.000000000033
32444.000000000036
32222.000000000036
32284.000000000036
32264.000000000036
32420.000000000033
32269.000000000036
32436.000000000036
32224.000000000036
32420.00000000004
32187.000000000033
32436.000000000036
32045.500000000036
32436.000000000036
31474.250000000036
32440.000000000036
30994.25000000003
32492.000000000036
31075.75000000003
32504.000000000033
29432.75000000003
32492.000000000036
25820.750000000025
32496.000000000036
24354.750000000025
32504.000000000036
22479.250000000025
32484.000000000033
21777.500000000022
32428.000000000033
20687.750000000025
32170.000000000036
20014.250000000022
31107.00000000003
20045.000000000022
28718.00000000003
19295.250000000022
25580.00000000002
18887.00000000002
25306.00000000002
18489.75000000002
23440.00000000003
18570.500000000022
22281.000000000022
18254.750000000022
20374.000000000022
18230.50000000002
19230.00000000002
17730.500000000022
19759.000000000022
17406.25000000002
18651.00000000002
17428.000000000022
18968.000000000022
16779.750000000015
18930.000000000022
16280.250000000018
16358.000000000016
16260.500000000016
17251.00000000001
16183.500000000018
19012.00000000002
15714.000000000015
20260.000000000025
14739.250000000015
20702.000000000022
14839.250000000016
23121.000000000025
14566.750000000013
24733.000000000022
14702.000000000015
27038.000000000036
14474.500000000013
30881.000000000036
14953.250000000016
32404.000000000036
14608.500000000015
32407.000000000033
14826.250000000016
32518.000000000033
15335.750000000016
32516.000000000033
15463.250000000013
32520.000000000036
15625.750000000015
32496.000000000036
15704.250000000015
32496.000000000036
16216.000000000015
32496.000000000036
17740.75000000002
32500.000000000036
19973.750000000022
32484.000000000033
20623.50000000002
32448.000000000033
21286.250000000025
32420.000000000033
21449.500000000025
32424.000000000033
22433.750000000025
32472.000000000036
24065.50000000003
32476.000000000033
26116.250000000025
32360.000000000033
28134.000000000036
32364.000000000033
29629.75000000003
32320.000000000036
31307.750000000033
32244.000000000033
32095.250000000033
32264.000000000036
32048.000000000033
32256.000000000036
32023.000000000036
32072.000000000036
31994.000000000033
32000.000000000033
32030.000000000033
32168.000000000036
31959.750000000036
32176.000000000033
31964.25000000003
32153.000000000036
31971.50000000003
32121.000000000036
31953.250000000036
32079.000000000036
31938.750000000036
32087.000000000033
31982.750000000033
32045.000000000033
31876.250000000036
31941.000000000033
31805.250000000036
31929.000000000036
31902.250000000036
32077.000000000033
31821.250000000033
32023.00000000003
31829.750000000033
31934.00000000004
31845.000000000036
31810.000000000033
31848.750000000036
31800.000000000036