15013.500000000015
14772.000000000016
15368.500000000015
15495.000000000016
15634.750000000015
16624.00000000001
15090.750000000013
16220.000000000018
15358.500000000016
16612.00000000001
15858.750000000016
17063.000000000007
16325.750000000016
16308.000000000018
15443.000000000016
15730.000000000015
14774.500000000015
15743.000000000018
15185.750000000016
15214.000000000018
15685.000000000015
15626.000000000016
15560.750000000016
14260.000000000016
15157.000000000016
13895.000000000015
14886.250000000016
13682.000000000005
14967.250000000015
12652.00000000001
15055.000000000016
12605.00000000001
14963.750000000015
13238.000000000013
14748.750000000018
13545.000000000016
14356.500000000016
13577.000000000011
14481.750000000016
14344.000000000015
14727.500000000016
15359.000000000011
14358.500000000016
15640.000000000018
14143.750000000016
14547.000000000013
13792.750000000015
14985.000000000015
13297.000000000016
15228.00000000002
12460.500000000015
14536.000000000011
11582.250000000013
15372.000000000016
10910.750000000013
15567.000000000016
11221.000000000013
13694.000000000013
11371.000000000013
13386.000000000013
11618.000000000013
13044.000000000011
11045.00000000001
14819.000000000016
11203.500000000013
15624.000000000018
10443.00000000001
14012.000000000016
11079.250000000011
13798.000000000016
11187.750000000011
13688.00000000001
11003.500000000011
12196.00000000001
10771.750000000011
13199.000000000015
10514.000000000011
11336.000000000011
11678.50000000001
11291.000000000013
12157.250000000013
10358.000000000007
11004.750000000011
11953.000000000013
10458.25000000001
12803.00000000001
10741.250000000011
12896.000000000018
11946.750000000013
12368.000000000013
11834.750000000015
13251.000000000007
11364.000000000013
13383.00000000001
10547.75000000001
13358.000000000007
11006.000000000013
12535.000000000013
11308.750000000013
12278.000000000011
11480.750000000011
12000.000000000015
11071.00000000001
12544.00000000001
11470.75000000001
13026.000000000015
11786.000000000013
13291.00000000001
10960.000000000013
14422.000000000016
10103.50000000001
14985.000000000015
9857.50000000001
14560.000000000016
9619.750000000011
12004.000000000013
10491.500000000011
13166.000000000011
11168.500000000013
13635.000000000015
11041.750000000011
12192.000000000013
10761.750000000011
10773.000000000013
10637.250000000011
10891.000000000007
10265.000000000011
10948.00000000001
9803.25000000001
10470.000000000011
9713.00000000001
11442.000000000013
9744.25000000001
11750.000000000011
9979.000000000011
10347.000000000005
10386.500000000011
10894.00000000001
10012.000000000011
12927.00000000001
9488.00000000001
14738.000000000015
10369.500000000011
13794.000000000018
10632.750000000011
11836.000000000013
10935.500000000011
9606.000000000011
11104.750000000011
9843.00000000001
11369.500000000011
10963.000000000011
11368.500000000011
12869.000000000016
11242.000000000013
12609.000000000015
11182.000000000011
10620.00000000001
11820.250000000013
11223.000000000005
12668.500000000015
12156.000000000013
12540.750000000013
13158.000000000007
11592.000000000011
13241.000000000011
11112.75000000001
13648.000000000013
11302.250000000011
12203.000000000016
10983.750000000011
12469.00000000001
10978.000000000013
13220.000000000016
11084.750000000011
14215.000000000016
10638.75000000001
13934.000000000015
10122.500000000011
13477.000000000015