32633.250000000033
32640.000000000033
31761.000000000033
32640.000000000033
30111.25000000003
32633.000000000036
29515.00000000003
31911.000000000033
29706.75000000003
24536.000000000022
28284.75000000003
19985.000000000015
28024.750000000025
21213.000000000022
27097.000000000025
16079.00000000002
26900.75000000003
13649.000000000013
25259.750000000025
11511.000000000011
21960.500000000022
10867.000000000011
18796.750000000022
10076.000000000007
20796.750000000022
11529.000000000015
24774.75000000003
13751.000000000015
25071.750000000025
14708.000000000015
24262.000000000022
15672.000000000016
22695.250000000022
16884.00000000001
22904.500000000025
16616.000000000015
22795.250000000022
15225.000000000018
23551.750000000025
17065.00000000002
23607.250000000022
14717.000000000016
21750.750000000025
15962.000000000016
20426.500000000022
16735.000000000022
20251.750000000022
17150.000000000015
20154.00000000002
17449.000000000022
19672.000000000022
19045.00000000002
19502.500000000022
18750.000000000015
19217.50000000002
15915.000000000013
18615.250000000022
17091.000000000015
18808.000000000022
20140.000000000025
19304.50000000002
19016.00000000002
18948.25000000002
19188.000000000022
18134.25000000002
20445.000000000022
17932.250000000022
21320.000000000022
17039.50000000002
17622.000000000015
16790.000000000015
17717.00000000002
17602.750000000022
20588.000000000022
17841.500000000015
20055.000000000022
17783.00000000002
20455.000000000022
17459.250000000022
21505.000000000022
16753.00000000002
23478.00000000002
15707.250000000013
22133.000000000025
14892.500000000016
19875.000000000022
13770.500000000015
21343.000000000022
14438.750000000015
22577.000000000025
15519.500000000015
25443.00000000002
16384.25000000002
31591.000000000036
19218.750000000022
32605.000000000036
21863.250000000022
32640.000000000033
23392.000000000022
32640.000000000033
22295.50000000002
32628.000000000033
19364.750000000022
32545.000000000036
17700.25000000002
31634.000000000033
18287.25000000002
29453.000000000022
19041.75000000002
27608.00000000003
18467.25000000002
26918.00000000002
18255.50000000002
25130.000000000033
17917.25000000002
24762.00000000003
17434.25000000002
23368.000000000025
17663.750000000022
22036.000000000022
17559.00000000002
22869.000000000025
17605.250000000015
23155.000000000022
18167.75000000002
22734.000000000025
17965.25000000002
22422.000000000015
17707.750000000015
20794.000000000022
17623.75000000002
20696.000000000025
17376.00000000002
20725.000000000022
17432.75000000002
21407.00000000002
18133.50000000002
22833.000000000022
18864.750000000015
22256.000000000025
19152.75000000002
21860.000000000025
19625.00000000002
21217.000000000022
19668.00000000002
22164.000000000022
19566.500000000022
22478.000000000022
20072.750000000022
22723.000000000022
20079.000000000022
23768.00000000003
20265.00000000002
24063.000000000022
20144.250000000022
23411.000000000015
20172.25000000002
24524.000000000025
20716.000000000022
25815.000000000033
20561.250000000022
28074.000000000036
20913.250000000022
29112.00000000002
21971.000000000025
30445.000000000033
23849.500000000025
31289.000000000036
23198.250000000022
32420.000000000033
26474.250000000025
32632.000000000033
26469.50000000003
32640.000000000033
31136.500000000036
32640.000000000033
32613.000000000033
32640.000000000033
32640.000000000033
32640.000000000033