6282.000000000006
7386.000000000008
6752.750000000007
8577.00000000001
7383.250000000008
9680.000000000007
7810.000000000007
10776.000000000011
7611.750000000006
11317.000000000011
7430.250000000008
11062.000000000013
8224.50000000001
11085.000000000011
9521.50000000001
10971.000000000011
10343.75000000001
11051.000000000015
10706.000000000011
10610.000000000015
11040.250000000011
10915.000000000011
11182.500000000013
12327.000000000011
11715.750000000011
13453.000000000015
12006.000000000011
13570.000000000016
11824.000000000011
13033.00000000001
11410.00000000001
12314.000000000013
11032.500000000011
11689.000000000011
10935.000000000013
10693.000000000007
10577.250000000011
10738.000000000011
10231.250000000007
11209.000000000013
10589.75000000001
11011.000000000011
11297.500000000011
10327.000000000007
11305.000000000011
9346.000000000011
11149.000000000011
7434.0000000000055
10931.500000000011
5122.000000000004
10680.500000000011
2814.0000000000027
10664.250000000011
1948.0000000000023
11798.750000000013
1477.0000000000016
10245.50000000001
1070.000000000001
8299.25000000001
894.0000000000008
8655.00000000001
840.0000000000007
10296.75000000001
1087.0000000000011
11137.75000000001
2593.0000000000027
11373.000000000013
5229.000000000002
11614.500000000011
8286.000000000007
11463.750000000011
11503.000000000013
10801.750000000011
15187.000000000013
10908.000000000011
17409.000000000015
11496.750000000011
16177.000000000018
11676.500000000011
14332.000000000016
11846.750000000013
13867.000000000011
11715.500000000013
14212.000000000013
11271.750000000011
13763.000000000018
11698.250000000011
13667.000000000016
11853.750000000015
12328.000000000011
12007.500000000013
12632.000000000011
12156.000000000011
15011.000000000015
11743.000000000013
13887.000000000015
11552.000000000013
12521.000000000013
12530.500000000011
10465.000000000011
12648.750000000015
8019.000000000009
12339.000000000013
6683.000000000007
12570.750000000013
5496.000000000005
12368.250000000013
5222.000000000005
12148.500000000013
4495.000000000005
11992.750000000013
4690.0000000000055
11945.500000000015
4675.000000000005
11536.250000000011
3765.0000000000036
11139.000000000011
3328.000000000002
11190.50000000001
4121.000000000005
10409.000000000011
5969.000000000007
9680.50000000001
8613.000000000007
8722.00000000001
9487.000000000011
7494.750000000006
8591.000000000007
6627.500000000007
7337.0000000000055
6436.750000000006
6059.000000000005
6112.250000000006
5372.0000000000055
6758.000000000007
5635.000000000005
6759.000000000006
6354.0000000000055
6379.500000000006
5962.000000000007
5186.250000000005
5367.000000000005
4370.250000000003
5136.0000000000055
4446.000000000005
5470.000000000005
4549.500000000005
5883.000000000006
4575.250000000005
5947.000000000004
4689.500000000005
5497.0000000000055
4907.2500000000055
4814.000000000005
5159.7500000000055
4779.000000000004
5284.2500000000055
5143.0000000000055
5572.7500000000055
5126.000000000006
6355.000000000007
4840.000000000004
7754.500000000008
4383.000000000004
8406.000000000007
4081.0000000000036
8850.000000000007
3936.0000000000045
8756.75000000001
3846.000000000003
8905.00000000001
3711.0000000000045
9243.25000000001
3432.0000000000036
9121.25000000001
3013.0000000000027
8709.00000000001
2589.0000000000023
8745.25000000001
2253.0000000000023