32640.000000000033
32640.000000000033
32640.000000000033
32632.000000000033
32638.750000000036
32637.000000000036
31760.000000000036
31722.000000000033
18414.50000000002
17606.000000000015
15462.750000000015
15187.000000000013
15886.000000000018
17193.00000000002
16087.250000000016
18671.000000000022
16453.75000000002
19606.000000000022
17158.00000000002
20066.00000000002
17640.000000000015
20531.000000000022
17578.250000000015
21230.000000000022
17433.50000000002
22004.000000000022
17045.500000000015
22623.000000000025
16649.500000000015
22869.00000000002
16369.250000000016
22454.000000000025
16404.000000000015
21734.000000000022
16622.750000000022
21297.000000000022
16791.250000000015
21352.000000000025
17029.000000000015
21855.000000000022
17398.25000000002
22790.000000000025
16980.50000000002
23829.00000000002
16048.75000000002
24363.000000000022
15687.500000000016
24179.00000000003
16053.000000000018
23337.00000000002
16419.75000000002
22267.000000000022
15625.000000000013
21494.000000000022
14279.750000000015
20886.000000000022
13015.250000000015
20136.000000000015
12114.250000000013
19092.00000000002
12306.750000000011
18319.000000000022
12911.250000000011
18339.000000000015
12873.250000000013
18886.000000000015
11511.250000000013
19345.000000000015
10510.500000000011
19610.00000000002
10663.75000000001
19478.000000000022
11083.000000000013
18882.000000000022
10394.75000000001
18141.000000000015
9880.50000000001
18805.000000000022
10500.250000000011
20287.000000000022
10587.500000000013
21003.000000000022
9692.500000000011
20694.00000000001
9670.000000000011
20491.000000000022
9930.750000000005
20850.000000000022
10128.50000000001
20879.000000000025
9611.25000000001
20352.000000000025
9402.500000000011
19125.000000000022
9875.50000000001
18280.00000000002
9931.000000000011
19470.000000000025
9999.500000000011
20833.000000000022
9655.000000000013
19232.00000000001
8914.50000000001
16368.000000000018
8716.75000000001
14395.000000000013
8603.75000000001
13800.000000000013
8506.25000000001
14082.000000000016
8372.00000000001
14252.00000000001
8358.00000000001
14070.000000000015
8973.750000000011
13632.000000000007
11269.000000000011
11996.00000000001
11710.250000000013
12212.000000000015
11857.00000000001
12749.000000000013
12153.250000000013
13003.00000000001
12194.750000000013
12128.000000000011
12714.500000000011
12578.000000000015
12516.250000000013
13325.000000000015
12564.000000000013
13988.000000000011
13947.250000000013
14140.000000000011
14963.250000000016
14214.000000000015
15093.750000000016
14894.000000000016
16061.500000000016
16673.00000000001
16944.500000000015
18726.00000000002
17370.25000000002
20872.000000000022
17327.50000000002
22532.000000000025
16858.00000000002
23379.000000000015
16962.000000000015
21171.000000000022
16729.50000000002
17232.00000000002
16286.250000000016
15062.000000000018
16049.750000000018
15604.000000000016
16164.250000000016
16635.000000000015
16131.000000000016
16750.00000000001
15521.250000000018
17325.00000000002
14981.250000000015
17959.000000000015
14177.000000000015
17170.000000000007
14560.250000000018
14972.000000000018
24109.500000000025
25265.000000000033
32640.000000000033
32640.000000000033
32640.000000000033
32640.000000000033
32639.000000000033
32640.000000000033
32639.000000000033
32640.000000000033
32640.000000000033
32640.000000000033