10584.500000000011
8736.000000000007
10619.75000000001
8902.000000000007
10581.00000000001
8937.00000000001
10845.000000000011
9167.000000000011
11294.500000000011
9632.000000000011
11590.75000000001
10004.000000000011
11831.500000000015
9258.000000000005
12168.500000000011
7776.000000000008
12588.000000000013
8077.000000000009
13086.750000000015
8102.000000000008
13494.000000000016
7209.000000000009
13805.750000000015
6373.000000000007
14020.750000000013
6147.000000000006
14306.000000000015
5979.000000000006
14296.500000000016
6246.000000000006
14144.500000000015
7062.000000000007
14279.000000000016
7174.000000000008
14581.000000000015
7158.000000000008
15007.750000000013
7331.000000000009
15518.500000000016
7555.000000000008
15578.000000000018
7832.0000000000055
15422.500000000016
7984.000000000008
15198.250000000015
8129.000000000007
14979.750000000015
8296.00000000001
14607.500000000015
8357.00000000001
14540.250000000015
8594.000000000005
14296.250000000015
8771.000000000005
13945.250000000015
8989.00000000001
12163.750000000011
9181.00000000001
10106.25000000001
9914.000000000011
10033.50000000001
10589.000000000013
9822.50000000001
11164.000000000011
9772.750000000007
11421.000000000011
9664.750000000011
11358.000000000011
9384.00000000001
11321.000000000013
9595.750000000011
11249.000000000011
9024.75000000001
11332.000000000013
9056.75000000001
11454.000000000011
9824.50000000001
11136.000000000013
9558.00000000001
10839.000000000013
9629.75000000001
10806.000000000011
9751.000000000011
11712.000000000013
9595.000000000011
11621.000000000007
9676.250000000011
12651.00000000001
10129.250000000011
11946.000000000011
10394.25000000001
11768.00000000001
10183.00000000001
13131.000000000013
9912.00000000001
12790.00000000001
9723.250000000011
13182.000000000016
10271.25000000001
14191.00000000001
10701.000000000013
14834.000000000016
10602.00000000001
15657.000000000013
10590.750000000013
16427.00000000001
10761.250000000011
16256.000000000015
10462.250000000011
16829.000000000015
10479.50000000001
17187.00000000002
11034.75000000001
17302.000000000015
10901.25000000001
17260.000000000022
11429.500000000013
17433.00000000002
11558.500000000011
17820.000000000015
10966.250000000013
18116.00000000002
11000.50000000001
18504.000000000022
10940.750000000013
18631.000000000022
11364.250000000013
18775.00000000001
11712.750000000015
18833.00000000002
11323.75000000001
18668.000000000022
11030.500000000011
18887.000000000015
10561.500000000011
18962.000000000022
10007.750000000011
18895.00000000001
10081.000000000013
18723.000000000025
9952.50000000001
18708.000000000025
10423.000000000011
18639.00000000001
10430.000000000011
18338.000000000015
9989.750000000011
18236.000000000022
10085.00000000001
17678.000000000025
10714.000000000011
17337.000000000022
10895.500000000011
17170.00000000002
10792.00000000001
16952.000000000015
10590.500000000011
16907.000000000015
10381.500000000011
16879.00000000002
10183.25000000001
16906.000000000015
9923.25000000001
16880.000000000022
9704.50000000001
16733.00000000001
9600.00000000001
16671.00000000001
9503.25000000001
16623.00000000002
9411.250000000007
16638.00000000002
9256.75000000001
16531.00000000002
9167.00000000001
16497.000000000015
9123.75000000001
16357.000000000018
8935.750000000007
16282.000000000016