13678.000000000011
16025.000000000018
13926.500000000015
15905.000000000016
14113.750000000016
16066.000000000018
14300.500000000011
15824.000000000016
15111.750000000015
15884.000000000016
15437.250000000015
12702.000000000016
15172.000000000016
8679.000000000005
16292.000000000015
8375.000000000005
17767.250000000022
6480.000000000004
18047.00000000002
8473.000000000005
16926.250000000015
10306.000000000013
15720.750000000016
6842.0000000000055
14893.500000000016
8858.000000000007
13340.750000000013
9896.00000000001
12575.750000000013
7750.000000000007
12980.000000000015
7730.000000000008
12793.500000000013
8514.000000000007
12564.000000000013
10676.000000000011
12773.50000000001
9739.000000000011
13116.000000000013
8384.000000000007
12358.000000000015
10436.00000000001
11112.500000000011
10874.000000000011
10683.25000000001
9174.000000000011
10677.250000000011
10607.000000000011
10149.75000000001
13010.000000000016
10333.500000000011
17049.00000000002
11097.500000000011
17123.000000000022
11525.500000000011
16006.000000000018
10981.00000000001
18224.00000000002
10392.500000000011
18721.000000000015
10009.250000000011
19484.000000000022
10369.250000000011
20662.00000000002
10627.25000000001
20819.000000000022
10194.250000000013
21317.000000000025
9338.500000000011
22677.000000000022
8737.750000000007
23701.00000000002
8559.25000000001
23292.00000000002
8593.75000000001
22841.000000000022
8769.00000000001
22473.000000000025
8829.00000000001
21731.000000000022
9585.750000000013
21332.000000000025
10229.750000000011
21403.000000000025
10031.75000000001
21804.000000000025
9329.250000000011
23472.000000000025
9677.750000000011
24168.000000000022
10114.250000000011
24867.000000000025
9551.250000000011
24514.00000000002
10026.000000000011
23607.000000000022
10689.25000000001
23454.000000000015
10088.500000000011
23296.00000000002
9931.250000000007
23405.000000000015
9815.500000000011
24797.00000000003
10174.75000000001
24265.000000000025
10831.000000000011
23253.000000000015
11341.750000000013
22549.000000000025
11789.500000000013
22890.000000000025
12819.500000000011
23940.000000000033
13354.750000000013
23263.000000000025
13573.750000000015
22808.000000000025
13147.750000000013
22765.000000000022
11921.500000000015
23518.000000000015
11402.250000000011
25146.00000000003
11133.500000000011
26572.00000000003
11004.500000000011
25039.000000000025
12087.000000000013
22147.000000000022
12763.000000000013
23565.000000000025
13397.500000000016
23856.000000000025
13275.250000000015
22617.000000000022
13759.750000000013
23699.00000000003
14925.250000000015
24819.00000000003
17319.000000000015
24644.000000000015
17941.00000000002
25553.000000000022
16409.75000000001
24496.000000000025
16122.750000000018
23493.00000000002
17009.25000000002
23953.000000000025
17733.250000000015
23649.000000000015
16960.50000000002
22976.00000000002
16554.750000000015
22423.000000000022
16437.500000000015
21593.000000000025
16228.000000000015
20730.000000000022
15095.500000000015
19147.000000000015
15329.000000000016
17788.000000000022
16134.750000000015
17570.00000000001
16739.50000000002
17722.00000000002
16633.25000000002
18364.00000000001
17467.000000000015
19163.000000000015
19385.750000000022
17764.000000000007
20506.750000000022
16943.00000000002
21232.50000000002
19786.000000000015
21012.750000000022
23881.000000000022