951.7500000000009
1830.0000000000018
767.5000000000007
1494.0000000000011
696.5000000000006
1266.0000000000014
535.0000000000006
969.0000000000011
847.0000000000008
879.0000000000007
1106.7500000000011
1005.0000000000009
1030.0000000000011
1058.0000000000011
982.0000000000009
996.000000000001
969.500000000001
952.000000000001
931.2500000000009
1076.0000000000011
940.0000000000008
1223.0000000000011
1263.2500000000011
1489.0000000000014
1833.7500000000018
1923.000000000002
2271.7500000000023
2192.0000000000023
2480.2500000000027
2195.000000000002
2746.5000000000027
2039.000000000002
2687.5000000000027
1950.000000000002
2680.2500000000027
1845.0000000000023
2854.000000000003
1804.000000000002
3200.2500000000027
1756.0000000000018
3418.7500000000036
1731.0000000000018
3298.0000000000027
1943.000000000002
2989.2500000000027
2400.0000000000027
2598.5000000000023
2188.0000000000027
2545.5000000000023
1890.0000000000023
3128.500000000003
1900.0000000000023
3986.250000000004
1897.000000000002
4061.000000000004
1842.0000000000018
4676.5000000000055
1769.0000000000023
5977.250000000007
1660.000000000001
6852.250000000007
1524.0000000000018
6975.000000000008
1409.0000000000011
7073.500000000006
1229.000000000001
7250.000000000008
1009.000000000001
7658.000000000006
757.0000000000009
8476.000000000007
633.0000000000007
9089.75000000001
522.0000000000003
8381.250000000007
526.0000000000005
6098.7500000000055
604.0000000000005
5544.250000000006
578.0000000000006
5838.500000000006
588.0000000000007
5841.0000000000055
662.0000000000006
5600.5000000000055
830.0000000000005
5479.0000000000055
1136.0000000000011
6722.000000000006
1633.0000000000011
6697.000000000007
2038.0000000000025
6316.250000000006
2366.0000000000014
6360.750000000006
2636.0000000000023
6454.000000000007
2739.0000000000023
6397.250000000006
2526.0000000000027
6449.000000000006
2201.000000000002
6565.500000000006
1921.0000000000023
6738.500000000006
1900.0000000000023
6508.000000000006
1825.0000000000025
7056.750000000006
1762.000000000002
7994.000000000007
1729.0000000000016
7326.750000000009
1712.0000000000018
6195.250000000006
1861.0000000000018
5479.500000000006
2117.000000000002
4565.2500000000055
2344.0000000000027
4885.000000000005
2572.0000000000023
5044.7500000000055
2383.0000000000027
3960.7500000000045
1696.0000000000018
3591.5000000000027
1229.000000000001
3783.2500000000036
1121.0000000000014
4250.000000000005
1174.0000000000014
5936.250000000006
1334.0000000000014
7206.500000000007
1603.000000000002
7379.750000000007
1872.000000000002
7346.500000000007
1549.0000000000011
6221.500000000006
742.0000000000007
5256.5000000000055
160.00000000000009
5401.5000000000055
30.000000000000032
5738.250000000006
26.000000000000014
5569.750000000006
8.000000000000002
5449.2500000000055
8.000000000000002
5401.5000000000055
30.000000000000032
5207.5000000000055
67.00000000000006
4908.000000000005
120.00000000000013
4552.250000000005
237.00000000000026
4266.000000000005
341.0000000000004
4029.000000000004
480.0000000000005
3752.0000000000036
825.0000000000006
3398.0000000000027
1913.0000000000018
2883.0000000000027
3939.000000000004
2387.0000000000027
5224.0000000000055
2180.5000000000023
5040.0000000000055
2117.250000000002
4206.000000000005
1903.0000000000018
3472.0000000000036
1748.0000000000014
3012.000000000002