14321.500000000015
13196.000000000011
14176.500000000011
13256.000000000011
14046.500000000015
13383.000000000018
13927.500000000013
13539.000000000016
13890.250000000018
13669.000000000011
13893.000000000013
13607.000000000011
14022.500000000013
13497.000000000013
14225.500000000013
13238.000000000013
14422.250000000015
12922.000000000011
14602.000000000018
12527.000000000015
14983.000000000018
12074.00000000001
15420.000000000015
11578.000000000013
15873.000000000018
13064.00000000001
16080.250000000016
13770.000000000013
15984.500000000018
12759.00000000001
15992.500000000015
12069.000000000011
15922.000000000016
11579.000000000013
15842.500000000018
11525.000000000011
15944.250000000015
11708.00000000001
16097.500000000015
12275.000000000007
16237.500000000018
13082.000000000016
16336.000000000018
13718.00000000001
16348.750000000015
14155.000000000011
16437.500000000015
14505.000000000015
16491.50000000002
14730.000000000013
15660.500000000015
14927.000000000018
14511.250000000015
15079.000000000016
13677.000000000013
15221.000000000016
12577.000000000015
15280.000000000015
12318.500000000011
15193.000000000016
11925.500000000013
15004.000000000013
11738.000000000013
15435.000000000016
11660.250000000011
15909.000000000015
11698.250000000015
14807.000000000018
11909.250000000013
15090.000000000018
11434.25000000001
15465.000000000016
11369.500000000011
15115.000000000016
11510.250000000011
15570.000000000016
11331.500000000011
16753.000000000015
10894.25000000001
18347.00000000002
11180.000000000011
17443.00000000002
11096.500000000011
14876.00000000001
11300.50000000001
13147.000000000016
11192.250000000013
11663.00000000001
11207.000000000011
11188.000000000011
10931.250000000011
11904.00000000001
10665.250000000011
12418.000000000011
10595.750000000011
11374.000000000011
10546.25000000001
11240.000000000011
10669.25000000001
11636.000000000007
10493.25000000001
13162.000000000013
10440.00000000001
14320.000000000016
10537.000000000011
15350.000000000015
10907.75000000001
17066.00000000001
11041.000000000011
16522.00000000001
11393.250000000013
14719.000000000011
11244.250000000013
13583.000000000013
11339.25000000001
13748.00000000001
11287.250000000011
14250.000000000015
11219.500000000011
13662.000000000016
11116.750000000011
11759.000000000007
11104.500000000013
9985.000000000007
11664.000000000013
8287.000000000007
11832.500000000011
7899.000000000008
11610.500000000013
8436.000000000005
11567.500000000011
8188.000000000008
11726.750000000013
7807.000000000008
11375.250000000013
8543.00000000001
11374.500000000011
9101.000000000007
11567.000000000011
10318.000000000011
11212.75000000001
10659.000000000011
11697.750000000011
11563.000000000013
12544.00000000001
11771.000000000013
13019.000000000015
12231.000000000007
14092.250000000011
12702.000000000016
13118.750000000015
12590.00000000001
12736.250000000013
13032.00000000001
12924.750000000013
13827.000000000015
13319.500000000016
13668.000000000011
13688.250000000015
14798.000000000015
14273.250000000016
16466.000000000015
14303.750000000011
16909.000000000015
14707.250000000015
16748.00000000001
14925.000000000018
16774.00000000002
15530.000000000015
16983.000000000015
15974.250000000016
17198.000000000015
16246.000000000013
17192.00000000001
16454.75000000002
16938.000000000015
16632.000000000015
16576.00000000002
16708.750000000015
16333.000000000015