5458.500000000006
7864.000000000007
5567.2500000000055
7413.0000000000055
5683.0000000000055
6612.000000000007
5765.250000000006
6037.000000000005
6026.7500000000055
6054.000000000004
6243.000000000006
6105.000000000005
6179.000000000007
5968.000000000005
6049.750000000006
5708.0000000000055
6031.000000000006
5419.0000000000055
6211.750000000006
5329.000000000005
6435.5000000000055
5116.0000000000055
6451.250000000006
4790.0000000000055
6174.2500000000055
4936.000000000005
5793.500000000006
5271.000000000006
5556.2500000000055
5519.000000000006
5621.5000000000055
5603.0000000000055
5896.0000000000055
5591.000000000006
6129.500000000006
4947.0000000000055
6276.250000000006
4308.000000000005
6219.000000000006
4429.000000000004
6114.0000000000055
5827.000000000006
5934.750000000006
6964.0000000000055
5866.0000000000055
7224.000000000007
5886.5000000000055
6944.000000000006
5952.500000000006
6956.0000000000055
6364.000000000006
7359.000000000007
6901.000000000008
7670.000000000008
7484.000000000007
8185.000000000007
7755.500000000007
8513.000000000011
8083.000000000008
8502.00000000001
7987.000000000009
8316.000000000007
8286.25000000001
8163.000000000008
8850.000000000011
8596.000000000005
9222.50000000001
9644.00000000001
8703.500000000007
10286.000000000013
8510.50000000001
9817.000000000007
8032.500000000007
9036.000000000005
8167.750000000009
8455.00000000001
8409.00000000001
8163.000000000008
8122.000000000008
8104.000000000008
8933.25000000001
7880.000000000009
8957.75000000001
7564.000000000008
8133.750000000007
8129.000000000007
8956.25000000001
9609.00000000001
9669.75000000001
10097.000000000011
9812.25000000001
10034.00000000001
9759.00000000001
10026.00000000001
9916.50000000001
10789.000000000011
10207.00000000001
10649.000000000013
10463.25000000001
11059.000000000013
10518.25000000001
11216.000000000013
9799.75000000001
9902.000000000011
9560.50000000001
10168.000000000013
9620.750000000007
9084.00000000001
9518.25000000001
9402.000000000005
9211.750000000007
8801.000000000005
9233.00000000001
8396.000000000005
9032.25000000001
7149.000000000009
11639.500000000013
6619.0000000000055
12597.50000000001
6010.000000000007
11732.250000000011
5370.000000000006
10654.250000000011
4575.000000000005
9725.75000000001
3870.000000000004
9223.500000000011
3900.000000000004
8384.500000000007
4213.000000000005
7105.750000000007
4319.000000000005
6992.000000000008
4200.000000000004
6965.000000000007
4349.000000000004
7006.500000000008
4804.0000000000055
6074.000000000007
5622.000000000006
5418.500000000005
6289.000000000006
5452.0000000000055
6505.000000000008
5631.750000000006
6434.000000000006
5933.500000000006
6311.000000000005
6103.750000000006
5832.0000000000055
6220.750000000007
5514.0000000000055
6229.750000000006
5561.000000000005
6102.000000000007
6248.0000000000055
5793.500000000006
7132.000000000008
5487.500000000005
7373.000000000008
5380.500000000005
6984.000000000006
5725.5000000000055
6777.000000000006
6524.500000000007
6788.0000000000055
7402.500000000008
6980.000000000008
8114.750000000008
7119.000000000007
8691.75000000001
7624.000000000006
9223.750000000011
8792.00000000001
9582.000000000011
10018.00000000001
9669.25000000001
10273.000000000011
9438.50000000001
9471.000000000011