21294.500000000022
21320.000000000022
19924.00000000002
15680.000000000016
18728.000000000022
11198.000000000013
17668.000000000015
7557.000000000007
16847.50000000002
6198.000000000007
16254.500000000018
6382.000000000004
16213.00000000001
10285.00000000001
15465.750000000018
10455.000000000011
14650.250000000018
6881.000000000007
13315.250000000016
6352.000000000006
14555.750000000013
8495.000000000005
14065.250000000015
8268.000000000005
11508.500000000013
7585.000000000008
11051.000000000013
7402.000000000008
11306.000000000011
6590.0000000000055
12072.250000000011
8454.000000000007
11736.250000000011
7918.000000000005
12072.750000000013
9423.000000000013
12065.750000000015
9062.000000000007
12169.500000000013
7207.0000000000055
12264.750000000015
9353.000000000007
11536.750000000013
9296.000000000005
11252.000000000013
12016.000000000007
10002.75000000001
12085.000000000011
8427.75000000001
9313.000000000011
8724.25000000001
8387.00000000001
9360.50000000001
11693.00000000001
9268.750000000011
10674.000000000011
10622.000000000011
11883.000000000015
10805.250000000011
12462.000000000016
10770.000000000011
13054.000000000013
10341.750000000011
14280.000000000015
9767.750000000007
13295.000000000016
9440.00000000001
13211.000000000011
9181.50000000001
12710.000000000015
9670.000000000011
12600.000000000015
10249.750000000011
13501.000000000011
10438.000000000011
13926.000000000015
10306.750000000011
14214.000000000016
10168.750000000011
14226.000000000016
10188.50000000001
14644.000000000016
10410.500000000011
15222.000000000011
10488.500000000011
14930.000000000016
10030.750000000011
14905.000000000015
9680.750000000011
14954.000000000015
10102.75000000001
15430.000000000016
11024.000000000011
16488.00000000001
11790.500000000013
16620.000000000022
12816.250000000011
16982.000000000015
13212.000000000015
17536.00000000002
13920.250000000018
18371.000000000015
14560.750000000016
18897.00000000001
15181.500000000015
19312.000000000022
15891.250000000018
20608.000000000022
16185.750000000016
21794.000000000022
16161.250000000018
21888.000000000025
15551.750000000016
21944.000000000022
14886.000000000015
21884.000000000022
14799.750000000013
21844.000000000022
14902.500000000016
21832.000000000022
15255.000000000015
21848.000000000025
14847.250000000015
21852.00000000001
14589.000000000013
21788.00000000002
14393.750000000016
21840.000000000025
14480.250000000013
21796.000000000022
13921.750000000015
21800.000000000022
14360.500000000015
21820.000000000022
14581.500000000015
21864.000000000022
14231.250000000016
21784.000000000022
14187.750000000015
21708.000000000022
14756.500000000016
21712.00000000002
15031.250000000018
21732.000000000022
15508.250000000013
21776.000000000022
15805.250000000015
21868.000000000022
15660.000000000015
21940.000000000022
15503.250000000015
21860.000000000025
14984.250000000016
21808.000000000022
14528.500000000015
21764.000000000022
13901.500000000015
21804.00000000002
11892.000000000013
21796.000000000025
11450.000000000011
21808.000000000022
11737.500000000011
21876.000000000022
11485.000000000011
21912.00000000002
11609.750000000013
21872.000000000025
12866.500000000011
21840.000000000022
12891.750000000015
21820.000000000022
13845.000000000013
21892.000000000022
14338.000000000015
21860.000000000025
15500.000000000018
21844.000000000025
16613.50000000002
21828.000000000015