14543.000000000015
19828.000000000022
13143.250000000013
16173.000000000013
12219.000000000015
12825.000000000007
11832.000000000013
12655.000000000015
12518.500000000015
13417.000000000016
12121.750000000013
13929.000000000015
11556.250000000013
14441.000000000013
11560.75000000001
14624.000000000013
11820.250000000011
14570.000000000015
11748.500000000013
14706.000000000015
12418.500000000013
14513.000000000015
12613.500000000013
14423.000000000016
11850.500000000013
14540.000000000013
10377.250000000011
14080.000000000011
11366.250000000011
13543.000000000016
12108.000000000011
12549.000000000007
12186.250000000013
11644.000000000013
10781.000000000011
11033.000000000011
10978.000000000011
10715.000000000013
11884.250000000013
9958.000000000011
11852.500000000013
8877.000000000005
11845.750000000011
8016.000000000007
11159.750000000011
8109.000000000009
11274.750000000013
7367.000000000007
11214.00000000001
7405.000000000008
11388.000000000013
8085.000000000007
11211.250000000011
10154.000000000013
10246.00000000001
11448.000000000013
10329.50000000001
11808.000000000011
10320.250000000011
12012.00000000001
10203.000000000011
12337.000000000007
9248.000000000011
13664.000000000013
9018.250000000007
14606.000000000016
9634.250000000011
14948.000000000011
8832.25000000001
15207.000000000011
8647.00000000001
15296.000000000016
9724.75000000001
15088.000000000015
10593.000000000011
14678.00000000001
11826.000000000011
14495.00000000001
9688.000000000007
15778.000000000016
9889.500000000011
15996.000000000016
9164.750000000011
15757.000000000015
7915.250000000006
15738.000000000015
6736.000000000008
15835.000000000018
7270.500000000007
15725.000000000015
8386.000000000007
15523.000000000016
9170.25000000001
15626.000000000016
9397.75000000001
15763.000000000016
10092.750000000011
15702.000000000016
10084.000000000011
15732.000000000016
9460.50000000001
16406.000000000007
9101.250000000011
16880.00000000002
8182.750000000008
16779.00000000001
9239.00000000001
16514.00000000002
9037.00000000001
16528.000000000015
8480.250000000007
16405.000000000015
8552.500000000005
16274.000000000016
8163.000000000008
16204.000000000016
8554.750000000011
16086.000000000016
8394.750000000007
16131.000000000016
8139.750000000008
15973.000000000015
8885.75000000001
15845.000000000015
8647.750000000005
15436.000000000015
8545.25000000001
11521.000000000013
8690.500000000007
8530.000000000007
7655.250000000009
8016.000000000007
7529.500000000006
7737.000000000008
7940.000000000007
7499.000000000005
8092.750000000008
7112.000000000006
7427.250000000009
6988.000000000007
6729.000000000006
6966.000000000005
6813.750000000007
6968.000000000004
6743.250000000006
6994.0000000000055
6389.000000000006
6997.000000000007
7021.500000000006
6973.000000000005
6823.250000000007
6857.0000000000055
5761.7500000000055
6826.0000000000055
4640.250000000005
6610.000000000004
4337.500000000005
6077.000000000006
3933.500000000004
4401.0000000000055
3329.250000000004
3555.0000000000036
3157.000000000003
3509.0000000000036
3985.5000000000045
3423.0000000000045
2942.250000000003
3334.0000000000036
2482.250000000002
3278.000000000004
2283.7500000000023
3185.0000000000027
2097.500000000002
3085.0000000000036
1968.500000000002
4458.0000000000055
2340.0000000000023
6620.000000000007
2463.7500000000023
4994.000000000005