8312.000000000007
12374.000000000011
8925.75000000001
12498.000000000015
9269.50000000001
12695.000000000016
9511.25000000001
13282.000000000013
10378.500000000011
11334.000000000015
10207.50000000001
8105.000000000008
9708.75000000001
8749.000000000011
9817.25000000001
11718.000000000011
10063.25000000001
11828.00000000001
9422.25000000001
11720.000000000015
8811.25000000001
13620.000000000016
8723.50000000001
10335.000000000007
8412.00000000001
10123.000000000011
8299.50000000001
12006.000000000011
8120.500000000008
7801.000000000008
8372.25000000001
7281.000000000006
8165.750000000007
7717.000000000008
8313.50000000001
9124.000000000007
8758.75000000001
10109.000000000013
8466.25000000001
9837.000000000005
8679.000000000007
9762.000000000011
8356.000000000007
9267.000000000011
8254.000000000007
9032.000000000007
8747.75000000001
8996.000000000011
8143.500000000007
8381.000000000005
8171.000000000008
8598.000000000007
8723.50000000001
9890.000000000013
8341.00000000001
8962.000000000011
9295.00000000001
9190.000000000005
9496.75000000001
8913.00000000001
9563.000000000007
9699.000000000011
9916.750000000011
10014.000000000011
11043.250000000013
9734.000000000013
9698.25000000001
9325.00000000001
9912.25000000001
8873.000000000007
9776.000000000011
8293.000000000007
8905.000000000011
8232.000000000007
9274.500000000011
8592.00000000001
9011.00000000001
8930.000000000011
9376.25000000001
8991.000000000005
9419.25000000001
9038.000000000011
9345.750000000011
9147.000000000007
9529.750000000007
9386.00000000001
9278.00000000001
9889.00000000001
9006.250000000007
9647.000000000011
8714.250000000007
9864.000000000011
8701.250000000007
10399.00000000001
8839.75000000001
10726.000000000013
8124.750000000008
11577.000000000013
7898.500000000009
12424.00000000001
8406.000000000007
13284.000000000016
9013.500000000011
16339.000000000018
8849.25000000001
21707.000000000025
8773.500000000007
17480.00000000001
9054.000000000011
15936.000000000016
8775.250000000011
16812.000000000022
9282.75000000001
15531.000000000013
9180.750000000007
13336.000000000015
9137.25000000001
12686.000000000007
8635.000000000007
12221.000000000011
8987.250000000011
12831.000000000011
9235.750000000011
13091.000000000013
9023.25000000001
12149.00000000001
8792.00000000001
12627.000000000007
7777.000000000007
12495.000000000011
7489.250000000006
10625.000000000013
7582.250000000008
11032.00000000001
6713.250000000008
11468.000000000011
6699.500000000006
11938.000000000015
7092.750000000006
10970.000000000013
6537.250000000006
11716.000000000015
7169.000000000007
13073.000000000011
6418.500000000006
13914.000000000016
6180.750000000006
13578.000000000015
6502.500000000006
12786.000000000015
5937.500000000006
12257.00000000001
6050.250000000006
11816.000000000013
7120.500000000008
11444.000000000013
7700.250000000009
10552.00000000001
8181.000000000008
9147.000000000007
8565.75000000001
8240.000000000007
8562.250000000011
8402.000000000004
9009.75000000001
8827.000000000007
9153.00000000001
9281.000000000005
9776.50000000001
10345.000000000011
10483.500000000013
11533.000000000013
10451.500000000011
12336.000000000007
10425.500000000013
12780.000000000013
10395.500000000011
12476.000000000013
10061.00000000001
12011.00000000001