7013.750000000007
16312.000000000016
7806.250000000008
16248.000000000018
8704.000000000007
15906.000000000016
9491.00000000001
14896.000000000018
10307.00000000001
13936.000000000016
11111.000000000013
13244.000000000015
11967.250000000015
12323.000000000013
12948.250000000015
11635.000000000007
13898.750000000013
11199.000000000013
14600.250000000015
11114.000000000013
15020.500000000015
11308.000000000011
15348.000000000015
11705.000000000013
15566.000000000011
11993.000000000011
15829.750000000015
12131.000000000011
16358.750000000016
12229.000000000016
17006.500000000015
12357.000000000005
17589.750000000015
12474.000000000007
17909.75000000002
12415.000000000013
17934.00000000002
12242.00000000001
17599.25000000002
12254.000000000016
16831.000000000015
12515.00000000001
15710.000000000015
12956.00000000001
14258.750000000015
13484.000000000016
13118.750000000015
14081.000000000016
12788.000000000013
14508.000000000015
12863.500000000013
14671.000000000016
12953.000000000015
14690.000000000016
13018.750000000016
14641.000000000016
13212.500000000013
14468.000000000016
13528.250000000013
14393.000000000016
14122.250000000013
14963.000000000011
15025.500000000013
15971.000000000018
15795.500000000018
17105.000000000015
16736.250000000015
18208.00000000002
17666.25000000002
19296.000000000022
17716.000000000015
20066.00000000002
17272.000000000015
20500.000000000022
16765.750000000015
20769.00000000002
16574.000000000015
21034.000000000025
15850.750000000016
21252.000000000022
14536.500000000011
21186.000000000022
13586.250000000015
20811.000000000025
12305.250000000013
20243.000000000015
12195.000000000015
19661.000000000022
11779.500000000013
18412.000000000022
11988.250000000011
16375.000000000016
11944.750000000013
14769.000000000015
11198.75000000001
14974.000000000013
10981.250000000013
14971.000000000016
10818.750000000011
14534.000000000016
10682.750000000013
13981.000000000007
10656.750000000011
13388.000000000018
11070.000000000013
12746.000000000013
11269.25000000001
12391.000000000015
11482.750000000011
12584.000000000015
11842.250000000011
13019.000000000015
11690.000000000013
13305.000000000016
12772.250000000015
13102.000000000016
12716.000000000013
12570.000000000011
12204.250000000013
12222.000000000011
12222.250000000011
12169.000000000016
12310.250000000013
12201.000000000011
11890.750000000011
12113.000000000011
11018.250000000011
12003.000000000013
10796.000000000011
11988.000000000013
10901.000000000013
12131.000000000011
10939.250000000011
12159.000000000011
11915.000000000011
12090.000000000013
13812.250000000015
12137.000000000007
14761.500000000015
12435.000000000011
14630.500000000016
12663.000000000011
14475.500000000013
12513.000000000013
14855.500000000015
12000.000000000007
15696.000000000015
11819.000000000013
16572.25000000002
12144.000000000011
17400.00000000002
12198.000000000007
17689.00000000002
11994.000000000015
17736.25000000002
11634.000000000007
17696.000000000015
11190.000000000013
17627.75000000002
10609.000000000007
17435.50000000002
10321.000000000011
17252.25000000002
10318.000000000011
17227.25000000002
10288.000000000011
17055.50000000002
10306.000000000011
16231.250000000015
10372.000000000011
15306.250000000015
10211.000000000013
14680.750000000016
9985.000000000007
14189.500000000013
9817.000000000007
14166.750000000011
9652.00000000001
14084.250000000015
9441.000000000011