9935.25000000001
9431.00000000001
10019.25000000001
9265.000000000005
10142.500000000011
9126.00000000001
10291.500000000011
9044.000000000005
10449.250000000011
8996.00000000001
10597.500000000011
8980.000000000007
10801.250000000011
8934.000000000007
11220.750000000013
8921.00000000001
11757.750000000011
8931.000000000005
12568.250000000013
8993.000000000011
13416.000000000013
9078.000000000007
13916.750000000013
9168.000000000011
14213.250000000013
9239.000000000011
14489.250000000013
9356.000000000005
14816.000000000015
9495.000000000011
13873.250000000018
9602.000000000011
12273.000000000013
9676.00000000001
11145.750000000011
9724.000000000011
11116.250000000013
9912.00000000001
10738.000000000013
10354.000000000011
9648.000000000011
9798.000000000011
8399.50000000001
8985.00000000001
8131.000000000007
10270.000000000011
8418.250000000007
9100.000000000011
8946.75000000001
9562.000000000011
8220.50000000001
10138.000000000013
8095.500000000008
10303.000000000011
8323.00000000001
10718.000000000011
8334.750000000007
11809.000000000011
8344.000000000007
12256.00000000001
8727.000000000011
11890.00000000001
9081.75000000001
11858.00000000001
9411.750000000011
11968.000000000015
9068.500000000011
12213.000000000007
8949.75000000001
11997.00000000001
9070.500000000007
12218.000000000016
9294.75000000001
12418.000000000011
9149.25000000001
13089.000000000011
9358.250000000011
14035.000000000013
10432.75000000001
15059.00000000001
10553.750000000011
16484.00000000002
10929.25000000001
17377.00000000002
10723.750000000011
16316.000000000015
10872.000000000011
14665.000000000015
11123.500000000011
14740.000000000015
11348.750000000011
12669.000000000013
11309.000000000011
12378.00000000001
11771.500000000011
13320.000000000013
11736.750000000007
13316.000000000016
11708.250000000011
11656.000000000011
11526.500000000011
12290.000000000007
11286.750000000011
12475.000000000013
11381.250000000011
12402.000000000015
11724.250000000015
11802.000000000015
11222.500000000011
12453.00000000001
11335.000000000011
13843.000000000016
11864.25000000001
15602.000000000016
12887.50000000001
16759.00000000002
14380.250000000013
17115.000000000022
14084.000000000018
16949.00000000002
14347.250000000015
16569.000000000022
13958.500000000013
17011.000000000022
12859.750000000013
15280.000000000016
12952.250000000013
18888.000000000015
13094.500000000015
20194.000000000022
13459.000000000013
18585.000000000022
14076.750000000015
18184.000000000022
14346.750000000011
15956.000000000015
14841.750000000015
16266.000000000016
14947.500000000016
15793.000000000018
15102.250000000016
12950.000000000016
14495.000000000015
13689.000000000015
13579.250000000015
14518.000000000016
13052.750000000015
15452.000000000016
12097.750000000013
13746.000000000016
11306.500000000011
12113.000000000011
10843.500000000011
9741.000000000007
10987.750000000013
10930.000000000011
10963.500000000011
11841.000000000011
10894.250000000011
12206.000000000011
11230.75000000001
12117.000000000015
10943.000000000011
11982.00000000001
10206.000000000011
12494.000000000011
10042.75000000001
13088.000000000015
10466.000000000011
11556.000000000013
10323.25000000001
10827.000000000011
10169.250000000011
10647.000000000007
10171.00000000001
11175.000000000011
10749.25000000001
12924.000000000015
10798.250000000011
14157.000000000016