13433.750000000015
8695.000000000005
13817.000000000015
9334.000000000005
13671.750000000013
9790.00000000001
13839.250000000015
9834.000000000011
14675.750000000018
9700.000000000011
15454.750000000018
9511.000000000011
15969.750000000018
9268.000000000007
16270.750000000016
9008.000000000011
17977.00000000002
8786.000000000005
19707.250000000022
8189.000000000008
19471.00000000002
7596.000000000007
17936.25000000002
7587.000000000007
16447.50000000002
7770.000000000008
15172.250000000018
7690.000000000007
13102.500000000015
7794.000000000008
12500.750000000013
7832.0000000000055
12056.000000000013
7857.000000000005
11772.500000000011
7941.000000000009
11859.500000000011
8355.000000000007
12966.750000000013
8977.000000000011
12897.500000000011
9460.00000000001
12665.000000000013
9949.000000000011
10869.250000000011
10245.000000000011
9341.250000000011
10529.00000000001
9554.75000000001
11200.000000000011
10250.500000000011
11604.000000000007
10622.250000000011
11922.00000000001
11880.000000000011
12287.00000000001
12300.00000000001
11412.000000000013
12614.250000000016
10508.000000000011
12667.500000000015
9974.000000000011
12619.750000000013
9141.00000000001
12696.750000000013
8798.00000000001
12665.000000000013
8272.000000000011
11863.000000000013
6963.000000000008
12094.000000000013
7294.000000000007
11875.000000000013
6989.000000000005
11867.000000000011
5687.0000000000055
11839.750000000013
5386.000000000006
11868.50000000001
6024.000000000006
11682.75000000001
6307.000000000007
11969.250000000013
5728.000000000006
12343.500000000013
6174.000000000005
12209.500000000011
7185.000000000008
12661.500000000013
9506.000000000013
13914.000000000013
11831.000000000013
14581.250000000011
12302.00000000001
13112.500000000011
12964.000000000013
11499.25000000001
13611.00000000001
11459.250000000011
12755.000000000011
11678.000000000013
13183.000000000015
11584.750000000013
11578.000000000013
11100.500000000011
10639.000000000011
11308.000000000011
11117.000000000011
11841.000000000011
9789.000000000011
11851.750000000011
9314.000000000007
11629.750000000013
7973.000000000008
11397.250000000011
6782.000000000007
10667.000000000011
6638.000000000005
10563.500000000011
6639.000000000007
10639.000000000013
5887.000000000004
10255.250000000011
4317.000000000003
9727.75000000001
3892.000000000003
8987.50000000001
4377.000000000005
8863.75000000001
5246.0000000000055
8274.500000000007
4884.000000000006
7832.250000000008
4833.0000000000055
7478.750000000007
5516.0000000000055
7142.250000000007
3923.000000000004
6988.750000000007
3188.0000000000036
6796.0000000000055
4212.000000000004
6300.0000000000055
4897.000000000004
6089.000000000007
4590.000000000005
6155.250000000005
5244.0000000000055
5709.500000000005
5492.0000000000055
5521.500000000005
4618.0000000000055
5421.0000000000055
4410.000000000004
5402.2500000000055
4897.000000000004
4883.750000000005
4533.000000000005
4448.500000000005
3841.0000000000036
4563.750000000004
3606.000000000004
4902.000000000005
3632.0000000000036
5124.750000000005
4129.000000000005
4445.250000000005
4341.000000000004
3908.7500000000036
4457.000000000003
3725.5000000000036
5113.0000000000055
3415.500000000003
4183.000000000003
2917.7500000000027
2403.000000000002
2566.500000000002
2293.0000000000023
2560.5000000000023
2135.0000000000023