26493.25000000003
19913.000000000025
25646.750000000025
17963.00000000002
24062.50000000002
25240.000000000025
23566.250000000022
32203.000000000036
23522.750000000022
31269.000000000033
23118.000000000022
20392.000000000022
22356.250000000025
15333.00000000001
21037.000000000022
10754.000000000007
19736.75000000002
10924.000000000013
18961.250000000022
8887.000000000007
19120.25000000002
8549.000000000005
20034.250000000022
9152.000000000005
20290.750000000022
5863.000000000004
19558.00000000002
5989.0000000000055
18659.500000000022
12947.000000000013
17776.50000000002
11229.000000000013
15807.250000000015
7069.000000000008
15936.00000000002
7037.000000000008
17210.25000000002
9072.000000000011
17361.00000000002
5656.000000000006
16031.250000000016
7329.0000000000055
15570.250000000016
5781.000000000006
15342.00000000002
6412.000000000008
16430.00000000002
7931.0000000000055
17819.250000000015
6444.000000000006
17790.250000000015
7043.000000000007
15877.500000000016
8779.00000000001
13294.750000000013
11296.000000000013
14028.000000000013
13285.000000000016
14010.250000000013
15131.000000000011
14025.000000000015
14682.000000000016
14005.750000000013
13752.000000000016
12743.000000000013
13726.000000000018
10191.000000000011
13543.000000000011
7781.75000000001
13528.000000000015
7399.500000000007
14322.000000000015
7854.250000000008
13725.000000000013
10077.00000000001
13934.000000000013
11190.750000000013
14217.000000000011
11227.250000000011
14607.000000000016
10744.00000000001
15844.000000000016
10640.750000000011
17253.00000000001
10532.000000000011
18345.00000000002
10270.25000000001
18762.000000000022
10196.000000000011
19592.000000000025
10482.000000000011
19675.000000000025
10211.250000000011
18406.00000000002
10189.250000000011
16931.00000000001
10774.75000000001
16096.000000000018
11437.000000000011
17206.000000000022
12093.750000000015
15814.000000000016
12250.250000000013
12909.000000000016
12403.500000000013
13728.000000000016
11799.000000000013
13961.000000000015
11332.000000000011
14047.000000000015
11197.50000000001
12597.000000000013
11430.500000000011
12063.000000000007
12190.75000000001
11169.000000000013
12423.500000000011
11280.000000000013
12550.500000000015
9788.000000000004
12601.000000000015
9475.000000000013
12296.000000000011
10651.000000000013
12115.500000000013
9616.000000000013
11929.500000000013
6904.000000000008
12071.000000000013
7046.000000000007
12101.750000000013
7160.000000000008
11286.750000000011
7416.000000000007
10545.25000000001
6501.000000000005
11603.500000000011
6086.000000000006
11743.000000000011
5948.000000000004
11824.500000000011
6485.000000000007
12443.000000000013
6291.000000000006
12320.500000000011
8561.000000000007
10962.500000000011
8600.000000000011
10145.250000000011
4778.0000000000055
10146.25000000001
3764.0000000000036
9854.000000000011
3180.000000000003
9328.500000000011
2682.0000000000014
9007.000000000011
2440.0000000000027
9740.00000000001
2374.0000000000023
10192.000000000011
2121.000000000002
9321.00000000001
2334.0000000000027
8989.000000000011
2418.000000000002
9261.00000000001
1867.0000000000018
9204.75000000001
1619.0000000000014
9324.250000000007
1928.0000000000023
9172.25000000001
2313.0000000000027
9138.75000000001
6038.000000000004
8918.500000000007
14258.000000000013
8630.00000000001
17984.00000000001