7134.250000000007
6468.0000000000055
7247.250000000006
6746.000000000007
6777.000000000006
6954.000000000006
7221.000000000008
7574.000000000008
7638.250000000007
7396.000000000008
7151.000000000008
7036.000000000008
7081.500000000006
6331.0000000000055
7218.000000000007
6752.000000000009
7409.500000000006
6867.000000000005
7051.000000000008
5183.0000000000055
7121.750000000007
5556.000000000004
7259.750000000006
6169.000000000006
7364.500000000008
6390.000000000006
7283.250000000008
6894.000000000008
6859.750000000007
7394.000000000006
7120.250000000007
7600.000000000008
7857.750000000008
8101.00000000001
7579.750000000007
6889.000000000007
7948.750000000008
7080.000000000005
7989.750000000007
6755.000000000004
7813.250000000008
5827.000000000006
8157.000000000006
6928.000000000005
8309.00000000001
7049.000000000006
8453.250000000007
6019.0000000000055
8186.000000000006
5667.000000000006
7878.750000000006
6420.000000000006
8045.250000000008
6667.0000000000055
9785.500000000011
6614.000000000007
10459.00000000001
5707.0000000000055
10639.000000000011
5515.000000000006
10382.750000000011
6102.000000000007
11952.500000000011
6869.000000000004
11978.000000000011
6659.0000000000055
11219.500000000015
6284.000000000006
11896.750000000011
6309.0000000000055
12048.250000000013
6230.000000000006
12149.000000000013
5615.000000000006
12694.500000000013
5718.000000000007
12849.250000000015
5822.000000000006
13242.000000000011
5751.000000000005
13324.250000000015
5664.0000000000055
13069.000000000016
5916.000000000004
12887.500000000013
6808.000000000008
12538.500000000015
6751.000000000006
12797.000000000015
6858.000000000006
12234.250000000013
6618.000000000004
12361.750000000013
5882.0000000000055
12414.250000000015
6049.0000000000055
11636.000000000013
6439.000000000007
11094.500000000013
6087.0000000000055
10359.75000000001
5754.000000000006
10099.250000000011
5716.0000000000055
9536.750000000011
5902.000000000004
8516.75000000001
6334.000000000005
6782.750000000006
6124.000000000006
6132.750000000006
5687.000000000006
6562.500000000006
5115.000000000005
7221.500000000008
5539.000000000006
7986.000000000009
6515.000000000007
7515.000000000006
6767.000000000006
6615.750000000007
7076.000000000007
6374.750000000006
6988.000000000007
6407.250000000006
6168.000000000008
6235.250000000007
5182.0000000000055
6197.000000000007
4936.000000000006
6501.500000000006
5212.0000000000055
7034.750000000007
5093.000000000005
6474.500000000007
4900.0000000000055
5840.0000000000055
5194.000000000004
6681.250000000006
5614.0000000000055
7399.750000000008
5289.0000000000055
6728.750000000008
4780.0000000000055
6870.250000000006
5127.000000000005
7859.750000000009
5769.000000000006
9010.500000000011
5878.000000000007
8331.000000000011
5374.0000000000055
6984.000000000006
4925.000000000005
6206.000000000006
4859.000000000004
5631.2500000000055
4853.000000000005
4703.000000000005
4638.000000000004
5032.000000000005
4902.0000000000055
5313.500000000006
5398.0000000000055
6185.0000000000055
5178.000000000006
6599.7500000000055
4581.000000000004
5718.2500000000055
4107.000000000003
4224.250000000005
3509.0000000000036
4168.250000000004
3398.0000000000027
4690.250000000004
4072.0000000000036
4776.500000000005
4315.0000000000055
4745.250000000005
4104.000000000005