11421.750000000011
8770.000000000011
11838.500000000013
8587.000000000005
12249.000000000011
8248.000000000004
13304.500000000013
7923.0000000000055
15279.000000000016
7829.000000000008
13817.250000000013
6276.000000000006
11374.250000000013
4472.000000000005
12484.500000000015
4659.000000000003
12645.500000000013
4775.000000000004
12614.750000000013
6407.000000000003
12477.750000000013
8907.000000000005
11964.250000000015
10007.000000000007
11258.750000000011
10914.000000000007
11220.000000000013
11301.000000000011
11097.250000000011
10949.000000000013
10960.750000000011
10713.000000000011
11063.250000000011
10096.000000000011
11207.500000000011
10740.000000000013
11459.500000000013
11253.000000000011
11675.750000000013
10742.00000000001
11155.750000000013
10537.000000000015
10515.000000000011
10552.000000000011
10768.750000000011
10475.00000000001
10599.750000000011
11587.00000000001
10509.25000000001
12589.000000000015
10429.00000000001
13083.000000000016
10264.75000000001
13154.00000000001
9269.25000000001
13768.000000000016
8178.000000000008
14415.000000000011
7015.250000000006
13864.000000000015
6761.000000000007
12577.00000000001
6901.000000000007
10600.000000000011
6916.250000000006
9353.000000000007
6997.250000000008
9429.000000000007
6564.250000000005
9694.000000000011
6308.0000000000055
9632.000000000011
6615.750000000007
9399.000000000013
6633.000000000006
9618.000000000007
6382.250000000007
10570.000000000011
6551.250000000007
10356.000000000011
6938.750000000007
10595.000000000011
6520.750000000007
12640.000000000016
6228.500000000006
12002.000000000007
6556.250000000007
9472.000000000011
7090.250000000006
9662.000000000005
7241.250000000007
10332.000000000011
7233.250000000007
9432.00000000001
7275.000000000007
8076.000000000008
7100.500000000007
7790.000000000009
7200.500000000007
7466.000000000007
7493.500000000008
6961.000000000006
7532.000000000008
6775.000000000005
7471.000000000006
7067.000000000008
7585.000000000008
8184.000000000009
7132.500000000007
7819.000000000009
6775.500000000009
7137.000000000007
7375.750000000008
7214.000000000007
7189.750000000006
7453.000000000006
6638.000000000007
7674.000000000007
6824.500000000006
7774.000000000009
6019.500000000005
6294.000000000007
6461.500000000006
6502.000000000007
6402.000000000006
7139.0000000000055
7131.0000000000055
9116.000000000007
7219.500000000008
8680.000000000007
7358.250000000007
8341.000000000011
7399.500000000007
8124.000000000009
7482.000000000007
7886.000000000007
7413.750000000008
7365.000000000006
7523.750000000008
6745.000000000005
7716.250000000006
6208.000000000007
7338.750000000008
6024.000000000004
6649.250000000006
6232.0000000000055
5649.2500000000055
6476.0000000000055
5130.250000000005
6634.000000000006
5579.000000000006
6650.000000000007
6361.0000000000055
6592.000000000005
6273.000000000006
6701.000000000004
6733.500000000007
6905.000000000005
6847.750000000006
7148.000000000009
6787.000000000007
7335.000000000008
6711.750000000007
7989.000000000009
6482.750000000007
8807.00000000001
6857.250000000008
10341.000000000011
4574.250000000005
7421.000000000007
3219.0000000000036
4910.000000000005
3333.7500000000036
4249.0000000000055
3343.500000000003
3833.0000000000045
3314.7500000000036
4105.000000000004
3299.7500000000036
4629.000000000003