9284.250000000011
7979.000000000007
9267.750000000007
7903.000000000009
8956.75000000001
8070.00000000001
8499.25000000001
8748.000000000011
8180.250000000009
9793.000000000011
8075.250000000008
10673.000000000013
8123.750000000007
11016.00000000001
8357.000000000007
10487.000000000007
8570.50000000001
9388.000000000005
8808.000000000007
8077.000000000009
8967.00000000001
6992.000000000006
8770.50000000001
6454.000000000007
8327.25000000001
6258.000000000005
7989.000000000006
6242.000000000005
7761.000000000009
6436.000000000006
7959.250000000009
6536.000000000007
8867.250000000007
6960.000000000008
10289.000000000013
8380.00000000001
11525.750000000013
9028.00000000001
12152.750000000011
9161.000000000007
12353.000000000013
9358.000000000011
12560.250000000011
9355.00000000001
12619.000000000013
9503.000000000011
13308.750000000016
10740.000000000013
12868.500000000015
10993.00000000001
11387.500000000011
10634.000000000013
10536.000000000013
10811.000000000011
10062.750000000011
11082.000000000011
9460.50000000001
11077.00000000001
9287.00000000001
10878.00000000001
9420.00000000001
10571.000000000007
9100.00000000001
10483.00000000001
9040.25000000001
10231.000000000013
8913.00000000001
12764.000000000007
8807.750000000007
13164.000000000016
8910.75000000001
12573.000000000013
8071.250000000008
13309.000000000015
7788.750000000008
14183.000000000016
8150.500000000007
14362.000000000016
8766.500000000011
14036.000000000015
8471.750000000007
13189.000000000007
7963.750000000008
12005.000000000015
8115.250000000009
10957.000000000013
9007.25000000001
11188.000000000013
9572.00000000001
10604.000000000013
10034.750000000011
7666.000000000009
10031.50000000001
7263.000000000005
9950.250000000011
7870.0000000000055
9788.250000000011
7794.000000000007
10446.75000000001
8295.000000000011
10730.250000000013
8215.000000000005
10596.500000000011
7732.000000000007
10537.250000000013
8488.000000000005
10574.75000000001
7786.000000000007
10284.50000000001
6256.000000000007
10034.25000000001
6921.000000000007
9929.000000000011
7598.000000000005
10141.000000000011
5977.000000000007
9911.750000000011
7075.000000000008
9647.500000000011
6135.000000000005
9761.750000000011
5321.000000000005
9706.250000000011
6483.000000000007
9190.75000000001
6212.000000000005
9437.00000000001
7578.000000000009
9514.500000000011
7672.0000000000055
10189.500000000011
8022.000000000007
10428.750000000011
8654.00000000001
10951.50000000001
8378.000000000007
10776.750000000011
7712.000000000009
10272.000000000011
7534.000000000007
10598.50000000001
7222.000000000008
9551.250000000011
7005.000000000007
9712.25000000001
7117.000000000006
9628.000000000011
7504.000000000007
9153.25000000001
8292.000000000011
8545.250000000007
8641.000000000005
8409.25000000001
8416.000000000007
8529.250000000007
8117.000000000008
8779.00000000001
8239.000000000007
9135.25000000001
8644.000000000007
9545.00000000001
8910.000000000007
9870.50000000001
9494.000000000005
10121.250000000011
11319.000000000013
10056.75000000001
13529.000000000018
9832.00000000001
14667.000000000016
9760.75000000001
14941.000000000016
10169.750000000011
14898.000000000013
10769.75000000001
15175.000000000016
11333.500000000013
14906.000000000018
12091.750000000013
14471.000000000013