32559.000000000033
32640.000000000033
32506.500000000036
32640.000000000033
32502.750000000033
32640.000000000033
32509.750000000036
32640.000000000033
32523.500000000036
32640.000000000033
32514.500000000036
32640.000000000033
32450.250000000036
32640.000000000033
32237.750000000036
32640.000000000033
32338.250000000036
32640.000000000033
32351.750000000036
32640.000000000033
32398.500000000033
32640.000000000033
32424.500000000036
32640.000000000033
32418.750000000033
32640.000000000033
32115.250000000036
32640.000000000033
27503.500000000025
32640.000000000033
23837.500000000025
32640.000000000033
21921.500000000022
32640.000000000033
20112.75000000002
32640.000000000033
18382.00000000002
32640.000000000033
17645.750000000022
32640.000000000033
18426.750000000015
32640.000000000033
18853.75000000002
32640.000000000033
18125.75000000002
32640.000000000033
17422.750000000015
32640.000000000033
16803.25000000002
32640.000000000033
15868.250000000015
32640.000000000033
14988.000000000016
32640.000000000033
13328.000000000013
32640.000000000033
13045.500000000013
32640.000000000033
13356.000000000013
32640.000000000033
13375.000000000016
32640.000000000033
13346.750000000015
32640.000000000033
13198.000000000015
32640.000000000033
13474.500000000015
32640.000000000033
13449.000000000013
32640.000000000033
12585.500000000013
32640.000000000033
11985.000000000011
32640.000000000033
11971.500000000013
32640.000000000033
11733.000000000011
32389.000000000036
11548.50000000001
31185.00000000003
12184.000000000013
30061.000000000033
12329.000000000011
29466.000000000033
12613.000000000013
29427.000000000033
12805.000000000013
27994.000000000033
13086.750000000015
25889.000000000022
12984.000000000015
24315.00000000002
14545.250000000015
23563.000000000015
15153.500000000015
23750.00000000002
15076.500000000015
23809.000000000025
15292.750000000016
24494.000000000025
16342.000000000018
24052.00000000002
16978.00000000002
21725.000000000022
16825.500000000015
20103.000000000022
17275.75000000002
18614.000000000015
17430.00000000002
16972.000000000007
17531.00000000002
16114.000000000016
17712.000000000015
17536.00000000002
17947.50000000002
18633.00000000002
18440.50000000002
18424.00000000001
18432.500000000022
16215.00000000002
18355.00000000002
14957.000000000016
18342.25000000002
14132.000000000015
18522.75000000002
11874.00000000001
18836.000000000015
10867.000000000011
18400.000000000022
11282.000000000013
18531.00000000002
12157.000000000013
17949.50000000002
12648.000000000011
17775.25000000002
13058.000000000011
18211.750000000015
12839.000000000016
17729.250000000022
12075.000000000015
18115.25000000002
10469.000000000013
19187.50000000002
9844.000000000005
20092.750000000022
11413.000000000011
20168.000000000022
12376.000000000013
20348.000000000022
10928.000000000013
21782.750000000022
7673.000000000008
22727.250000000025
7387.000000000008
22076.750000000022
10897.000000000013
22208.000000000025
13169.00000000001
25182.500000000022
11238.000000000011
26324.500000000025
10877.00000000001
26977.25000000003
12990.000000000013
28310.00000000003
15654.000000000018
29501.250000000033
18490.000000000015
30062.000000000033
20046.000000000015
32022.000000000033
26217.000000000025
32632.000000000033
32280.000000000036
32638.000000000033
32640.000000000033
32640.000000000033
32640.000000000033
32640.000000000033
32640.000000000033