9178.25000000001
8938.000000000011
9022.75000000001
8439.000000000007
8514.25000000001
9105.00000000001
8436.50000000001
9153.000000000011
8454.000000000005
9840.000000000007
8331.75000000001
9837.000000000011
8389.750000000007
10616.000000000011
8690.00000000001
10635.00000000001
8776.750000000011
10678.000000000007
8994.25000000001
11206.000000000013
8847.25000000001
11560.000000000015
9186.250000000007
12191.000000000011
9137.75000000001
11916.000000000011
9236.25000000001
12081.000000000005
9327.25000000001
12536.000000000013
9427.50000000001
12681.00000000001
9710.250000000011
13116.000000000013
10209.75000000001
13378.000000000011
10468.000000000011
13047.00000000001
10326.750000000011
13676.000000000016
9776.000000000013
13325.000000000015
9961.500000000013
13898.000000000015
9944.50000000001
13068.000000000016
10145.000000000011
13187.000000000015
9914.500000000011
13523.000000000015
10047.25000000001
13276.00000000001
10317.750000000013
13567.000000000015
10271.75000000001
13524.000000000016
9828.500000000011
13834.000000000015
9555.750000000011
13993.00000000001
8991.250000000007
13902.00000000001
9079.000000000007
14541.00000000001
9386.50000000001
15079.000000000018
9262.50000000001
14624.000000000013
9269.750000000011
13995.000000000015
9051.50000000001
13279.000000000015
9204.250000000011
12784.000000000011
9434.50000000001
12735.000000000013
9830.75000000001
12250.000000000011
9935.75000000001
11562.000000000013
10062.75000000001
10581.000000000013
10294.25000000001
9871.000000000011
10526.500000000013
9548.000000000011
10240.000000000011
9021.000000000005
10439.500000000011
8638.00000000001
10733.000000000011
8254.00000000001
11107.500000000013
8023.000000000008
11846.00000000001
7302.000000000007
12173.750000000013
6944.000000000006
11978.250000000015
6765.000000000007
11573.000000000011
7728.000000000009
11555.250000000011
8741.00000000001
12316.000000000015
7338.000000000007
11971.000000000013
6304.000000000007
11126.250000000013
6712.0000000000055
11330.500000000011
9870.000000000007
11354.000000000011
10607.000000000011
12016.750000000011
10167.000000000013
11692.250000000011
10513.00000000001
11293.500000000013
10889.000000000013
11196.500000000013
9235.000000000005
10723.500000000013
8194.000000000007
11293.250000000015
9534.000000000011
11028.50000000001
11267.000000000011
11677.500000000011
12016.000000000007
12238.500000000013
9796.000000000011
12760.500000000015
11452.000000000011
11691.250000000015
12028.00000000001
10512.00000000001
12498.000000000015
10544.75000000001
12718.000000000013
10903.500000000011
13087.000000000016
11118.750000000011
12633.000000000011
11439.750000000011
12509.000000000011
11668.50000000001
12547.000000000013
12091.000000000013
12688.000000000013
12500.750000000013
12294.000000000013
12377.250000000011
12375.000000000013
12355.750000000015
12207.000000000011
12850.750000000013
12305.000000000007
13063.250000000015
13140.00000000001
11878.000000000011
13196.000000000011
11870.000000000011
14797.000000000015
11894.000000000013
14540.000000000015
11998.250000000013
14504.000000000016
12084.000000000015
14956.000000000016
11766.000000000013
15072.000000000016
11287.250000000011
15423.000000000015
11269.750000000011
16126.000000000018
11663.000000000013
16680.000000000015
11966.250000000011
17383.000000000022