8827.000000000007
13407.000000000015
8654.00000000001
12537.000000000013
8675.75000000001
11021.000000000013
8621.50000000001
9556.000000000011
8539.00000000001
8165.000000000007
8337.500000000007
7929.000000000009
8036.000000000008
8406.000000000011
7657.750000000008
8432.000000000011
7713.250000000008
8640.00000000001
8005.250000000009
8515.000000000007
8192.00000000001
8037.000000000007
8426.250000000011
7196.0000000000055
8658.75000000001
6230.000000000006
8740.50000000001
6042.0000000000055
8725.000000000007
6201.000000000007
8551.50000000001
6103.0000000000055
8186.500000000008
5817.000000000004
7891.750000000006
5405.0000000000055
7656.750000000008
4936.000000000006
7231.000000000007
4788.000000000005
6700.750000000007
5473.0000000000055
6359.000000000006
6135.000000000005
5902.5000000000055
6652.000000000008
6437.750000000007
6815.000000000009
6044.250000000005
6391.000000000008
7102.500000000007
6148.0000000000055
7239.750000000007
5978.000000000004
8091.000000000008
5654.0000000000055
7820.500000000008
5378.0000000000055
7098.750000000007
5300.0000000000055
7391.500000000007
5461.000000000006
7034.000000000007
5418.0000000000055
8325.750000000007
5384.0000000000055
8290.50000000001
5532.0000000000055
7958.250000000008
5921.000000000007
7946.750000000008
6854.000000000008
7687.500000000008
7774.000000000007
7664.750000000009
8138.000000000009
7391.000000000008
7845.000000000006
7399.7500000000055
6943.000000000005
7362.250000000008
5807.000000000006
7470.250000000008
4843.0000000000055
8063.250000000007
4175.000000000005
8413.75000000001
3673.0000000000036
8705.750000000011
3535.0000000000027
8439.25000000001
3462.0000000000036
8374.00000000001
3291.000000000004
8562.750000000007
3229.000000000003
8585.75000000001
3235.0000000000036
9001.75000000001
3488.000000000004
8852.250000000007
3959.0000000000023
9032.750000000007
4543.000000000004
9483.50000000001
5833.000000000004
9905.75000000001
8687.000000000005
10366.250000000011
11151.000000000013
11064.500000000011
11787.000000000007
11748.750000000013
12685.000000000013
11453.50000000001
13307.00000000001
11072.750000000011
14642.000000000015
10711.000000000015
15839.000000000018
9766.750000000011
15145.000000000015
8988.250000000007
14370.000000000016
8414.500000000007
14040.000000000015
8207.75000000001
13262.00000000001
8501.25000000001
12091.000000000013
8146.000000000007
10368.000000000011
8129.00000000001
9320.000000000011
8222.75000000001
8403.00000000001
7839.750000000008
6945.000000000004
7910.000000000007
6781.0000000000055
8462.50000000001
6180.000000000007
9505.50000000001
5444.0000000000055
9506.00000000001
5026.0000000000055
9257.00000000001
5052.000000000006
9912.00000000001
4498.0000000000055
10743.750000000011
4062.0000000000045
11241.500000000011
3868.0000000000036
11603.250000000013
3657.0000000000027
12016.500000000011
3405.0000000000036
12664.750000000015
3491.000000000003
12541.500000000016
3780.0000000000023
12132.750000000013
4313.000000000003
11539.250000000013
5264.000000000006
11293.000000000011
6599.000000000008
10611.750000000011
7556.000000000008
10513.750000000013
8028.000000000008
11213.500000000013
7837.000000000009
11183.250000000011
6863.000000000008
10828.50000000001
5755.000000000006
10781.250000000011
5162.0000000000055