7358.250000000007
12933.000000000013
7299.500000000007
13191.000000000013
7332.000000000006
14227.000000000013
7324.750000000007
13760.000000000011
7316.250000000008
13265.000000000016
7190.750000000007
12891.000000000011
7213.750000000006
10826.000000000011
7371.500000000006
10405.00000000001
7475.250000000006
12823.000000000016
7254.2500000000055
14133.000000000018
7251.000000000008
15392.000000000018
7482.000000000007
15638.00000000001
7754.500000000008
15325.000000000018
7980.500000000009
16027.000000000015
7970.000000000008
14995.000000000016
8180.500000000007
12816.000000000011
8423.250000000007
11021.000000000011
9209.750000000007
8097.000000000009
9883.50000000001
9346.000000000011
11153.500000000013
8581.000000000011
12621.750000000013
9333.00000000001
13281.000000000016
9519.000000000011
13998.750000000015
9034.000000000011
14008.500000000015
10224.00000000001
14103.250000000015
9359.00000000001
12031.000000000011
7900.000000000007
9564.50000000001
10070.00000000001
8093.250000000008
12216.000000000007
7876.250000000007
13760.000000000011
8348.250000000007
13237.000000000013
9024.25000000001
10644.000000000011
8589.75000000001
10848.00000000001
9151.750000000011
10137.000000000007
8691.50000000001
11805.000000000013
8629.25000000001
11592.000000000013
8922.750000000007
12339.000000000011
8570.00000000001
12680.000000000015
8606.500000000007
14406.000000000015
9271.750000000011
16352.000000000015
8982.25000000001
16335.00000000002
8240.250000000007
15293.000000000018
8247.00000000001
15789.000000000015
8156.750000000007
15547.000000000015
8383.00000000001
15837.000000000018
8585.75000000001
15846.000000000016
8341.50000000001
15134.000000000015
8437.000000000007
17577.000000000015
8222.50000000001
17470.000000000015
8026.000000000008
16573.000000000015
7723.000000000008
17852.000000000015
7862.500000000007
18023.00000000002
7800.750000000007
18182.000000000022
8344.25000000001
17016.000000000022
8612.00000000001
17568.00000000002
8679.75000000001
17734.00000000002
9105.00000000001
18096.000000000015
10068.000000000011
17652.000000000015
10928.00000000001
16592.000000000007
10881.500000000013
16725.000000000015
11105.500000000013
16976.00000000001
11549.000000000015
17453.000000000022
12250.250000000013
18339.000000000015
11468.250000000013
18398.00000000002
11920.750000000013
16295.000000000018
11926.000000000011
15968.000000000016
10892.750000000011
15472.000000000015
9727.250000000011
15358.000000000016
9337.000000000011
15043.000000000018
10356.75000000001
15521.000000000016
11847.500000000015
14992.000000000015
12097.000000000015
15308.000000000013
13164.500000000015
14913.000000000013
14379.250000000015
14979.000000000016
15177.750000000015
15316.000000000018
15596.250000000018
15670.000000000015
16936.25000000002
15644.000000000018
17790.25000000002
15648.000000000016
17464.500000000015
17460.00000000002
16597.75000000002
16848.000000000015
16180.000000000016
16634.000000000015
15001.000000000016
14935.00000000002
14182.000000000013
15182.000000000013
13717.750000000013
14487.000000000013
13891.000000000013
15545.000000000018
15027.500000000016
18750.000000000015
15688.250000000015
15732.000000000018
14767.250000000015
14401.000000000016
13508.250000000015
13359.000000000013
12587.750000000013
12148.00000000001
12002.000000000013
10737.000000000011