22027.00000000002
20812.000000000022
21983.500000000025
20732.000000000025
21841.750000000025
20592.000000000022
21642.750000000025
20444.000000000022
21526.250000000022
20332.000000000022
21430.250000000022
20388.00000000002
21351.000000000022
20424.000000000022
21077.500000000022
20484.000000000022
21075.750000000022
20516.000000000022
21086.000000000022
20600.00000000002
21001.750000000022
20716.000000000015
20966.500000000022
20832.000000000022
21011.750000000022
20924.000000000022
20931.250000000022
20836.000000000022
20876.250000000022
20768.00000000002
20801.00000000002
20685.000000000015
20856.250000000022
20668.000000000022
20874.000000000022
20571.000000000022
20794.250000000022
20483.000000000022
20165.250000000022
20372.00000000002
19607.75000000002
20261.000000000022
19034.750000000015
20168.000000000015
18637.000000000022
20117.000000000022
17956.250000000022
20104.000000000022
18065.75000000002
20023.000000000022
17944.25000000002
19977.00000000001
17366.250000000015
20031.000000000015
17585.50000000002
20105.000000000022
17379.000000000015
20228.000000000015
16096.000000000018
20487.000000000015
15626.50000000002
20705.000000000022
15680.750000000015
20731.000000000015
15592.750000000016
20728.000000000022
15004.000000000013
20712.000000000022
14613.500000000016
20692.00000000002
14259.750000000015
20772.000000000025
14106.000000000016
20676.00000000002
13601.500000000015
20599.000000000022
13163.250000000013
20576.000000000022
13023.500000000013
20427.000000000015
13521.250000000013
20233.000000000022
13625.750000000013
20079.000000000022
13491.500000000011
20162.000000000022
12936.750000000015
19967.000000000022
13160.000000000013
19206.000000000015
13585.750000000015
18622.000000000022
12785.500000000011
19820.000000000022
12473.000000000013
19251.000000000022
12521.250000000013
16373.000000000016
13617.000000000013
15116.000000000016
13960.750000000013
14535.000000000016
13716.250000000015
15846.000000000016
13288.750000000013
17070.00000000001
12662.000000000011
15929.000000000018
12889.000000000011
14991.000000000015
12886.250000000013
13054.000000000013
13406.750000000015
12089.00000000001
13595.500000000011
12922.000000000011
12906.500000000013
14088.000000000018
12347.000000000013
15230.000000000016
11749.500000000013
16315.000000000016
11582.500000000013
15453.000000000015
11304.750000000011
12156.000000000013
11349.500000000011
10381.000000000007
11299.250000000011
10469.000000000005
11276.000000000011
12173.000000000015
11204.750000000011
13781.000000000013
12147.500000000011
13098.000000000007
12143.500000000011
10431.000000000011
14401.500000000011
10375.000000000013
15355.750000000015
13386.000000000015
16124.000000000018
13427.000000000015
16235.500000000016
17592.000000000015
16358.250000000018
21315.000000000022
15640.750000000016
20785.000000000022
15003.000000000013
20725.000000000022
16289.000000000016
20879.00000000002
16391.50000000002
20833.000000000022
17563.500000000015
20552.000000000022
18353.75000000002
20260.000000000025
19684.000000000022
19881.00000000002
21582.500000000022
19567.000000000022
22503.750000000022
19322.00000000001
22607.750000000022
19071.000000000015
22358.500000000025
18857.000000000015
21972.000000000022
18889.000000000015
21747.000000000022
19086.000000000015
21646.00000000002
19214.00000000002
21637.250000000022
19151.000000000025
21461.000000000022
19111.000000000022