15977.250000000018
16337.000000000018
15423.500000000016
15786.000000000016
15140.250000000015
15381.000000000015
14977.000000000016
14978.000000000011
15317.250000000016
15090.000000000015
16008.000000000013
15579.000000000015
17027.00000000002
15754.000000000016
17650.00000000002
14982.000000000015
17961.75000000002
13919.000000000013
19009.00000000002
12846.000000000011
20294.75000000002
12782.000000000016
20407.50000000002
13673.00000000001
20221.25000000002
14458.000000000015
20550.75000000002
14678.00000000001
20659.750000000022
15470.000000000015
20164.50000000002
17146.00000000001
20412.75000000002
17697.000000000022
19888.50000000002
15514.000000000018
19811.50000000002
13750.000000000015
18829.75000000002
13985.000000000016
18862.25000000002
14523.000000000015
19159.50000000002
14390.000000000015
18499.00000000002
14029.000000000013
17510.75000000002
13449.000000000007
17001.250000000015
12734.000000000013
16373.500000000016
11849.000000000007
15118.25000000002
11179.000000000011
14850.750000000015
11053.000000000011
14745.750000000015
11486.000000000013
14441.000000000016
12506.000000000013
14676.750000000016
13882.000000000011
14625.000000000015
14928.000000000013
13922.000000000016
14918.000000000015
12860.750000000015
14239.000000000016
11861.000000000013
13189.000000000007
10195.500000000011
12581.000000000007
10243.500000000011
13173.000000000016
10101.00000000001
13847.000000000013
10271.250000000011
13923.000000000013
9919.50000000001
13302.000000000011
9904.75000000001
11590.000000000007
9957.250000000011
10628.00000000001
10450.000000000011
10384.00000000001
10252.500000000011
9985.000000000007
10001.50000000001
9837.000000000011
10616.500000000013
9935.000000000013
11472.750000000013
10607.000000000011
11602.500000000011
15454.000000000013
11459.250000000011
20738.000000000022
11709.750000000011
22018.000000000025
11936.250000000011
21216.000000000022
12426.250000000013
19865.000000000022
12815.000000000011
19938.000000000015
13115.500000000013
18190.00000000002
13210.500000000015
17741.00000000002
13071.000000000015
19016.00000000002
12842.250000000011
20539.00000000002
13307.250000000015
20434.00000000002
13387.750000000011
17486.000000000015
13565.500000000013
13431.000000000015
13713.000000000016
10799.000000000011
13687.000000000013
10142.000000000011
13274.250000000011
10609.000000000007
12003.500000000013
11413.000000000013
11089.000000000011
12182.000000000015
10767.500000000011
14580.000000000016
11227.000000000011
15339.000000000016
12313.000000000015
15815.000000000016
13513.500000000013
16872.00000000001
14351.500000000015
18236.000000000022
14659.000000000015
19339.00000000001
14669.000000000013
19979.00000000001
14377.500000000015
20962.00000000002
14039.500000000016
20638.000000000022
14276.500000000015
20767.00000000002
13953.750000000015
20545.000000000022
13649.750000000015
20410.000000000015
13496.750000000011
20307.000000000022
14021.750000000013
18320.000000000022
14594.250000000016
18819.00000000002
14676.250000000016
19532.000000000025
14848.000000000015
19341.000000000022
15383.250000000015
20301.000000000022
16482.000000000015
20844.00000000002
17307.00000000002
20728.000000000022
16713.25000000002
20911.000000000022
14784.000000000013
21651.00000000002
15145.000000000015
21382.000000000025
15714.250000000016
21250.000000000022
15222.000000000015
20433.00000000002