10835.000000000011
9684.000000000011
10858.250000000013
10419.000000000007
10809.250000000011
11233.000000000011
10937.500000000011
11523.000000000011
11168.250000000011
11789.000000000007
11434.000000000013
12327.000000000011
11789.750000000011
13069.000000000013
12183.750000000011
13283.000000000013
12463.500000000013
12926.00000000001
12656.25000000001
12311.000000000011
12855.50000000001
11693.00000000001
12986.750000000013
11685.000000000015
12927.000000000015
11644.000000000013
12784.000000000016
11822.000000000013
12676.000000000015
11835.000000000013
12572.000000000015
11879.000000000007
12563.250000000013
11974.000000000013
12770.750000000013
12099.000000000011
13062.500000000013
11990.000000000015
13519.000000000013
11468.000000000011
13782.750000000015
11665.000000000007
13705.500000000015
12575.00000000001
13849.500000000015
12952.000000000011
14806.000000000016
12804.000000000018
14009.000000000013
13217.000000000015
12356.000000000011
14625.000000000015
11908.750000000011
15546.000000000018
12685.250000000013
14984.000000000015
12920.250000000013
15089.000000000015
11921.250000000011
14383.000000000015
11946.750000000013
13245.000000000018
12130.250000000011
13316.000000000015
12296.000000000011
15144.000000000016
11728.000000000013
14207.000000000015
10859.250000000013
12721.000000000016
11392.500000000013
10511.000000000011
11669.000000000013
10734.00000000001
11817.25000000001
10609.000000000013
10946.250000000011
9276.000000000007
10236.000000000011
10004.000000000011
11182.250000000011
10124.000000000013
11502.750000000015
11375.000000000015
10728.750000000011
11586.00000000001
10096.500000000011
11496.000000000011
10025.50000000001
12426.000000000015
11329.500000000011
14774.000000000016
12070.750000000013
14935.000000000018
11441.500000000015
14290.000000000016
11264.500000000013
12128.000000000011
12012.250000000015
13799.000000000016
13000.250000000015
15757.000000000016
13807.000000000015
15726.000000000015
14156.750000000015
15922.000000000016
14202.250000000015
17414.00000000002
13432.250000000013
16872.00000000001
12905.750000000013
16752.000000000022
12696.00000000001
15944.000000000018
12457.750000000013
15896.000000000015
12262.500000000015
18086.00000000002
12258.750000000011
18419.00000000002
11909.250000000013
16179.000000000015
11864.750000000011
13789.000000000015
12832.500000000011
13697.000000000015
13335.500000000013
14718.000000000016
12770.000000000011
16505.00000000001
11376.750000000013
14063.000000000016
10866.250000000013
13611.00000000001
10940.750000000013
12761.000000000015
11279.250000000011
12338.000000000013
10961.500000000011
12631.000000000011
11119.00000000001
13237.000000000013
11018.000000000011
12208.000000000015
11311.500000000013
11925.000000000007
11413.500000000013
11402.000000000013
11220.250000000013
10584.000000000011
11577.500000000013
10770.000000000011
11596.250000000011
10830.000000000007
11124.500000000011
10403.000000000011
11115.750000000011
10660.000000000011
11621.750000000011
11007.000000000011
11836.750000000015
10661.000000000011
11686.750000000013
10750.000000000013
11475.500000000013
11472.000000000013
11373.750000000013
11243.000000000013
11913.250000000013
10867.000000000011
12551.000000000013
10780.00000000001
12930.500000000011
10698.000000000013
13244.750000000011
10645.000000000013
13586.250000000013
10500.000000000011
13786.500000000015
10461.000000000011