32640.000000000033
32640.000000000033
32566.500000000036
32557.000000000033
28634.500000000025
28942.000000000025
13848.000000000015
16173.000000000018
12378.250000000015
14550.000000000015
12767.500000000013
13825.000000000018
13016.500000000011
13129.000000000007
13102.500000000013
12812.000000000015
12836.500000000011
12714.00000000001
12895.000000000015
12819.000000000018
13409.750000000015
12818.000000000015
13680.000000000015
13018.00000000001
14132.000000000015
13445.00000000001
14466.000000000015
13744.000000000011
14675.000000000013
13991.000000000015
15308.000000000013
14424.000000000007
15320.500000000015
14680.000000000015
14998.000000000015
13977.000000000018
15129.750000000015
12997.000000000011
15179.250000000015
12501.000000000015
15445.000000000016
12346.00000000001
15521.000000000016
12457.000000000007
15116.250000000016
12885.000000000007
14146.250000000015
13167.000000000015
14362.000000000013
13517.000000000015
14595.000000000015
14033.000000000011
13639.000000000013
14609.000000000016
13531.750000000015
14734.000000000016
14146.000000000015
14249.000000000016
14227.750000000015
13722.000000000018
13572.500000000013
13697.000000000016
12269.250000000015
14063.000000000015
11729.000000000011
14503.000000000015
11909.500000000011
14245.000000000016
12888.000000000013
13977.00000000001
14016.250000000016
16627.00000000001
13503.250000000015
16052.000000000016
12531.250000000015
13664.000000000013
12514.250000000011
13148.000000000015
12597.000000000011
11997.00000000001
12786.750000000013
11395.000000000013
13390.250000000013
11613.000000000011
12565.750000000015
12162.000000000013
12732.250000000013
12522.000000000013
13271.000000000015
13354.000000000015
12831.000000000011
19781.00000000001
11855.750000000015
15935.000000000016
11177.750000000011
12316.00000000001
11098.750000000013
11848.000000000007
11373.750000000013
11519.000000000013
11475.750000000013
11161.000000000011
11090.50000000001
11006.000000000013
10895.250000000011
11211.000000000007
10958.250000000011
11607.000000000013
10777.750000000011
12138.000000000007
10291.750000000011
12796.000000000013
10233.25000000001
12392.00000000001
10578.750000000013
11097.000000000011
10714.25000000001
9735.000000000013
10448.25000000001
8707.00000000001
10320.750000000011
7704.000000000009
10844.75000000001
7725.000000000008
10600.250000000013
8539.000000000011
10740.00000000001
9507.000000000013
10603.00000000001
8421.000000000005
9631.500000000011
8536.000000000011
9960.000000000011
8269.000000000011
9579.25000000001
8394.00000000001
9578.25000000001
8696.00000000001
9488.50000000001
8759.000000000007
9165.00000000001
8604.000000000011
9687.50000000001
8437.00000000001
8884.75000000001
8508.000000000011
8742.75000000001
8722.000000000011
8630.25000000001
8851.00000000001
8430.75000000001
8744.00000000001
8129.250000000008
8684.00000000001
7061.500000000007
8742.000000000007
6168.250000000007
8689.000000000007
6277.250000000007
8741.000000000011
6550.750000000006
8772.000000000011
6577.500000000006
8618.000000000011
7288.250000000008
9498.00000000001
16935.25000000002
17661.00000000001
24599.000000000022
24858.000000000015
29288.000000000033
29848.000000000025
28492.00000000003
31364.00000000003
31309.00000000003
32308.000000000036
32640.000000000033
32640.000000000033
32640.000000000033
32640.000000000033