22821.500000000022
18620.00000000002
21929.750000000025
18378.00000000001
20985.250000000025
16543.000000000015
20322.250000000025
14030.000000000013
20066.250000000025
13780.00000000001
20527.50000000002
13653.000000000011
21356.500000000022
12483.00000000001
22158.75000000002
11817.000000000007
22300.250000000022
11967.00000000001
22481.250000000022
12647.000000000011
22771.500000000022
11784.00000000001
22911.500000000022
14480.00000000001
23288.000000000025
17139.000000000007
24152.750000000022
19625.00000000002
24970.000000000025
21592.000000000025
25497.000000000025
23870.00000000002
26146.250000000025
23621.000000000033
26544.250000000025
24570.00000000002
26406.500000000025
25339.000000000022
25589.750000000025
25406.000000000015
25788.50000000003
26394.000000000022
24745.750000000025
27211.00000000003
23183.500000000022
27470.00000000003
22542.75000000002
27997.000000000036
24000.000000000025
28231.00000000003
24523.250000000025
27687.000000000022
23072.500000000022
28545.000000000033
23108.250000000025
29053.00000000003
23441.250000000022
29294.00000000003
23877.250000000025
29059.000000000022
24029.750000000022
28991.000000000033
23177.75000000002
28585.000000000033
20580.75000000002
27756.00000000003
16447.75000000002
27011.00000000003
16075.750000000015
26321.00000000003
14464.750000000016
26033.000000000025
13759.250000000013
26790.000000000022
13137.000000000015
25932.00000000003
12988.25000000001
24214.000000000033
12764.500000000015
22108.000000000022
13088.500000000013
21838.000000000022
12086.500000000013
21050.000000000022
11917.250000000015
19823.00000000002
12124.000000000013
20152.000000000015
10959.500000000011
17961.000000000022
10912.750000000013
15622.00000000002
10142.750000000011
14966.000000000018
9821.000000000011
15416.000000000016
9891.75000000001
10549.00000000001
10114.750000000011
10109.000000000011
10931.750000000011
12395.000000000015
10752.000000000013
14099.00000000001
10255.750000000011
13550.00000000001
9753.000000000011
13481.000000000013
9446.750000000011
14037.000000000015
9040.25000000001
14061.000000000016
9101.00000000001
13103.000000000015
10089.000000000011
10511.000000000013
8577.250000000011
8721.000000000007
8328.000000000007
8029.00000000001
9917.500000000011
7211.000000000009
9843.000000000011
5755.000000000006
9845.75000000001
4676.000000000004
9595.25000000001
5332.000000000005
9394.25000000001
7927.000000000009
9253.75000000001
10809.000000000013
9888.250000000011
13117.000000000015
10506.500000000011
13229.000000000015
9935.750000000013
12940.000000000015
9233.250000000011
11908.000000000013
8430.500000000007
10953.000000000013
7824.500000000007
10388.000000000007
8173.250000000007
8586.00000000001
8261.000000000005
8293.000000000007
8293.25000000001
10080.000000000011
8991.75000000001
11198.000000000013
10597.25000000001
12792.000000000015
11054.500000000011
12522.000000000013
12180.750000000013
12406.000000000015
13405.250000000013
13351.000000000015
20443.500000000022
19288.000000000025
17986.250000000015
17509.00000000001
17215.75000000002
17131.000000000022
17815.50000000002
16569.000000000022
17701.750000000015
15549.000000000016
19320.750000000015
15966.000000000016
19240.50000000002
16099.000000000016
14740.500000000016
13136.000000000011
14442.250000000016
14549.000000000015
14380.500000000013
16381.000000000016