6120.750000000007
7375.0000000000055
6482.5000000000055
6948.0000000000055
6715.000000000006
6400.0000000000055
7137.250000000009
6178.000000000007
7550.500000000008
6286.0000000000055
7983.250000000007
6237.000000000006
8231.25000000001
6138.000000000004
8366.750000000007
6621.0000000000055
8373.750000000007
7384.000000000009
8483.75000000001
7998.000000000008
8723.25000000001
8313.000000000005
8845.50000000001
8393.000000000007
8824.500000000007
8428.000000000005
8795.00000000001
8416.000000000007
8627.000000000007
8368.000000000011
8531.75000000001
8158.000000000009
8506.25000000001
7841.000000000009
8310.50000000001
7243.000000000006
8062.000000000006
6891.000000000007
7489.000000000007
7403.000000000006
7059.250000000006
6433.000000000005
6998.750000000007
5606.000000000006
6815.2500000000055
5350.0000000000055
6865.500000000007
5767.000000000007
6987.250000000008
6206.000000000008
7129.000000000006
6435.000000000004
7319.000000000006
6679.000000000006
7468.000000000006
6831.000000000008
7604.750000000006
6962.000000000008
7767.250000000007
7287.000000000006
7484.250000000008
8096.000000000008
7948.750000000008
8964.000000000007
6945.0000000000055
9185.000000000007
6858.750000000006
9226.00000000001
7631.250000000007
9500.00000000001
8635.000000000007
9566.000000000007
9128.25000000001
9379.00000000001
8031.250000000008
9282.000000000011
6511.750000000007
9115.000000000011
7661.500000000008
9221.000000000011
8833.00000000001
9503.000000000011
8839.000000000011
9719.000000000011
8642.75000000001
9996.00000000001
8727.75000000001
10154.000000000011
8996.25000000001
10329.000000000013
9122.50000000001
10196.000000000011
9087.25000000001
10197.000000000011
9183.50000000001
10180.000000000013
9135.00000000001
10882.000000000011
8960.00000000001
10284.00000000001
9222.25000000001
8619.000000000005
8861.50000000001
9504.000000000007
8475.25000000001
10827.000000000011
8174.750000000009
9103.000000000011
8343.000000000007
7809.000000000008
8782.25000000001
8040.000000000007
8908.000000000011
8404.00000000001
8943.75000000001
7582.000000000009
8657.500000000007
7091.000000000006
8948.25000000001
6681.000000000007
8978.25000000001
7251.000000000006
9011.00000000001
7567.000000000007
8319.25000000001
9121.000000000005
8178.500000000009
7569.000000000008
7953.750000000008
5175.000000000004
7278.750000000007
7721.000000000009
6898.250000000007
8981.000000000011
6359.250000000006
7435.000000000008
6334.7500000000055
8178.000000000008
6748.000000000006
9400.000000000011
7157.500000000006
8059.000000000009
6350.0000000000055
7158.000000000008
6306.000000000006
7144.000000000006
6127.250000000006
6976.000000000008
6268.250000000006
6767.000000000007
6961.500000000006
6675.000000000007
7061.250000000007
6527.000000000006
7054.250000000007
6416.000000000006
7322.750000000008
6128.000000000009
7421.000000000006
6583.0000000000055
7531.750000000007
7157.000000000007
7265.000000000008
7449.000000000006
7603.250000000008
8153.000000000009
7973.500000000008
8790.00000000001
8147.750000000008
8907.000000000005
8032.250000000008
8929.00000000001
7866.75000000001
9041.000000000011
7549.000000000009
9055.000000000007
7521.500000000006
9045.000000000005
7606.000000000006
9166.000000000005