23933.75000000003
20395.000000000015
22856.75000000002
20970.000000000022
21587.500000000022
21032.000000000022
21643.500000000025
20337.000000000025
21322.25000000002
19325.000000000022
20237.250000000022
20591.000000000022
18767.00000000002
21330.000000000025
18719.000000000015
21340.000000000015
19728.50000000002
22085.000000000022
20357.500000000025
22652.000000000022
20544.250000000022
22576.000000000025
21609.500000000025
22726.000000000025
21483.500000000025
21187.000000000022
21053.000000000022
21572.000000000025
20083.50000000002
21513.000000000022
20285.50000000002
20733.000000000022
18465.00000000002
20757.000000000022
19358.500000000022
18708.00000000002
19904.500000000022
19057.000000000025
19201.250000000022
18225.00000000001
19462.25000000002
17810.000000000022
19401.50000000002
17648.00000000001
18546.75000000002
15996.000000000016
17957.75000000002
15351.000000000016
17188.25000000002
14304.000000000013
17151.75000000002
14667.000000000016
17118.75000000002
14634.000000000015
17241.000000000015
14335.000000000016
16858.50000000002
11869.000000000005
16638.500000000022
11726.000000000015
15916.500000000016
11542.000000000011
16161.000000000016
10601.000000000011
15961.500000000016
8806.00000000001
15640.000000000016
9864.000000000011
13991.500000000013
10707.000000000011
13816.500000000013
8810.00000000001
14072.250000000015
8300.000000000007
13613.000000000013
8104.000000000007
14162.000000000015
7842.000000000007
14477.750000000015
7144.000000000006
12828.250000000013
8542.000000000005
13294.750000000013
10215.000000000011
14798.000000000015
10066.000000000011
14826.500000000013
9381.000000000011
14540.750000000013
11121.000000000013
14117.000000000015
11762.000000000015
13933.500000000015
10367.000000000011
14356.500000000013
12312.000000000011
15010.500000000013
12360.000000000015
15136.250000000016
11271.000000000011
14555.500000000016
11919.00000000001
13788.500000000015
11557.000000000013
14562.000000000016
13120.000000000011
13947.500000000016
13561.000000000011
13742.750000000015
12644.000000000013
14444.000000000016
14585.000000000018
14144.500000000016
15255.000000000013
14162.250000000013
14607.000000000016
14671.750000000015
15085.000000000011
14674.500000000018
15119.00000000002
13434.250000000015
15438.000000000015
12963.250000000013
15801.000000000011
12588.500000000013
15889.000000000016
12158.750000000013
16047.000000000018
12087.000000000013
16281.000000000018
11637.500000000013
17380.000000000007
10254.750000000011
18543.00000000002
9574.25000000001
18056.00000000002
9345.500000000011
19142.000000000022
9223.750000000007
17566.00000000002
9106.00000000001
16754.000000000015
9187.250000000011
17254.000000000022
9820.500000000011
17401.00000000002
10322.00000000001
16536.00000000001
9382.75000000001
17221.00000000001
10692.000000000011
17160.00000000001
11749.250000000013
16570.000000000015
12699.000000000013
16146.000000000016
13117.000000000015
16363.000000000016
13563.000000000015
16658.00000000001
13865.500000000013
16223.000000000016
14206.500000000016
15918.000000000013
14331.000000000013
15933.000000000013
14275.250000000013
16067.000000000016
14054.250000000015
16145.000000000018
14514.000000000013
16032.000000000018
14155.250000000013
15565.000000000018
14432.000000000015
15071.000000000015
14504.500000000015
15057.000000000018
14418.250000000015
14997.000000000015