12557.250000000011
14948.000000000011
11675.500000000011
14947.000000000016
11964.750000000013
16019.000000000018
12156.750000000011
16919.000000000022
12319.000000000013
17525.00000000001
12416.500000000013
18006.00000000002
12808.250000000015
18390.00000000002
12892.750000000013
18337.00000000002
12953.750000000013
17933.00000000002
13030.750000000013
17488.00000000002
13192.750000000011
17208.000000000022
13559.250000000013
16496.000000000015
13017.750000000016
15328.000000000016
12715.250000000013
14620.000000000016
13837.000000000013
14235.000000000015
14585.250000000015
13762.000000000015
14750.250000000015
13276.00000000001
14644.750000000015
12825.000000000007
14119.500000000015
11602.00000000001
14421.000000000015
11350.000000000013
14914.250000000016
11266.000000000013
14587.250000000015
11378.000000000011
14596.750000000015
11347.000000000011
14214.750000000013
11376.000000000011
13690.750000000013
11413.00000000001
13186.500000000015
11563.000000000013
12684.750000000013
12076.000000000007
12259.750000000013
12346.00000000001
12106.500000000011
12666.00000000001
12120.500000000011
13379.000000000011
11772.000000000011
14264.000000000015
11685.750000000013
14855.000000000016
11674.250000000015
15498.000000000015
11370.00000000001
16518.00000000001
10936.500000000013
17718.000000000022
12166.000000000013
15874.000000000016
12684.250000000013
15631.000000000016
12149.500000000011
14964.000000000015
11679.750000000011
14934.000000000015
11133.500000000011
12517.000000000015
11586.250000000011
11235.000000000013
11553.750000000011
12777.000000000007
11391.250000000013
12228.000000000013
11111.250000000011
13040.000000000013
11157.500000000011
12206.000000000011
11286.750000000011
12466.000000000011
11130.750000000013
12551.000000000007
11338.000000000011
12986.00000000001
11495.750000000011
14959.000000000013
10712.000000000011
14593.000000000013
10484.500000000011
14273.000000000013
10487.500000000011
13911.000000000016
10302.25000000001
13219.000000000007
10416.25000000001
13251.000000000007
10845.000000000013
13304.000000000015
11247.500000000011
12697.00000000001
11495.750000000011
12298.000000000011
11443.750000000013
12626.000000000007
10904.000000000011
12784.000000000011
10861.500000000013
12641.000000000007
10808.000000000013
12004.000000000013
10659.250000000011
11295.000000000013
10620.500000000013
9735.00000000001
10355.50000000001
9692.000000000011
9993.50000000001
10647.000000000007
9090.250000000011
11805.000000000013
8918.500000000007
13404.000000000013
8796.25000000001
14135.000000000013
8253.250000000007
13998.000000000013
8113.250000000009
13825.00000000001
8672.500000000007
12918.000000000013
8435.75000000001
12013.00000000001
8294.750000000011
11301.000000000011
8203.750000000007
9689.000000000013
8012.000000000008
9344.000000000007
8061.250000000008
10225.000000000005
7981.750000000009
10522.000000000011
7701.750000000007
10638.000000000011
7660.750000000008
11007.000000000013
7888.250000000008
11144.000000000013
8332.000000000007
10961.000000000011
8616.50000000001
10950.000000000011
8709.00000000001
9737.000000000005
8130.500000000009
8884.000000000005
7119.7500000000055
8265.00000000001
6522.750000000006
8550.000000000005
6630.500000000007
9235.000000000013
6407.750000000006
9217.00000000001
6814.500000000007
9045.000000000005
7302.000000000007
8556.00000000001