6157.000000000007
12623.000000000015
6256.000000000005
12362.00000000001
5571.500000000006
11705.000000000015
4745.750000000005
10699.000000000011
4336.0000000000055
9487.000000000005
4181.250000000005
8264.000000000007
3329.5000000000036
7226.000000000007
2182.000000000002
5315.0000000000055
1669.2500000000016
2226.0000000000027
1378.2500000000014
850.0000000000005
1377.7500000000014
801.0000000000007
1516.0000000000014
785.0000000000006
1740.0000000000016
847.0000000000009
2261.7500000000023
865.0000000000006
2603.5000000000023
913.0000000000008
2362.2500000000023
946.0000000000013
2403.2500000000023
1006.0000000000011
3047.5000000000027
1085.0000000000014
4255.7500000000055
1106.0000000000011
6016.0000000000055
1128.000000000001
6979.000000000008
1214.0000000000014
7628.000000000007
1523.000000000001
8191.250000000006
1785.0000000000018
9198.750000000011
1800.0000000000014
10113.25000000001
1918.0000000000014
10947.25000000001
2149.0000000000014
11164.750000000011
2202.0000000000023
10733.000000000011
2031.0000000000023
11236.500000000011
1997.0000000000016
12694.500000000013
2090.0000000000014
13081.750000000013
3025.0000000000027
13584.750000000015
6303.000000000005
13301.000000000015
10472.000000000013
12543.000000000015
12613.000000000013
11975.000000000011
13988.000000000011
11235.00000000001
16091.000000000016
10820.00000000001
18467.00000000002
12213.250000000013
20748.000000000022
11968.750000000016
21853.000000000022
11714.250000000011
22387.000000000022
12609.250000000013
20310.00000000002
13606.000000000016
15407.000000000016
13648.500000000015
13689.000000000015
13244.500000000013
14418.000000000013
13475.750000000013
14318.000000000016
13954.750000000016
14940.000000000016
13946.250000000016
14111.000000000015
13739.000000000013
13304.000000000015
14015.750000000015
13798.000000000016
15006.750000000015
14000.000000000015
15251.500000000015
12890.000000000011
15292.500000000015
11727.000000000007
15835.250000000015
12346.00000000001
15679.750000000018
15439.000000000018
15928.000000000015
17796.00000000002
17060.500000000015
16623.00000000002
17502.75000000002
15506.000000000016
16498.50000000002
13736.000000000015
16016.500000000016
12765.000000000013
15808.500000000015
14297.00000000001
15987.500000000015
13673.00000000001
16552.50000000002
13190.000000000007
15814.750000000018
13263.000000000015
15780.250000000018
12455.00000000001
15595.500000000016
10064.00000000001
15761.750000000016
10384.00000000001
16836.750000000022
11353.000000000011
16166.500000000016
12943.000000000015
15688.500000000015
12516.00000000001
15615.750000000015
10910.000000000013
15553.750000000016
10184.000000000013
15904.250000000016
11291.000000000011
16112.250000000013
12181.00000000001
15353.250000000015
14213.000000000016
15116.500000000016
15187.000000000013
16191.250000000013
15521.000000000016
15519.750000000016
14736.000000000016
15103.000000000013
12955.000000000015
14868.500000000015
11163.000000000013
14177.500000000015
11912.000000000013
14467.250000000015
10329.000000000013
14439.500000000013
8649.000000000005
14616.750000000016
7050.000000000007
14940.000000000013
6092.000000000004
15258.250000000015
6890.000000000005
14310.750000000015
8940.000000000011
14868.000000000016
13621.000000000015
17507.50000000002
20899.000000000015
16572.25000000002
17301.000000000015
15598.000000000016
12732.000000000016