13408.000000000005
13408.000000000005
13408.000000000005
13408.000000000005
13408.000000000005
13408.000000000005
13408.000000000005
13408.000000000005
13408.000000000005
13408.000000000005
13408.000000000005
13408.000000000005
13408.000000000005
13408.000000000005
13408.000000000005
13408.000000000005
13408.000000000005
13408.000000000005
13408.000000000005
13408.000000000005
13407.000000000011
13408.000000000005
13407.500000000011
13408.000000000005
13421.750000000013
13406.000000000011
13237.000000000013
13188.000000000013
15172.250000000018
18722.000000000022
15845.500000000013
21586.000000000025
15535.000000000013
21154.000000000022
16447.25000000002
21042.00000000002
16322.000000000018
21035.000000000015
15787.500000000018
20240.000000000022
16093.250000000015
19789.00000000002
15948.250000000015
20120.000000000022
15719.500000000018
19972.000000000025
15858.500000000013
20273.000000000015
16019.000000000018
21238.000000000025
15976.500000000016
21262.000000000022
15912.500000000016
21271.000000000022
15898.250000000015
21329.000000000022
15553.000000000016
21451.000000000022
14995.500000000018
21539.000000000025
15007.250000000013
21477.000000000015
15103.250000000015
21129.00000000002
14607.250000000013
21386.000000000015
14148.500000000016
21427.000000000022
12331.500000000011
21330.000000000025
10489.500000000011
21846.00000000002
10957.750000000011
22018.000000000022
12312.000000000011
22054.000000000022
12425.500000000015
22123.000000000022
11986.25000000001
22169.00000000002
11653.250000000013
22248.00000000001
11069.500000000011
22334.000000000025
11872.500000000013
21394.000000000025
12530.250000000015
20852.000000000025
12329.000000000011
21194.00000000002
12674.250000000013
20941.000000000022
12007.750000000013
21301.00000000002
11256.750000000011
22513.000000000022
11173.500000000011
22541.000000000022
11138.500000000013
22604.000000000022
10852.750000000011
22669.000000000025
10936.250000000011
22634.000000000022
10786.50000000001
22538.000000000022
11466.250000000011
21919.000000000015
11807.000000000011
21924.000000000022
11514.000000000013
22145.000000000022
11440.500000000013
21938.00000000002
10845.25000000001
22146.000000000022
9789.50000000001
22097.000000000022
8904.50000000001
21804.000000000022
8723.750000000007
20888.000000000022
8571.25000000001
21031.000000000022
8620.75000000001
21194.00000000002
11015.750000000013
22337.000000000022
14393.250000000015
22257.000000000025
15282.500000000013
21001.000000000022
15956.250000000016
21357.000000000025
17052.25000000002
21347.00000000002
17173.500000000015
21298.000000000022
15852.250000000016
22745.000000000025
14735.500000000016
23147.000000000022
14521.750000000013
23302.000000000015
14775.250000000015
23545.000000000022
14810.750000000018
23840.00000000002
14738.250000000015
24447.000000000015
14059.000000000016
20534.000000000022
13355.500000000016
13078.00000000001
13411.00000000001
13409.000000000011
13407.75000000001
13408.000000000005
13409.000000000011
13408.000000000005
13408.000000000005
13408.000000000005
13408.000000000005
13408.000000000005
13408.000000000005
13408.000000000005
13408.000000000005
13408.000000000005
13408.000000000005
13408.000000000005
13408.000000000005
13408.000000000005
13408.000000000005
13408.000000000005
13408.000000000005
13408.000000000005
13408.000000000005
13408.000000000005
13408.000000000005
13408.000000000005