22019.000000000022
11322.000000000013
21953.250000000025
10889.000000000015
21845.75000000002
10498.00000000001
21915.75000000002
10014.000000000011
21874.750000000022
9702.000000000011
21583.500000000025
9523.00000000001
21389.000000000022
9249.00000000001
21380.000000000022
8874.00000000001
21157.250000000022
8600.000000000004
20798.75000000002
8330.00000000001
20508.000000000022
8211.00000000001
20135.75000000002
8080.000000000006
20062.000000000022
7901.000000000007
20293.750000000022
7779.000000000008
20369.75000000002
7660.000000000007
20451.250000000022
7573.0000000000055
20490.750000000022
7505.000000000007
20876.500000000022
7473.000000000007
20858.500000000025
7476.000000000005
19005.000000000022
7510.000000000006
17823.50000000002
7525.000000000006
17708.00000000002
7554.000000000008
18212.75000000002
7609.000000000007
18182.50000000002
7605.000000000009
18711.000000000022
7642.000000000008
19342.750000000022
7584.000000000008
19179.50000000002
7514.000000000009
19036.75000000002
7422.000000000007
19129.75000000002
7356.000000000008
18545.00000000002
7628.000000000007
18583.00000000002
7892.000000000008
18847.50000000002
7861.000000000008
18961.25000000002
7588.000000000008
18566.500000000022
7780.000000000007
16780.25000000002
7716.000000000008
16473.500000000015
7827.000000000007
16128.750000000016
7683.000000000008
16004.25000000002
7703.000000000008
16265.000000000013
7995.000000000007
15007.500000000018
8303.00000000001
14691.750000000013
8382.000000000005
14263.500000000013
8469.000000000007
14271.750000000011
8677.00000000001
13460.750000000016
8907.000000000005
13891.250000000015
8647.00000000001
13910.000000000015
8355.000000000007
13797.250000000013
8213.000000000005
15773.750000000018
8537.000000000007
17928.75000000002
8432.000000000011
18530.75000000002
8539.000000000004
18132.00000000002
7918.000000000005
15206.000000000015
7752.000000000008
14236.750000000013
7813.000000000008
17815.25000000002
8325.000000000007
19286.000000000022
8537.000000000007
19831.75000000002
8405.000000000005
19622.750000000022
7839.00000000001
19202.500000000022
7978.000000000007
19095.75000000002
8547.00000000001
17088.000000000015
8746.00000000001
15414.250000000013
9789.000000000013
17603.75000000002
10556.000000000007
18673.00000000002
10422.00000000001
17082.00000000002
10052.000000000011
15780.000000000018
10051.000000000011
14576.500000000013
9147.000000000007
13909.000000000015
9135.00000000001
13784.000000000013
9186.00000000001
13521.250000000013
8900.000000000005
13280.250000000013
8425.00000000001
13189.750000000015
7680.000000000008
13341.750000000015
8375.000000000011
13716.250000000015
7812.000000000009
13218.250000000013
7865.000000000007
13113.750000000015
8074.000000000008
13495.750000000015
7687.000000000007
13222.250000000013
7966.000000000008
13727.750000000013
7695.000000000008
13962.750000000013
7617.000000000008
13731.000000000013
7822.000000000009
13712.250000000013
7603.000000000008
14775.250000000015
8360.000000000005
16224.75000000002
8716.000000000005
14395.750000000016
9990.00000000001
12542.500000000013
10913.000000000013
13207.750000000011
10427.000000000011
14317.750000000015
8946.000000000005
14622.000000000016
8845.00000000001
14078.250000000013
10456.000000000011
12305.250000000013
10294.000000000011