18055.500000000015
18080.000000000015
18062.75000000002
18094.000000000015
18058.000000000022
18094.000000000015
18059.50000000002
18129.000000000022
18077.50000000002
18124.000000000015
18070.50000000002
18112.000000000015
18058.000000000015
18107.00000000002
18050.50000000002
18086.00000000002
18052.75000000002
18062.00000000002
18044.000000000022
18057.00000000001
18039.00000000002
18103.00000000001
18062.000000000015
18111.000000000015
18058.50000000002
18122.000000000022
18132.50000000002
18129.00000000002
17523.500000000015
18124.000000000015
16230.75000000002
18113.00000000002
15081.000000000018
18126.000000000015
14183.750000000015
18143.00000000002
13656.250000000015
18138.000000000015
13266.250000000013
18143.00000000002
13374.750000000015
18150.00000000001
13234.000000000013
18150.00000000001
12788.000000000013
18154.000000000022
12172.50000000001
18151.00000000001
11975.750000000013
18160.00000000002
11669.500000000013
18168.000000000022
11869.500000000013
18167.000000000022
11755.750000000011
18183.000000000022
11807.500000000013
18183.000000000022
11544.250000000015
18193.00000000002
12145.250000000011
18193.00000000002
11808.750000000015
18197.00000000001
12040.750000000013
18178.00000000002
12690.250000000011
18204.00000000002
12506.000000000011
18204.00000000002
12175.750000000013
18211.00000000001
12734.500000000015
18213.00000000002
12709.000000000015
18192.00000000002
13170.750000000013
18198.000000000022
13885.500000000016
18209.00000000001
14333.750000000016
18234.000000000007
13645.000000000016
18228.000000000015
13731.250000000015
18243.00000000001
13352.250000000015
18228.000000000022
13214.250000000016
18250.00000000002
12808.750000000015
18305.000000000022
12521.500000000015
18036.000000000015
12770.500000000016
17699.000000000015
12440.750000000013
16729.000000000007
12111.000000000013
15826.000000000018
11994.500000000011
14269.000000000015
12137.000000000011
13389.000000000013
12959.250000000013
13353.00000000001
14520.500000000013
15092.000000000016
15178.750000000015
16544.00000000002
14660.750000000018
17534.000000000022
13679.500000000015
17979.00000000002
13179.500000000013
17565.00000000002
13185.750000000016
17369.00000000002
12671.000000000013
17257.000000000015
12810.250000000013
17706.00000000002
12678.500000000011
17462.00000000002
12122.250000000015
17216.00000000002
13130.750000000011
17439.000000000015
14069.750000000013
18071.00000000002
13824.500000000013
18358.000000000025
14630.250000000015
18220.000000000022
14881.500000000015
18194.00000000001
14297.250000000015
18301.00000000001
13768.250000000013
18288.000000000022
14473.500000000013
18309.000000000015
13854.000000000015
18265.000000000025
13135.000000000015
17959.000000000015
13309.000000000015
17442.000000000007
13197.250000000015
16751.000000000022
12437.750000000013
16187.000000000018
11656.00000000001
15124.000000000016
11060.500000000013
14542.000000000015
11190.000000000013
14460.000000000011
10968.750000000011
14241.000000000016
11469.000000000011
14140.000000000011
14003.250000000013
21203.000000000015
15119.500000000016
25824.00000000002
15005.000000000016
19080.00000000001
14837.500000000013
18016.000000000022
14332.500000000015
17998.00000000001
12581.000000000013
17289.000000000015
13459.750000000013
21406.000000000022
15333.750000000016
26989.00000000003
13081.000000000013
21669.000000000025