32582.000000000036
32640.000000000033
32598.500000000033
32640.000000000033
32617.000000000033
32640.000000000033
32480.500000000036
32640.000000000033
32507.000000000036
32640.000000000033
32536.500000000036
32640.000000000033
32576.250000000036
32640.000000000033
32577.000000000036
32640.000000000033
32533.500000000033
32640.000000000033
32497.750000000033
32640.000000000033
32527.750000000033
32640.000000000033
32550.750000000036
32640.000000000033
32560.750000000033
32640.000000000033
32516.750000000036
32640.000000000033
32524.750000000036
32640.000000000033
32544.25000000003
32640.000000000033
32469.000000000033
32640.000000000033
32202.500000000036
32640.000000000033
31415.250000000033
32626.000000000033
28382.250000000025
32018.000000000033
26003.000000000025
28850.000000000025
24957.750000000025
25252.000000000015
25129.750000000025
22271.000000000025
25300.250000000025
20603.000000000022
24257.500000000025
18722.00000000002
23635.250000000025
17348.000000000015
22960.000000000025
16192.000000000013
22683.500000000025
14720.000000000016
22500.000000000025
15134.000000000015
21983.750000000022
14343.000000000018
21585.75000000002
14415.000000000011
21233.750000000022
14507.000000000015
21005.75000000002
12778.000000000007
20657.000000000025
12155.000000000007
20262.500000000022
12690.000000000013
19672.25000000002
13471.000000000011
19069.75000000002
14005.000000000016
18731.75000000002
15091.000000000015
18280.00000000002
16458.00000000001
18036.250000000015
18505.000000000015
17624.250000000015
19913.00000000002
17241.75000000002
20958.000000000022
16632.000000000015
22653.000000000025
16321.750000000018
24442.000000000022
16482.000000000015
26461.000000000025
16883.500000000015
27738.00000000003
17327.00000000002
28075.000000000025
17300.50000000002
28394.000000000025
17381.50000000002
28832.000000000033
17814.75000000002
29759.000000000022
18158.500000000022
30277.000000000022
18721.500000000022
30303.000000000033
18848.000000000015
30591.00000000003
18685.000000000022
30945.000000000033
18173.000000000015
31123.000000000033
17818.00000000002
31288.000000000033
17939.25000000002
31476.000000000033
17940.50000000002
31664.000000000033
18744.25000000002
31860.000000000033
19573.000000000022
32072.000000000036
20324.250000000022
32320.000000000036
22522.000000000022
32544.000000000033
22974.000000000022
32632.000000000033
23869.75000000003
32640.000000000033
24510.750000000025
32640.000000000033
25967.000000000025
32640.000000000033
27546.25000000003
32640.000000000033
28987.000000000033
32640.000000000033
30111.750000000033
32640.000000000033
30894.500000000033
32640.000000000033
31172.00000000003
32640.000000000033
31523.500000000033
32640.000000000033
31576.000000000036
32640.000000000033
30021.50000000003
32556.000000000036
28853.75000000003
30362.00000000002
24339.000000000025
30410.00000000003
21854.250000000025
28427.00000000002
22394.500000000022
23977.00000000002
21209.250000000022
21550.000000000022
23672.50000000003
21309.000000000025
28917.750000000033
21838.000000000022
30673.75000000003
25119.000000000025
32180.75000000003
30732.000000000033
32640.000000000033
32640.000000000033
32640.000000000033
32640.000000000033
32640.000000000033
32640.000000000033
32640.000000000033
32640.000000000033
32640.000000000033
32640.000000000033
32640.000000000033
32640.000000000033
32640.000000000033
32640.000000000033