21736.000000000025
21850.000000000025
19724.25000000001
19871.00000000001
20108.500000000022
20254.000000000022
19900.75000000002
20051.00000000002
19729.75000000001
19891.00000000002
19985.500000000022
20144.00000000002
20050.75000000001
20200.000000000007
19981.000000000022
20135.000000000022
19968.500000000022
20135.000000000022
19966.250000000022
20135.000000000022
19901.750000000022
20135.000000000022
19928.75000000002
20135.000000000022
19505.500000000015
20212.000000000015
18382.50000000002
19285.000000000022
17266.000000000015
13787.000000000016
16717.750000000015
11322.000000000011
16276.500000000016
10963.000000000013
15359.250000000016
12178.000000000015
15184.750000000016
10680.000000000013
14038.500000000015
10847.000000000013
13990.750000000018
12169.000000000016
12900.500000000013
10658.00000000001
12115.250000000015
10407.00000000001
12393.500000000015
10236.000000000007
12136.000000000011
11616.00000000001
11765.250000000011
11980.00000000001
12102.250000000011
12239.000000000015
12009.500000000013
12923.000000000015
12151.250000000013
12309.000000000013
12076.250000000013
12273.000000000013
11178.750000000011
13569.000000000016
10729.000000000011
14939.000000000015
11241.00000000001
14118.000000000018
10953.750000000011
14215.000000000016
11018.000000000011
15440.00000000001
12259.750000000011
15097.000000000015
13303.000000000011
15767.000000000016
13181.000000000011
16361.000000000016
12753.250000000013
16675.000000000022
12154.750000000011
15936.000000000016
11902.500000000013
16852.00000000002
11932.500000000013
17261.00000000002
11603.500000000015
17759.000000000015
11408.000000000011
18162.00000000002
11568.00000000001
17609.000000000015
11885.750000000013
17697.000000000022
12074.25000000001
18457.000000000022
12082.500000000013
18542.00000000002
12392.00000000001
18526.00000000002
12768.500000000013
18704.000000000015
13166.500000000013
19278.000000000022
13395.500000000016
19814.000000000022
14053.750000000016
19994.00000000001
14832.250000000018
20131.00000000001
14853.250000000016
20153.000000000022
14770.250000000015
20125.00000000002
14950.500000000013
20130.000000000022
14954.500000000015
20136.000000000015
14791.000000000013
20136.000000000015
14731.500000000015
20136.000000000015
14607.500000000015
20136.000000000015
14663.000000000013
20137.000000000015
14684.750000000015
20135.000000000022
14754.750000000013
20135.000000000022
14809.750000000015
20136.000000000015
15135.000000000015
20135.000000000022
15195.000000000015
20134.000000000022
15222.750000000015
20133.000000000022
15287.250000000015
20133.000000000022
15443.750000000015
20134.000000000022
15656.000000000016
20135.000000000022
15564.750000000016
20135.000000000022
15554.750000000015
20135.000000000022
15368.250000000013
20135.000000000022
15031.750000000016
20135.000000000022
15110.750000000015
20135.000000000022
14279.750000000015
20135.000000000022
13402.000000000013
20135.000000000022
14089.250000000013
20135.000000000022
14217.250000000015
20135.000000000022
15571.000000000015
20135.000000000022
16630.750000000015
20135.000000000022
16706.250000000015
20131.00000000001
18353.75000000002
20072.000000000015
19804.750000000022
20108.000000000025
20056.00000000002
20220.00000000002
19940.500000000022
20121.000000000015
19844.25000000002
19953.000000000015
20354.75000000002
20514.000000000022
29428.75000000003
29480.00000000003