17524.500000000015
19907.000000000022
17866.25000000002
20862.000000000022
17589.25000000002
21915.000000000022
17064.00000000002
23042.000000000025
16696.25000000002
24211.000000000022
16613.000000000022
24502.000000000022
17137.75000000002
23072.00000000003
17986.00000000002
21206.00000000002
19079.25000000002
20809.000000000025
19411.75000000002
20989.000000000022
19007.500000000022
20873.00000000002
18936.750000000015
20905.00000000002
19083.50000000002
20829.00000000002
19429.000000000022
20459.00000000002
19843.000000000022
20654.000000000015
20143.75000000002
21983.000000000022
20404.250000000022
22942.000000000025
20382.250000000022
23011.00000000003
20138.25000000002
23594.00000000003
19337.25000000002
24762.00000000003
17543.75000000002
25557.000000000025
16484.000000000015
25711.000000000025
15951.750000000018
25483.000000000025
15144.500000000015
25256.000000000025
15191.750000000015
25329.000000000015
16089.750000000015
25010.000000000015
16174.750000000016
23866.000000000022
16106.250000000016
22861.000000000022
15988.500000000018
22541.000000000022
16032.750000000016
22530.000000000025
16868.000000000015
22145.000000000022
16470.75000000002
20835.000000000022
15691.500000000015
18800.00000000002
14905.250000000016
17104.000000000015
13530.250000000013
16307.000000000015
13621.750000000013
17155.00000000002
12724.750000000013
18052.000000000022
12406.000000000013
17643.00000000002
12379.00000000001
17365.000000000015
12168.500000000015
19034.000000000022
11917.250000000011
20042.000000000022
11739.000000000013
18647.000000000022
11490.000000000011
17153.000000000022
11350.00000000001
17058.000000000015
11261.000000000011
17497.000000000022
10966.50000000001
17133.00000000002
11167.500000000011
16351.000000000016
10477.000000000011
16697.000000000022
9721.000000000011
18200.000000000022
10293.000000000011
19559.000000000015
10936.000000000011
20440.000000000022
11447.750000000013
21165.000000000025
11675.250000000011
22284.000000000022
11428.250000000013
23299.000000000022
11631.00000000001
23328.00000000003
11831.000000000011
23213.000000000025
12189.500000000013
23470.000000000022
11247.25000000001
23436.000000000022
11088.750000000011
22621.00000000002
11320.250000000011
21544.000000000025
11440.250000000013
20472.000000000015
11519.250000000011
18762.00000000002
11630.750000000013
16952.000000000015
11227.75000000001
17029.000000000015
11461.000000000013
18256.00000000001
11540.750000000013
19451.000000000015
12942.750000000016
20211.000000000022
13215.750000000013
20116.000000000025
13194.500000000015
19561.00000000002
12846.250000000015
18912.00000000001
13897.500000000016
18393.000000000022
15082.000000000016
18465.000000000022
14760.250000000015
19117.00000000003
14291.000000000015
19585.000000000022
14660.750000000018
19946.00000000002
14780.000000000015
20038.000000000022
15296.500000000013
19682.00000000002
15822.000000000018
19447.000000000022
15814.750000000015
19461.00000000001
15672.000000000013
19526.000000000022
15581.500000000015
19734.00000000001
15837.500000000016
19507.000000000022
15821.000000000015
18754.000000000022
15319.250000000015
18738.00000000002
15014.000000000015
19530.00000000002
14577.250000000015
20673.000000000022
13909.000000000016
21116.000000000022
13295.500000000011
19705.000000000022
13459.750000000013
17807.000000000015
14488.000000000015
17623.000000000015