10907.500000000013
9788.000000000011
10910.750000000013
10547.000000000011
10895.000000000011
11297.000000000013
11019.000000000011
11551.000000000013
11282.00000000001
11794.000000000011
11516.500000000013
12442.000000000007
11831.750000000016
13169.00000000001
12217.000000000013
13425.000000000011
12517.500000000015
13108.00000000001
12720.000000000013
12354.000000000013
12929.750000000011
11751.000000000013
13055.750000000011
11639.000000000013
12965.250000000013
11680.000000000007
12867.250000000013
11862.000000000013
12751.250000000013
11919.00000000001
12609.750000000013
11924.000000000015
12567.000000000013
12027.00000000001
12802.750000000013
12205.000000000011
13084.500000000013
11955.000000000016
13598.500000000011
11455.000000000013
13806.750000000013
11752.00000000001
13790.750000000015
12774.000000000018
13920.000000000013
13030.000000000013
14852.250000000016
12861.000000000011
14099.500000000016
13337.00000000001
12483.750000000013
14605.000000000016
11982.500000000011
15645.000000000016
12744.250000000015
15057.000000000015
12979.500000000013
15114.000000000016
11896.250000000011
14359.000000000015
12018.500000000013
13357.000000000016
12156.750000000011
13463.000000000016
12423.750000000013
15208.000000000016
11762.250000000013
14215.000000000016
10855.750000000013
12761.000000000015
11497.500000000011
10643.00000000001
11748.750000000013
10838.000000000013
11838.750000000015
10553.000000000011
10984.250000000011
9254.000000000007
10235.25000000001
10196.000000000011
11217.250000000011
10161.00000000001
11534.000000000011
11388.000000000011
10801.000000000011
11637.000000000007
10199.500000000011
11639.000000000013
10081.500000000011
12519.000000000007
11383.750000000013
14858.000000000015
12129.000000000011
14989.000000000013
11456.50000000001
14555.000000000013
11313.000000000013
12102.00000000001
12070.500000000011
13725.000000000013
13007.750000000015
16028.000000000016
13916.250000000015
15730.000000000018
14216.000000000015
15984.000000000016
14281.500000000016
17554.00000000001
13450.250000000015
16946.00000000001
12990.750000000013
16944.00000000002
12705.000000000013
16008.000000000016
12523.250000000013
15984.000000000016
12389.250000000013
18231.000000000015
12371.000000000015
18555.000000000022
11958.000000000011
16402.000000000015
11907.00000000001
13982.000000000016
12949.000000000015
13490.00000000001
13425.750000000015
14726.000000000015
12826.750000000015
16869.00000000001
11497.750000000011
14076.000000000016
10951.750000000011
13557.000000000013
10999.000000000011
12929.000000000015
11324.500000000013
12160.000000000011
11025.500000000011
12944.000000000015
11229.250000000011
13160.000000000013
11101.750000000011
12070.000000000011
11353.500000000011
12048.000000000013
11514.500000000013
11496.000000000011
11282.750000000011
10776.000000000011
11654.250000000011
10820.000000000013
11639.500000000013
10854.000000000013
11231.250000000013
10559.00000000001
11144.000000000013
10848.00000000001
11626.500000000013
11172.000000000013
11894.750000000011
10792.000000000013
11794.500000000013
10826.000000000013
11594.500000000013
11407.000000000011
11440.000000000011
11271.000000000011
11988.500000000013
10924.000000000013
12663.250000000013
10811.000000000013
12983.750000000015
10691.000000000011
13342.500000000015
10684.000000000011
13737.250000000015
10586.000000000011
13861.750000000015
10445.00000000001