5460.250000000006
7980.000000000009
5610.000000000006
7455.000000000009
5698.5000000000055
6596.0000000000055
5762.000000000006
5988.000000000003
6051.000000000006
6062.000000000006
6281.000000000006
6121.000000000005
6214.5000000000055
6004.0000000000055
6061.000000000006
5657.0000000000055
6042.2500000000055
5412.000000000006
6199.5000000000055
5387.000000000006
6481.750000000007
5153.0000000000055
6510.500000000006
4771.0000000000055
6207.500000000006
4893.000000000004
5783.5000000000055
5251.0000000000055
5548.2500000000055
5535.0000000000055
5659.000000000006
5694.000000000006
5924.750000000006
5679.0000000000055
6139.5000000000055
4942.000000000005
6314.000000000006
4291.000000000004
6244.0000000000055
4405.0000000000055
6139.250000000006
5923.000000000005
5968.000000000006
7060.0000000000055
5879.250000000006
7266.000000000006
5905.250000000006
6936.000000000006
5940.750000000007
6965.000000000006
6397.750000000006
7375.0000000000055
6939.750000000007
7684.000000000004
7543.500000000007
8212.00000000001
7819.500000000009
8610.000000000005
8170.000000000009
8529.000000000007
8056.250000000008
8343.000000000005
8313.750000000007
8133.000000000008
8957.250000000007
8592.00000000001
9301.50000000001
9707.000000000005
8728.000000000007
10302.000000000011
8582.75000000001
9788.000000000011
8067.000000000007
9067.000000000005
8272.00000000001
8423.000000000007
8505.25000000001
8152.000000000008
8159.000000000008
8122.000000000008
9038.50000000001
7899.000000000007
8965.00000000001
7523.000000000007
8106.500000000007
8182.000000000008
9032.25000000001
9812.00000000001
9730.75000000001
10085.00000000001
9835.75000000001
10083.000000000011
9785.75000000001
10001.000000000011
9965.00000000001
10893.00000000001
10269.00000000001
10582.00000000001
10530.750000000013
11138.00000000001
10522.75000000001
11244.000000000013
9736.00000000001
9858.00000000001
9583.00000000001
10207.000000000013
9618.500000000011
8951.00000000001
9543.25000000001
9502.000000000011
9182.75000000001
8713.000000000007
9228.75000000001
8393.000000000007
8948.75000000001
7062.000000000008
11854.500000000011
6551.000000000007
12595.000000000013
5941.000000000006
11629.00000000001
5339.000000000004
10595.500000000011
4481.0000000000055
9740.500000000011
3815.000000000004
9211.25000000001
4015.0000000000036
8320.00000000001
4259.000000000003
7027.000000000007
4332.000000000003
7007.250000000006
4112.000000000004
6997.500000000006
4385.000000000003
6997.750000000007
4853.000000000005
6016.0000000000055
5645.000000000006
5385.750000000005
6361.000000000008
5510.500000000006
6504.000000000006
5666.750000000006
6412.000000000008
5950.7500000000055
6322.0000000000055
6154.0000000000055
5823.000000000005
6237.250000000006
5467.0000000000055
6245.5000000000055
5560.000000000006
6116.750000000006
6397.000000000004
5788.0000000000055
7241.000000000007
5486.7500000000055
7407.000000000009
5385.750000000005
6966.000000000005
5806.2500000000055
6769.000000000007
6613.250000000006
6827.000000000006
7486.750000000007
6985.000000000008
8208.75000000001
7118.000000000005
8803.000000000007
7747.000000000008
9326.00000000001
8911.000000000007
9651.00000000001
10179.000000000013
9722.500000000011
10306.000000000011
9394.750000000007
9365.000000000005