16173.750000000016
17661.00000000001
16368.250000000016
17813.00000000001
16574.500000000022
17626.00000000002
16878.50000000002
17839.00000000002
16714.50000000002
18175.00000000002
16504.750000000015
17930.000000000022
17197.25000000002
16887.00000000001
17799.000000000022
15930.000000000018
18269.25000000002
15146.000000000011
19040.25000000002
14635.000000000016
19654.00000000002
14516.000000000018
19587.75000000002
14974.000000000013
18118.500000000015
14163.000000000016
16669.75000000002
13529.000000000015
15719.250000000018
14335.000000000016
14825.750000000018
15294.000000000013
13811.000000000015
15785.000000000016
14031.750000000015
15745.000000000018
13317.500000000013
14932.000000000016
13173.750000000016
14443.000000000015
13675.000000000013
14532.000000000013
13687.500000000013
14552.000000000011
12695.750000000013
14196.000000000016
12946.250000000013
14013.000000000007
13838.000000000016
14021.000000000015
13684.000000000015
14021.000000000015
13191.250000000015
13747.000000000015
12265.500000000013
12837.000000000015
12789.250000000015
11394.00000000001
12463.250000000011
10042.000000000005
12236.500000000013
9573.000000000007
12001.250000000013
10111.000000000011
10764.000000000013
10865.000000000013
11370.750000000013
11257.000000000011
11933.000000000011
11757.000000000007
11363.750000000011
12957.00000000001
10714.250000000015
14553.000000000016
10208.500000000013
15959.000000000018
10285.250000000011
16676.000000000015
11376.750000000011
16925.00000000002
12699.750000000013
17700.000000000015
12892.000000000011
18407.00000000002
13026.250000000011
18460.000000000015
13144.250000000013
18261.000000000022
12736.000000000015
18337.000000000022
12898.500000000011
18668.000000000022
13151.500000000016
18328.000000000022
13350.750000000013
16968.000000000015
12980.000000000011
15361.000000000015
13012.750000000013
14621.000000000018
13742.000000000011
14858.000000000016
14394.750000000015
15076.000000000015
14353.500000000016
14803.000000000016
14487.000000000011
14781.000000000015
13885.500000000015
15728.000000000018
13176.750000000015
17042.000000000015
12842.250000000011
17748.00000000002
13126.000000000013
17145.00000000001
13718.250000000016
15878.000000000016
14106.250000000013
14758.000000000013
13931.500000000015
13345.000000000015
13807.250000000011
11995.000000000013
14056.000000000013
11899.000000000015
14359.000000000015
13538.000000000013
15144.000000000016
14934.000000000016
16189.750000000016
15789.00000000002
16664.75000000001
16533.00000000001
16541.250000000015
16473.00000000001
16507.75000000002
15480.000000000015
16701.75000000002
14092.000000000015
16221.500000000015
13896.000000000011
15755.750000000018
14379.000000000013
16284.750000000015
15345.000000000016
16519.750000000015
16821.00000000002
16683.75000000002
18112.000000000007
17051.00000000002
18678.00000000002
17089.25000000002
18894.00000000002
16887.50000000002
19216.00000000001
16944.500000000015
19375.000000000015
17335.250000000015
19259.00000000002
18265.00000000002
19222.000000000015
18890.75000000002
19725.000000000015
18877.00000000002
19688.00000000001
18720.250000000022
18891.000000000022
19174.00000000002
18829.000000000022
18671.000000000022
18776.00000000001
17630.750000000015
17891.000000000022
17411.75000000002
18079.000000000015
17642.250000000015
18767.000000000015
17296.25000000002
18698.000000000022