10547.500000000011
26865.000000000022
10400.50000000001
27635.000000000036
10603.000000000013
27822.000000000033
10584.750000000011
27908.000000000025
10844.500000000013
27857.000000000033
11281.000000000013
27898.00000000003
11689.250000000011
27874.000000000033
11909.250000000013
27745.00000000003
11840.250000000013
27757.00000000002
11573.250000000011
27738.00000000003
11218.000000000011
27566.000000000033
10576.75000000001
27281.000000000025
10094.00000000001
27135.00000000003
9936.500000000011
26080.000000000025
8928.50000000001
19635.000000000015
8366.250000000007
16474.00000000001
6738.500000000007
11806.000000000013
5631.5000000000055
11316.000000000013
5593.7500000000055
10860.000000000011
6549.250000000007
9040.000000000007
7384.750000000008
8769.00000000001
8480.750000000011
6472.000000000007
9084.50000000001
5136.0000000000055
7393.000000000007
5448.0000000000055
5830.7500000000055
6163.0000000000055
6817.000000000006
8440.00000000001
7738.500000000008
11026.000000000011
7128.250000000007
8969.000000000011
7091.750000000006
7558.000000000007
7532.500000000008
7794.00000000001
7399.000000000009
6253.000000000006
7694.750000000009
8470.00000000001
8202.000000000007
9173.00000000001
9037.25000000001
9122.00000000001
8965.50000000001
10034.000000000011
8631.75000000001
11091.000000000013
9025.00000000001
9829.000000000013
9731.75000000001
8940.000000000011
9458.500000000011
11000.00000000001
8689.75000000001
10933.000000000011
9406.50000000001
11274.000000000013
10407.000000000011
11106.000000000013
10847.500000000011
11304.000000000013
10383.50000000001
11442.00000000001
10403.50000000001
11359.000000000011
10474.750000000011
11633.000000000015
10233.750000000011
11403.000000000013
10395.750000000011
11076.000000000013
10637.750000000013
10749.000000000011
10889.000000000011
10205.000000000007
11150.75000000001
9541.000000000011
10756.000000000011
8969.000000000005
9874.250000000011
8343.00000000001
9913.25000000001
7809.000000000008
9804.50000000001
6995.000000000008
10158.750000000011
6441.000000000007
10401.250000000011
5980.000000000007
10311.25000000001
5382.000000000005
9828.250000000011
4935.000000000004
9121.250000000011
4468.000000000005
8649.00000000001
4133.000000000005
8780.25000000001
3754.000000000004
9729.75000000001
3476.000000000004
10131.250000000011
3213.0000000000036
10753.500000000013
2988.0000000000023
10349.000000000011
2890.000000000003
9128.00000000001
2817.000000000003
8820.75000000001
2719.000000000003
9134.250000000011
2704.0000000000023
9269.500000000011
2660.0000000000027
10457.500000000011
2624.000000000003
11044.750000000011
2652.0000000000027
11906.250000000011
2580.000000000002
12812.750000000015
2556.0000000000023
12399.750000000011
2624.0000000000027
12847.500000000011
2676.0000000000023
13292.000000000015
2668.0000000000027
13082.000000000013
2612.0000000000027
13096.750000000011
2636.0000000000023
13487.000000000013
2724.0000000000027
13841.250000000015
2776.0000000000027
13863.000000000015
2720.0000000000023
13837.250000000011
2676.0000000000023
13078.500000000015
2776.0000000000023
13283.500000000013
2804.0000000000027
14345.500000000015
2860.000000000003
14774.500000000015
3006.000000000001
15401.000000000015
3434.0000000000036
14974.250000000016
4028.0000000000036
14248.250000000016
4494.000000000005