11432.750000000011
13732.000000000015
11509.750000000011
13570.000000000018
11544.250000000011
13651.000000000015
11369.250000000011
13921.000000000016
11271.250000000013
14126.000000000015
11261.75000000001
14025.000000000015
11200.000000000013
13729.000000000011
11259.750000000013
13573.000000000011
11457.250000000013
13265.000000000016
11705.750000000011
13096.000000000013
11942.250000000013
13859.000000000013
12035.250000000013
14588.000000000015
12044.000000000013
14723.000000000015
12311.000000000015
14433.000000000015
13078.500000000011
13816.000000000013
13810.000000000015
13921.000000000016
13924.000000000015
9962.000000000007
12899.750000000011
5238.0000000000055
12501.500000000015
5003.0000000000055
11727.000000000013
3445.0000000000023
10944.750000000011
4397.000000000003
10521.00000000001
3743.000000000004
9702.750000000011
4376.0000000000055
10046.00000000001
5403.0000000000055
9552.50000000001
5926.000000000006
9826.75000000001
6772.000000000007
10043.75000000001
6431.0000000000055
9186.250000000011
7612.000000000007
8159.000000000008
8022.000000000007
7683.750000000007
8004.000000000008
7324.750000000008
9015.000000000011
6783.2500000000055
8514.000000000007
6271.250000000006
8503.000000000005
5496.7500000000055
9449.000000000011
5426.500000000005
10771.000000000011
5792.250000000006
11745.000000000005
5786.000000000005
12188.000000000016
6045.5000000000055
12759.00000000001
6047.000000000004
14504.000000000016
6656.000000000008
15014.000000000015
8505.750000000007
14307.000000000016
9123.25000000001
12679.000000000011
9964.000000000011
11414.000000000013
9539.75000000001
10339.000000000011
10353.500000000011
9595.000000000011
10637.75000000001
10279.000000000011
8707.250000000007
10319.000000000011
7760.000000000006
9887.000000000013
7741.500000000007
9360.000000000007
7693.250000000007
8827.000000000007
7658.000000000007
8658.000000000011
7830.750000000007
8405.000000000005
7454.250000000008
8800.00000000001
7563.500000000008
9001.000000000007
8324.75000000001
9720.000000000013
7860.750000000009
9811.00000000001
7876.750000000006
9113.000000000005
9020.00000000001
10487.000000000007
8680.50000000001
11756.000000000007
7345.000000000007
9137.000000000011
7643.000000000007
8104.000000000008
8034.750000000007
7479.000000000008
7410.500000000008
7962.000000000008
6162.000000000006
9248.00000000001
6092.250000000006
11153.000000000011
7029.250000000008
12612.000000000007
7285.500000000005
12759.00000000001
7158.750000000007
11961.000000000005
7684.250000000008
11201.000000000011
7835.250000000008
12042.00000000001
9080.50000000001
12789.00000000001
9229.000000000007
11435.000000000015
8828.500000000011
9179.000000000011
8314.75000000001
8976.000000000005
8204.50000000001
11353.000000000013
8487.25000000001
13465.000000000013
8342.50000000001
14104.000000000016
8606.75000000001
14740.000000000015
8576.500000000007
15218.000000000016
8386.50000000001
15224.000000000016
7772.000000000007
15528.000000000015
7122.500000000007
16367.000000000015
6679.000000000006
16123.000000000018
6392.0000000000055
14729.000000000016
6293.000000000007
13195.000000000011
6265.250000000007
12829.000000000011
6346.250000000006
13272.000000000011
6569.2500000000055
12571.000000000011
6873.250000000006
9893.000000000007
7148.750000000007
9065.00000000001