18179.750000000015
15262.000000000016
17322.00000000002
14413.000000000016
16437.500000000015
14096.000000000016
15648.750000000015
14579.000000000016
15298.000000000016
15100.00000000002
14290.000000000016
15417.000000000016
13566.250000000015
15397.000000000016
12609.250000000015
14493.000000000015
12479.000000000011
14774.000000000018
12541.750000000015
15287.000000000018
13389.000000000013
15863.000000000015
15031.750000000016
17454.000000000015
15863.750000000018
17272.000000000015
15523.250000000013
17528.000000000022
15104.500000000015
17985.00000000002
14269.750000000016
17254.000000000022
13426.000000000015
16785.000000000015
11687.000000000011
17255.00000000002
10880.500000000011
17264.00000000002
11747.000000000011
17013.000000000015
12697.000000000015
16283.000000000022
12957.750000000011
17362.000000000015
13127.500000000011
17837.000000000015
13342.250000000013
18094.000000000015
13011.750000000015
19238.000000000015
12311.000000000015
19264.000000000022
11885.750000000013
19087.00000000002
12228.500000000015
19123.00000000002
12252.750000000013
18999.00000000002
11876.000000000013
18666.00000000002
10947.250000000011
18638.00000000001
12119.500000000011
18141.000000000015
12513.000000000013
17287.000000000015
12343.250000000013
16712.000000000007
12087.500000000013
16769.000000000015
11645.500000000011
17115.00000000001
12238.000000000013
16966.000000000015
13225.250000000013
16424.00000000002
12359.750000000013
15735.000000000016
12619.750000000013
15749.000000000018
14378.500000000015
17035.00000000002
13355.750000000013
18160.00000000002
14088.750000000016
20076.000000000015
16262.750000000016
20859.00000000002
16367.750000000016
21790.000000000025
15174.000000000016
22509.000000000025
14364.000000000013
21721.000000000025
13966.750000000015
20149.000000000022
14625.500000000015
19534.00000000002
15344.500000000016
17141.00000000002
16104.000000000015
16367.000000000018
15987.500000000016
14707.000000000015
14090.500000000015
10964.000000000011
14079.000000000015
11128.000000000013
14206.750000000013
11490.000000000011
14675.250000000015
10966.000000000011
14707.500000000016
13393.000000000011
13488.500000000013
15379.000000000018
13946.750000000016
16321.000000000018
15158.250000000016
16090.000000000016
14777.000000000015
16341.000000000016
14038.250000000016
17524.00000000001
12865.250000000015
18140.000000000015
14056.25000000001
17656.000000000022
14134.250000000015
17266.00000000001
13364.750000000013
17678.00000000001
13497.000000000013
17738.00000000001
13475.250000000013
18151.00000000001
12784.500000000013
18714.00000000001
12650.750000000013
18281.000000000022
13040.750000000011
17855.000000000022
13757.250000000013
18095.000000000015
13887.250000000015
18186.000000000015
14015.250000000016
18086.00000000002
14363.750000000015
17969.000000000022
14223.000000000018
17952.00000000001
14665.500000000015
18203.000000000015
14438.250000000015
18033.000000000015
14136.500000000015
16991.00000000001
14278.750000000015
15927.000000000018
14391.000000000015
16168.000000000016
14843.250000000016
18263.000000000015
14817.500000000015
19373.000000000022
14704.250000000016
22002.00000000002
15212.750000000018
23435.00000000003
15996.000000000016
23121.000000000025
16112.000000000015
23063.000000000022
16352.000000000015
20724.000000000025
16248.500000000016
16401.00000000002
16032.500000000016
11877.000000000015