11844.250000000015
6733.000000000006
11821.750000000015
6436.000000000006
10872.25000000001
5847.000000000006
10235.750000000011
5747.000000000006
10772.250000000013
6598.0000000000055
10777.250000000011
7866.000000000009
10187.750000000011
8284.00000000001
9895.75000000001
8297.000000000005
9109.75000000001
8407.000000000007
7750.750000000008
8481.000000000005
7511.750000000008
8713.000000000007
7868.000000000009
8820.000000000007
7934.250000000008
8797.000000000007
8109.750000000008
8928.00000000001
8788.00000000001
9176.000000000011
9641.500000000011
8683.000000000007
10099.500000000011
8288.00000000001
9729.75000000001
8888.000000000007
11132.750000000011
10266.000000000007
12278.500000000013
10387.000000000011
12362.750000000013
9680.000000000007
12169.000000000011
9381.000000000011
11977.500000000013
9280.00000000001
11414.000000000011
9528.000000000007
8180.250000000007
10349.000000000011
6630.750000000007
10338.00000000001
7306.5000000000055
9469.00000000001
7950.250000000007
8840.000000000011
8184.500000000009
10988.000000000011
8399.25000000001
13542.000000000013
7829.000000000008
14316.000000000016
6477.000000000007
13866.000000000011
5439.000000000005
14243.000000000013
5153.500000000005
14579.000000000016
6353.250000000006
13867.000000000011
7209.750000000007
14265.000000000015
8158.500000000008
14992.000000000015
8033.500000000008
14155.000000000011
8533.750000000007
12536.000000000013
10217.500000000011
11556.000000000013
11651.000000000011
11810.000000000011
11563.750000000011
13651.000000000015
11802.500000000011
13847.000000000013
11493.250000000011
13306.00000000001
11951.750000000011
12595.000000000016
12083.500000000013
11709.00000000001
10910.00000000001
11680.000000000015
9842.75000000001
12141.000000000013
9808.25000000001
10692.000000000011
10367.00000000001
7870.0000000000055
10036.750000000011
5548.0000000000055
9820.50000000001
4374.000000000003
9905.500000000011
4905.0000000000055
10330.000000000011
6193.000000000007
10841.750000000011
7333.000000000008
10924.500000000013
7388.000000000006
10993.000000000013
7662.000000000006
11226.000000000013
8238.000000000005
11636.750000000011
8271.000000000007
12565.750000000011
7462.000000000007
13091.000000000013
7430.000000000007
13128.000000000011
7243.000000000006
12075.000000000013
6761.000000000007
11179.750000000011
5823.000000000005
11099.250000000011
4391.000000000004
10766.750000000011
4205.000000000005
10329.000000000011
5087.0000000000055
9960.500000000011
5999.000000000005
9351.500000000011
7433.000000000008
9274.500000000011
8916.000000000011
9065.250000000007
9596.000000000007
9010.75000000001
10219.000000000011
8659.250000000007
11581.000000000013
8507.000000000007
11596.000000000011
8361.250000000007
13240.000000000015
8829.25000000001
14936.000000000018
9709.25000000001
14511.00000000001
9458.75000000001
13924.000000000015
8640.75000000001
13286.000000000015
8140.750000000007
11820.000000000007
8043.750000000009
10229.000000000011
8239.75000000001
9228.000000000005
8088.500000000009
8214.000000000005
8193.25000000001
6819.0000000000055
8354.250000000007
6670.000000000007
8602.25000000001
8793.000000000005
9356.75000000001
11019.000000000013
9705.50000000001
11807.000000000015
9537.000000000011
12273.000000000013
7801.250000000008
10468.000000000011