32622.250000000033
32640.000000000033
32063.750000000033
32338.000000000036
30036.500000000036
30254.000000000033
31512.000000000033
31176.00000000003
31926.50000000003
31224.000000000033
31892.000000000036
30928.00000000004
31867.250000000036
30741.000000000036
31922.50000000003
30892.000000000025
30874.000000000033
26105.000000000025
29939.000000000033
22463.000000000022
29360.00000000003
19929.00000000002
28162.75000000003
16079.000000000018
27788.75000000003
18825.000000000015
27179.250000000025
19718.00000000001
25776.000000000022
17457.000000000015
25699.75000000003
16447.000000000022
26255.250000000025
20635.000000000022
25417.000000000033
20133.000000000022
23262.250000000022
18136.00000000001
23109.500000000022
17216.00000000002
23190.500000000022
21635.000000000022
22882.000000000022
20898.000000000015
22013.25000000002
20118.000000000022
20149.25000000002
17141.00000000002
20608.250000000022
18566.000000000015
22030.500000000022
21488.000000000025
21103.25000000002
21574.000000000025
20111.250000000022
19626.00000000002
19332.50000000002
22081.000000000025
17714.75000000002
21469.000000000025
18611.00000000002
20140.000000000022
18842.250000000022
22241.000000000022
18288.25000000002
23295.00000000003
17673.50000000002
22308.000000000022
17420.50000000002
21380.000000000022
15655.500000000016
23654.00000000003
15478.500000000018
23208.000000000015
16407.500000000015
21758.00000000002
16313.000000000013
23981.00000000002
15261.750000000015
25226.000000000025
14264.250000000015
23641.00000000002
13142.500000000011
23083.000000000025
15622.250000000013
23786.00000000003
14994.000000000016
24767.00000000003
16980.25000000002
24228.000000000022
16710.75000000002
24891.00000000002
16661.50000000002
25578.00000000002
16717.75000000002
26303.000000000033
17188.25000000002
28384.00000000003
17372.25000000002
29790.000000000033
17239.00000000002
28182.000000000025
18346.25000000002
27914.000000000022
18171.00000000002
28090.000000000025
18083.500000000022
26501.000000000033
17788.75000000002
26063.000000000025
17996.25000000002
25986.000000000025
18273.75000000002
26149.000000000033
18205.000000000022
26326.00000000003
17709.000000000015
26134.000000000033
17219.250000000022
26476.000000000025
18367.75000000002
26266.000000000033
19398.000000000022
26366.00000000003
20093.75000000002
25809.00000000002
20202.500000000022
26429.000000000025
20593.250000000022
26777.000000000033
21244.000000000022
26575.000000000033
21254.750000000022
27659.000000000033
21377.000000000022
27374.00000000002
21644.500000000022
27099.000000000025
22130.500000000022
28082.000000000036
22615.500000000025
28322.000000000036
22181.250000000022
29262.00000000003
22301.75000000002
30434.000000000033
22781.000000000025
30625.00000000003
23796.250000000025
30531.000000000036
24869.000000000022
30540.000000000036
25343.250000000025
30578.00000000003
26207.50000000003
30540.000000000036
27185.750000000025
30457.00000000003
29024.50000000003
30470.000000000033
31220.000000000036
30472.000000000033
31825.75000000003
30736.000000000036
29552.500000000025
28822.00000000003
18266.50000000001
18804.00000000001
24329.500000000022
24636.00000000002
29339.250000000033
29868.000000000025
28837.75000000003
31691.00000000003
31420.250000000036
32447.000000000036
32640.000000000033
32640.000000000033
32640.000000000033
32640.000000000033