32640.000000000033
32640.000000000033
32640.000000000033
32640.000000000033
32640.000000000033
32640.000000000033
32640.000000000033
32640.000000000033
32640.000000000033
32640.000000000033
32640.000000000033
32640.000000000033
32640.000000000033
32640.000000000033
32640.000000000033
32640.000000000033
32640.000000000033
32640.000000000033
32640.000000000033
32633.000000000036
32580.000000000033
32551.000000000036
32087.500000000036
30671.000000000033
30811.750000000033
26775.00000000003
29944.25000000003
24807.00000000003
29327.00000000003
24538.00000000003
29047.25000000003
23538.00000000002
28775.25000000003
23710.000000000022
27479.50000000003
24406.00000000003
27631.250000000033
22640.000000000025
27753.50000000003
22447.000000000022
25724.50000000003
23448.00000000002
25043.50000000003
25166.000000000025
25389.750000000025
24374.000000000025
25214.750000000025
23481.000000000022
24897.25000000003
24808.000000000022
24623.25000000003
26771.000000000022
24028.500000000025
26728.000000000022
23407.250000000022
27391.00000000002
22829.500000000025
28316.00000000003
22415.000000000022
28915.00000000002
21009.000000000025
29245.00000000003
21105.000000000022
30617.000000000036
21655.25000000002
31526.000000000033
21099.500000000022
32188.000000000036
21170.000000000022
32518.000000000033
19649.250000000015
32538.000000000033
16848.000000000015
32580.000000000033
15731.000000000015
32610.000000000033
16301.250000000016
32608.000000000033
15510.000000000016
32600.000000000033
16069.000000000018
32614.000000000036
17204.750000000015
32626.000000000033
16418.000000000015
32640.000000000033
16436.50000000002
32640.000000000033
16186.000000000018
32640.000000000033
15084.250000000013
32640.000000000033
15901.250000000015
32640.000000000033
16728.250000000015
32640.000000000033
17315.00000000002
32640.000000000033
17203.25000000002
32640.000000000033
16999.50000000002
32640.000000000033
17812.00000000002
32640.000000000033
18376.750000000022
32640.000000000033
17945.250000000015
32640.000000000033
18278.25000000002
32640.000000000033
18619.25000000002
32640.000000000033
19578.25000000002
32640.000000000033
19508.00000000002
32640.000000000033
19358.75000000002
32640.000000000033
20216.000000000022
32640.000000000033
21612.00000000002
32640.000000000033
22716.500000000025
32640.000000000033
23650.250000000025
32640.000000000033
24326.750000000025
32640.000000000033
24075.000000000022
32640.000000000033
24820.000000000025
32640.000000000033
25404.000000000025
32640.000000000033
25245.75000000003
32640.000000000033
26034.000000000025
32640.000000000033
25062.50000000003
32640.000000000033
26162.50000000003
32640.000000000033
26326.250000000025
32640.000000000033
28105.25000000003
32640.000000000033
29839.500000000025
32640.000000000033
30196.25000000003
32640.000000000033
32001.250000000033
32640.000000000033
32522.75000000003
32640.000000000033
32547.500000000036
32640.000000000033
32605.750000000033
32640.000000000033
32632.000000000033
32640.000000000033
32631.500000000033
32640.000000000033
32609.000000000033
32640.000000000033
32594.000000000033
32640.000000000033
32622.250000000033
32640.000000000033
32640.000000000033
32640.000000000033
32640.000000000033
32640.000000000033
32640.000000000033
32640.000000000033
32640.000000000033
32640.000000000033
32640.000000000033
32640.000000000033
32640.000000000033
32640.000000000033