9226.00000000001
14200.000000000016
8530.00000000001
13924.000000000015
8311.00000000001
13799.000000000016
8529.000000000007
13620.000000000016
8389.750000000011
13831.000000000013
8258.00000000001
14266.000000000018
8628.500000000007
14439.000000000018
9085.000000000007
14365.000000000013
9584.00000000001
14159.000000000015
9712.750000000011
13911.000000000016
9512.25000000001
13977.00000000001
9226.500000000007
13996.000000000016
9281.25000000001
13970.000000000016
9475.75000000001
13836.000000000011
9512.25000000001
13749.00000000001
9789.50000000001
13737.000000000016
10189.50000000001
13801.000000000013
10298.750000000011
14163.000000000013
10153.250000000011
14715.000000000013
10076.500000000011
14800.00000000001
10140.00000000001
14588.000000000015
9566.75000000001
14278.000000000011
8958.250000000011
14092.000000000016
9037.25000000001
14132.000000000015
8847.500000000007
14634.000000000015
8695.00000000001
15080.000000000016
8412.500000000007
15005.000000000016
8422.25000000001
14516.000000000016
7798.500000000006
14081.000000000015
7374.000000000008
13903.000000000015
7533.750000000007
13472.000000000015
7462.750000000008
12922.000000000011
7575.750000000007
12477.000000000005
7368.000000000007
12131.000000000011
6998.000000000006
12234.000000000015
6512.750000000007
12756.000000000015
6248.0000000000055
13673.00000000001
6200.500000000007
14443.000000000015
6333.7500000000055
14820.000000000018
6575.750000000006
14566.000000000016
6979.000000000007
13504.000000000015
7183.250000000007
12339.000000000013
8253.50000000001
14317.000000000016
8034.500000000008
15910.000000000018
8793.250000000007
16971.00000000002
9038.00000000001
17366.000000000015
8196.50000000001
17637.000000000015
7593.750000000006
17159.00000000002
7871.000000000008
16665.000000000015
7934.25000000001
16395.00000000002
8037.250000000008
16471.00000000002
8067.00000000001
16237.000000000016
7630.0000000000055
15727.000000000015
7303.000000000006
14876.00000000001
7293.500000000006
13952.000000000016
7548.750000000007
13438.000000000015
7588.500000000007
13114.000000000016
7180.750000000007
11999.000000000015
6387.000000000006
10492.000000000011
6352.500000000006
8786.000000000005
6258.500000000006
9724.000000000011
6084.000000000006
12796.000000000013
5802.0000000000055
9065.000000000011
5795.5000000000055
7798.000000000008
7037.750000000009
8840.000000000011
8244.00000000001
9932.00000000001
8556.00000000001
13515.000000000011
8289.75000000001
16892.000000000015
8282.25000000001
20528.000000000022
8135.50000000001
23014.000000000025
8254.500000000007
25204.000000000022
8099.500000000007
26163.000000000022
8523.000000000007
26451.00000000003
8922.750000000007
26680.00000000003
9377.50000000001
27243.00000000003
9997.75000000001
27378.00000000003
11376.000000000011
27614.00000000003
12562.750000000011
27662.000000000025
13195.750000000015
27547.00000000003
13233.500000000011
27699.00000000003
13368.750000000016
28026.000000000015
13500.000000000015
27879.00000000002
13297.500000000015
28234.00000000003
12750.000000000013
27912.000000000033
12316.250000000015
28005.00000000003
12082.000000000011
28038.000000000022
11865.000000000011
27893.000000000033
11607.750000000011
27507.00000000003
11649.000000000011
27516.00000000003
11538.750000000013
27268.000000000025