29455.00000000003
29593.000000000015
29438.500000000033
29561.000000000033
29423.000000000033
29526.000000000033
29425.750000000036
29559.00000000003
29431.000000000036
29526.000000000033
29334.50000000003
29553.00000000003
29330.250000000033
29523.00000000002
29284.25000000003
29450.00000000003
29284.500000000033
29353.000000000025
29267.750000000033
29445.000000000025
29192.750000000033
29221.000000000036
27652.750000000025
29380.000000000033
26645.500000000025
27889.000000000033
25774.25000000002
20590.00000000002
24585.250000000025
17094.00000000002
24102.500000000025
12436.000000000015
23662.000000000022
8378.000000000007
22875.000000000022
8551.00000000001
22295.500000000022
9558.000000000007
21602.750000000022
8662.00000000001
20399.500000000022
8607.00000000001
18990.75000000002
11393.000000000011
18423.25000000002
11682.000000000007
18174.250000000022
9300.000000000011
17544.50000000002
9897.000000000011
16735.750000000015
12187.000000000013
16250.25000000002
12509.000000000011
14911.250000000015
12073.00000000001
14768.000000000015
12544.00000000001
15071.000000000015
13419.000000000013
14583.500000000016
14746.000000000015
14015.250000000013
15373.000000000015
13377.500000000013
14815.00000000001
12793.250000000015
15701.000000000018
13218.250000000018
16350.000000000015
13315.750000000015
16456.00000000002
12450.750000000013
17795.00000000002
11380.250000000011
18041.00000000002
10292.25000000001
17868.000000000015
10166.000000000011
17979.00000000002
10483.00000000001
19118.000000000022
10653.50000000001
18434.00000000002
10767.50000000001
18728.000000000022
10797.750000000011
19717.00000000002
9998.500000000011
20126.000000000022
9070.500000000007
20153.000000000025
8983.250000000007
20634.000000000022
9555.00000000001
21599.000000000015
10073.250000000011
21408.00000000002
12240.25000000001
21842.000000000022
15217.250000000013
22701.000000000022
15824.000000000018
24786.00000000002
15586.000000000016
25681.000000000025
15093.250000000015
25882.00000000002
15314.250000000015
26269.00000000003
15151.750000000016
26796.00000000002
14477.250000000016
27012.00000000003
14334.500000000013
27194.00000000002
14386.250000000015
27172.000000000033
14054.250000000015
27529.000000000036
13741.500000000013
27455.00000000003
13809.500000000015
27339.000000000033
13770.000000000016
27206.000000000025
13623.500000000013
26788.000000000022
13569.000000000013
26757.000000000033
13496.250000000013
26965.000000000036
13310.000000000016
27041.000000000033
13304.500000000013
27276.000000000022
13447.000000000015
27659.000000000033
13670.500000000013
27757.00000000002
13842.500000000015
27833.00000000003
14062.000000000015
27932.000000000033
14186.250000000015
27970.00000000003
14238.750000000013
28085.00000000003
14598.250000000016
28106.00000000002
14783.500000000016
28051.000000000022
15367.500000000015
28031.00000000002
15880.250000000016
28118.000000000025
15997.000000000016
28135.000000000025
16039.250000000018
28190.000000000022
17928.250000000022
28345.000000000033
18624.00000000002
28432.000000000022
19364.00000000002
28485.000000000036
20884.500000000022
28586.000000000022
22002.750000000025
28712.000000000033
24941.250000000025
28733.00000000003
26158.250000000033
28749.00000000003
26549.50000000003
28813.000000000022
27192.250000000025
28913.00000000003
27650.750000000025
28875.000000000022