30693.50000000003
27977.000000000033
30699.500000000033
27957.00000000003
30762.50000000003
27926.00000000003
30757.00000000003
27960.00000000003
30726.750000000036
27936.000000000025
30698.500000000033
27830.00000000003
30221.750000000036
27862.00000000002
28426.000000000033
25603.000000000015
27334.500000000025
18929.000000000022
26008.250000000025
13480.000000000007
26090.500000000022
10484.000000000013
25455.250000000025
12531.00000000001
24796.250000000022
13715.000000000015
23650.250000000025
11444.000000000011
22487.750000000025
12120.00000000001
21557.750000000022
14515.000000000007
20766.750000000022
12968.000000000011
20453.250000000022
9642.000000000007
20479.250000000022
11281.000000000011
19889.250000000025
12830.000000000011
18834.50000000002
11729.000000000013
17060.75000000002
10550.000000000013
16666.00000000002
11055.00000000001
17012.00000000002
13646.000000000016
16503.250000000015
13869.000000000015
16333.750000000015
13922.000000000013
16030.750000000018
14056.000000000013
15238.750000000018
14113.000000000018
15260.250000000013
14902.000000000011
15264.500000000015
16420.000000000015
15012.500000000016
16796.00000000001
14109.000000000015
16793.00000000001
13201.750000000016
17093.000000000007
11848.500000000011
16928.00000000002
11942.250000000013
16648.000000000015
12077.500000000011
18392.00000000001
12120.000000000013
17853.000000000015
12676.250000000011
17605.00000000002
12892.500000000013
19830.000000000022
13409.750000000013
19526.000000000022
12450.250000000015
18543.00000000002
13070.500000000015
18341.000000000022
13933.000000000013
19232.000000000022
12963.750000000011
21205.000000000022
13117.750000000015
21095.000000000022
14527.500000000016
21360.000000000025
17529.50000000002
22241.000000000022
19958.250000000025
24871.000000000015
19330.250000000022
27229.000000000022
18263.25000000002
27275.000000000033
18856.50000000002
27285.00000000003
19878.250000000022
27305.00000000003
20035.25000000002
27310.000000000033
19208.50000000002
27467.000000000033
18933.250000000022
27376.00000000002
18946.50000000002
26438.000000000036
18450.250000000022
25907.000000000015
18045.250000000022
26039.000000000022
17872.750000000022
25442.00000000003
17985.750000000015
24480.00000000002
17789.000000000015
23928.000000000025
17231.00000000002
24031.000000000022
17139.00000000002
23671.00000000002
16965.75000000002
23554.00000000003
16755.500000000015
23326.00000000002
16564.25000000002
21955.000000000022
16304.750000000018
21450.000000000025
16625.500000000015
23306.000000000025
17564.000000000022
22322.000000000022
17259.500000000022
21930.000000000022
17226.50000000002
22925.000000000025
17564.250000000015
23679.000000000025
17354.00000000002
23705.00000000002
17359.750000000015
22867.000000000025
17065.750000000022
23483.000000000022
16979.25000000002
24687.000000000033
17378.50000000002
24166.000000000022
17533.50000000002
24847.00000000001
17146.25000000002
25551.00000000003
16202.000000000015
26359.00000000003
16955.25000000002
27146.000000000022
17399.50000000002
27301.00000000002
17970.50000000002
27214.000000000022
18823.50000000002
27192.000000000036
20995.50000000002
27172.000000000015
22265.250000000025
27158.000000000033
23115.500000000022
27179.00000000002
25337.250000000025
27206.000000000025
28129.750000000025
27179.00000000002
29012.00000000003
27137.000000000022