32434.500000000033
32640.000000000033
32208.750000000033
32640.000000000033
32313.500000000033
32640.000000000033
32290.000000000033
32640.000000000033
32356.000000000036
32634.000000000033
32381.250000000036
32586.000000000036
32216.000000000036
32242.000000000033
29988.75000000003
22987.000000000025
28368.75000000003
17042.000000000015
28161.000000000033
13997.000000000007
26619.00000000003
11800.00000000001
25523.250000000025
11167.000000000013
24471.25000000003
8757.00000000001
23163.000000000025
6488.000000000004
22680.000000000025
8366.00000000001
22551.250000000022
7784.000000000006
22335.000000000025
5975.000000000005
21755.750000000022
6526.000000000008
21278.750000000022
7202.000000000005
20171.00000000002
9828.00000000001
18224.500000000015
10102.00000000001
17348.50000000002
9193.000000000007
16973.750000000015
8989.00000000001
17001.250000000015
10232.000000000013
18073.25000000002
10177.000000000011
19001.000000000022
13773.000000000015
18681.50000000002
15762.000000000018
18151.50000000002
15396.000000000015
17540.000000000015
18173.000000000015
16646.25000000002
19493.000000000022
16152.000000000016
22348.000000000022
15987.25000000002
23227.000000000015
15347.250000000016
24801.00000000002
14355.500000000013
26397.000000000025
13851.000000000011
27922.00000000003
13691.000000000013
29222.000000000033
13580.750000000013
30063.000000000022
13325.500000000015
30842.000000000033
13170.250000000011
31512.000000000033
12942.250000000013
31885.000000000033
12552.000000000013
32064.000000000036
12388.750000000013
32128.000000000036
12559.750000000013
32163.000000000033
12649.250000000015
32223.000000000033
12655.500000000015
32320.000000000036
12486.750000000013
32404.000000000036
12402.500000000013
32385.000000000036
12215.25000000001
32299.000000000036
12196.750000000011
32268.000000000033
12440.000000000013
32348.000000000033
12529.750000000011
32481.000000000036
12357.500000000013
32605.000000000036
12243.250000000015
32635.000000000036
11891.500000000011
32634.000000000033
11563.000000000011
32629.000000000036
11202.250000000015
32640.000000000033
11639.50000000001
32640.000000000033
11657.75000000001
32640.000000000033
11340.500000000013
32640.000000000033
10790.250000000011
32640.000000000033
10854.250000000011
32640.000000000033
11605.750000000011
32640.000000000033
12360.250000000015
32640.000000000033
12815.750000000013
32640.000000000033
12406.000000000013
32640.000000000033
12225.500000000013
32640.000000000033
12128.000000000011
32640.000000000033
12292.750000000011
32640.000000000033
12095.000000000011
32640.000000000033
12940.250000000011
32640.000000000033
13387.750000000015
32640.000000000033
14108.500000000015
32640.000000000033
14181.000000000013
32640.000000000033
13935.250000000015
32640.000000000033
13742.500000000013
32640.000000000033
14005.250000000015
32640.000000000033
14044.750000000015
32640.000000000033
15161.750000000015
32640.000000000033
17044.000000000015
32640.000000000033
18929.000000000022
32640.000000000033
21653.500000000025
32640.000000000033
23555.00000000002
32640.000000000033
25385.50000000003
32640.000000000033
27156.25000000003
32640.000000000033
28151.250000000025
32640.000000000033
29304.250000000033
32640.000000000033
30521.000000000033
32640.000000000033
31395.250000000033
32640.000000000033
32205.000000000036
32640.000000000033
32588.750000000036
32640.000000000033