13294.500000000015
5746.0000000000055
13283.750000000015
5990.000000000005
13344.500000000015
6803.000000000008
13441.500000000013
7856.000000000007
13457.250000000015
8994.000000000007
13563.000000000015
9349.000000000005
13850.000000000015
9488.000000000011
13386.000000000013
9568.00000000001
12267.750000000013
9505.000000000007
12072.000000000015
9632.000000000011
12481.000000000011
9767.00000000001
12302.500000000015
9764.000000000007
12171.500000000013
9318.00000000001
12463.500000000013
8707.000000000004
13735.750000000013
8233.000000000007
14478.500000000016
7693.000000000008
14999.750000000016
7567.000000000006
15053.000000000016
7344.000000000008
15260.250000000018
7351.000000000009
15645.750000000016
7843.000000000008
15912.250000000015
8470.00000000001
16266.000000000016
8629.000000000007
16324.250000000016
8651.000000000007
15744.500000000016
9439.00000000001
14509.000000000015
8804.000000000007
12594.250000000015
6180.000000000007
11882.500000000013
6274.000000000007
11267.750000000013
8308.000000000007
11395.250000000013
9664.000000000007
10216.000000000011
9601.000000000005
9120.750000000007
9528.000000000007
8896.00000000001
9355.00000000001
9055.50000000001
9316.00000000001
8910.25000000001
9407.00000000001
9127.750000000007
9677.000000000005
9267.25000000001
9723.000000000005
8754.25000000001
9403.000000000013
8065.000000000008
8814.00000000001
7700.000000000006
8613.000000000007
7851.000000000008
9036.000000000005
8079.500000000008
8423.000000000007
8144.500000000008
7647.000000000006
7964.500000000007
7650.000000000007
7997.000000000006
8860.00000000001
8545.25000000001
9372.000000000011
8288.250000000007
9699.000000000005
8125.750000000007
10440.000000000011
7997.25000000001
9129.000000000005
7424.500000000008
7620.000000000009
7182.000000000006
9306.000000000007
7372.250000000007
10562.000000000011
7332.750000000008
9113.000000000005
6872.250000000008
10554.000000000011
7259.500000000007
10894.00000000001
7284.250000000008
9560.000000000011
7982.750000000007
11295.000000000013
8718.00000000001
11043.000000000011
8347.00000000001
11544.000000000011
8985.25000000001
11859.00000000001
9856.250000000011
11851.000000000013
10780.00000000001
11929.000000000005
11397.250000000011
11949.000000000015
11531.250000000011
11975.000000000005
11357.500000000011
12003.000000000011
11488.25000000001
11961.000000000011
11591.500000000015
12137.000000000015
11696.750000000011
12273.000000000013
11359.500000000011
12207.000000000011
10723.500000000011
12245.000000000007
9424.75000000001
12296.000000000011
9180.25000000001
12333.00000000001
9450.000000000011
12331.000000000018
10115.000000000011
12335.000000000015
10923.25000000001
12445.000000000011
11739.250000000013
12494.000000000005
12867.500000000015
12506.000000000013
14705.750000000018
12585.000000000015
15220.500000000013
12581.000000000007
15306.500000000016
12628.000000000013
15427.750000000016
12801.000000000011
15554.250000000018
12979.000000000013
15607.250000000016
13002.00000000001
15731.750000000016
13097.000000000007
15929.500000000016
13170.00000000001
16055.250000000016
13216.00000000001
16184.250000000016
13338.00000000001
16337.500000000016
13492.000000000015
16465.75000000002
13579.000000000015
16459.000000000015
13613.000000000015
16513.250000000015
13736.000000000015