6942.500000000007
16316.000000000018
7684.750000000007
16124.000000000018
8582.25000000001
15923.000000000016
9372.25000000001
15122.000000000015
10200.75000000001
14072.000000000013
11031.250000000013
13322.00000000001
11844.500000000011
12461.000000000013
12818.00000000001
11756.000000000007
13764.250000000015
11294.000000000013
14544.250000000015
11062.000000000013
14989.500000000013
11242.000000000013
15283.250000000016
11662.00000000001
15538.500000000015
11953.000000000013
15784.000000000016
12123.000000000007
16302.250000000013
12196.00000000001
16922.00000000002
12334.000000000015
17523.500000000015
12451.000000000013
17905.75000000002
12402.000000000005
17968.25000000002
12219.000000000015
17685.500000000022
12164.00000000001
16968.75000000002
12452.000000000015
15882.250000000016
12886.000000000007
14470.750000000016
13390.000000000013
13250.500000000013
13932.00000000001
12808.500000000011
14400.000000000011
12855.000000000013
14616.000000000015
12942.750000000013
14625.000000000016
13019.250000000015
14615.000000000016
13173.000000000013
14483.000000000016
13475.250000000013
14330.000000000013
14001.250000000013
14806.000000000013
14934.000000000016
15745.000000000018
15682.750000000016
16871.00000000001
16574.000000000015
18026.00000000002
17561.25000000002
19132.000000000015
17771.25000000002
19960.00000000002
17334.00000000002
20490.000000000022
16805.00000000002
20751.000000000022
16619.75000000002
21032.000000000022
15962.750000000016
21268.000000000022
14703.500000000013
21216.000000000022
13741.000000000015
20851.000000000022
12457.500000000015
20269.000000000022
12231.750000000011
19710.000000000015
11921.000000000013
18545.00000000001
11898.50000000001
16661.000000000015
12141.000000000013
14837.000000000013
11338.750000000013
14960.000000000016
10995.250000000013
15004.000000000013
10901.000000000013
14613.000000000011
10755.50000000001
14039.00000000001
10680.750000000013
13454.000000000011
11066.250000000011
12815.000000000011
11328.250000000013
12412.000000000016
11459.250000000011
12524.000000000015
11936.250000000011
12977.000000000007
11675.000000000013
13295.000000000016
12685.500000000015
13169.00000000001
12869.250000000013
12657.000000000013
12311.500000000013
12320.000000000015
12220.750000000013
12180.00000000001
12422.00000000001
12216.000000000007
12077.500000000015
12140.000000000013
11134.000000000013
12051.000000000015
10886.250000000011
11960.000000000015
10860.750000000015
12138.000000000016
10975.500000000011
12196.00000000001
11675.750000000013
12096.000000000013
13584.250000000013
12116.000000000015
14725.000000000015
12351.000000000016
14696.000000000013
12634.000000000015
14479.250000000011
12551.000000000007
14738.250000000016
12066.000000000005
15546.750000000013
11861.00000000001
16422.00000000002
12144.000000000011
17332.75000000002
12194.00000000001
17669.250000000015
12034.000000000013
17741.25000000002
11698.000000000013
17711.75000000002
11217.000000000011
17666.750000000015
10657.00000000001
17494.25000000002
10326.000000000011
17286.00000000002
10274.000000000007
17245.75000000002
10304.000000000011
17116.000000000015
10307.000000000011
16411.25000000002
10359.000000000011
15447.250000000016
10265.000000000011
14766.500000000013
10055.000000000013
14242.250000000013
9855.000000000007
14170.750000000013
9664.000000000007
14108.500000000015
9490.000000000007