32632.750000000033
32582.000000000036
31815.000000000036
32634.000000000033
30019.750000000033
29727.000000000033
29686.500000000033
22631.000000000022
28572.500000000025
19385.00000000001
27272.500000000025
15141.000000000018
26864.50000000003
9622.00000000001
26581.75000000003
7550.0000000000055
25183.500000000025
7477.000000000007
23851.250000000025
5495.000000000006
23528.250000000025
5698.0000000000055
24159.50000000003
7361.000000000009
23603.250000000025
10237.000000000013
21218.250000000015
11718.000000000011
19628.25000000002
8931.000000000005
19345.000000000022
6331.0000000000055
20253.000000000022
8139.000000000009
19274.750000000022
10530.000000000011
18245.250000000022
10590.000000000013
17387.25000000002
9564.000000000011
16124.250000000016
10053.000000000007
16657.00000000002
11715.000000000013
18093.50000000002
14771.000000000015
17970.750000000015
15674.000000000013
17442.250000000015
15385.000000000013
17623.25000000002
15217.000000000016
16748.750000000015
17238.00000000001
15141.250000000016
14850.000000000016
15061.750000000016
14398.000000000005
16037.000000000016
17239.000000000022
15833.500000000013
18701.000000000022
15237.000000000015
18335.000000000022
15021.250000000016
17674.00000000002
14954.250000000015
18011.00000000001
12609.500000000011
19803.000000000022
9965.00000000001
17873.00000000002
10715.500000000013
16479.000000000015
11584.000000000013
18095.000000000015
12039.75000000001
20099.000000000022
12178.000000000013
20445.000000000022
12423.500000000013
20236.00000000002
12751.750000000013
20496.000000000022
13040.750000000011
21186.000000000022
11141.750000000013
22200.000000000022
8035.500000000008
19917.000000000022
6564.500000000006
19413.00000000002
6160.2500000000055
20267.000000000022
6528.750000000006
21420.000000000025
8615.00000000001
23958.00000000003
12201.750000000011
27993.000000000022
14313.500000000016
28945.00000000002
14515.000000000016
26552.00000000002
13794.750000000013
25984.000000000015
13486.750000000015
24762.00000000003
13092.500000000013
23430.000000000025
13304.750000000013
23529.000000000033
13980.750000000016
23671.00000000002
14087.250000000015
22782.000000000022
13831.000000000016
22582.000000000022
13622.750000000013
22689.000000000022
13557.500000000013
23229.000000000015
13642.250000000011
22177.000000000022
13266.000000000013
22242.000000000025
13104.000000000011
23398.000000000025
13613.500000000015
23745.000000000015
13966.000000000016
23575.000000000022
14184.500000000013
23897.000000000015
14287.000000000016
23145.000000000025
14169.750000000013
22948.000000000025
14645.250000000016
23803.000000000015
15233.250000000016
24246.000000000015
15699.000000000015
25099.000000000022
16262.250000000016
25974.00000000002
16501.250000000015
26488.00000000003
16232.250000000016
26845.00000000003
16111.750000000013
28003.00000000003
16463.500000000015
29183.000000000033
16745.500000000015
30278.000000000033
16975.75000000002
31736.000000000036
17150.75000000002
32501.000000000033
17706.00000000002
32637.000000000036
18640.50000000002
32629.000000000036
20989.250000000022
32632.000000000033
23244.750000000022
32640.000000000033
23340.00000000003
32640.000000000033
23994.50000000003
32640.000000000033
26507.000000000025
32640.000000000033
29361.750000000025
32640.000000000033
31817.250000000033
32640.000000000033
32625.500000000033
32640.000000000033