26719.000000000025
26720.000000000025
26720.75000000003
26720.000000000025
26688.500000000025
26720.000000000025
26670.250000000025
26720.000000000025
26689.00000000003
26720.000000000025
25818.75000000003
26700.000000000033
24682.750000000022
26692.000000000033
24024.000000000025
26676.00000000002
22015.750000000022
26798.00000000002
19565.500000000022
25315.000000000025
19492.25000000002
19192.000000000015
18531.50000000002
16469.00000000002
20348.75000000002
13341.000000000016
22014.500000000022
10901.000000000013
21032.250000000022
11798.00000000001
20395.75000000002
11244.000000000013
20325.00000000002
10242.000000000011
20062.50000000002
12247.000000000013
19425.750000000015
12765.000000000013
19134.500000000022
10647.000000000007
18605.00000000002
11550.000000000013
18579.750000000015
13237.000000000013
18275.50000000002
13535.00000000001
17516.50000000002
13014.000000000011
17230.250000000015
14052.000000000018
17493.000000000015
15033.000000000016
16838.00000000002
15656.000000000016
17097.750000000015
15530.00000000002
17048.50000000002
14457.000000000016
16333.000000000015
14401.000000000016
16172.000000000015
14052.000000000018
15872.50000000002
14047.000000000016
14360.750000000018
14718.000000000015
14549.000000000016
14537.000000000011
14578.000000000013
14543.000000000015
14063.750000000013
14514.000000000013
13721.500000000011
14768.000000000018
13669.500000000013
15160.000000000015
13703.500000000016
15110.000000000013
12694.000000000015
15126.000000000013
11758.000000000013
16198.000000000015
11445.750000000011
16854.00000000001
11120.000000000011
16958.00000000002
10533.250000000011
16708.000000000015
10322.50000000001
16755.000000000007
10520.250000000011
16986.000000000022
10580.500000000011
17671.00000000002
10659.50000000001
17751.00000000002
11558.500000000011
17672.000000000022
12659.750000000011
18008.000000000022
12803.750000000013
18561.00000000001
12562.750000000011
19334.000000000025
12429.500000000013
19390.000000000015
12502.750000000013
19545.00000000002
12872.750000000015
19197.000000000022
12824.000000000011
19501.000000000022
12489.000000000013
19341.000000000022
12770.500000000013
19278.000000000022
13282.750000000011
19063.000000000022
13409.500000000013
19068.000000000022
13280.000000000013
19171.000000000022
13169.750000000016
19806.00000000002
13537.750000000013
19730.000000000022
13616.000000000013
19942.000000000022
13513.500000000015
19506.000000000022
13475.500000000015
19758.000000000022
13581.250000000015
19926.000000000025
13740.500000000015
20110.000000000025
13870.250000000015
20313.000000000025
14088.750000000015
20317.000000000022
14205.000000000015
20281.00000000002
13980.000000000013
19917.00000000001
13807.000000000013
20453.000000000022
13856.500000000015
20943.000000000022
13485.500000000013
21286.00000000002
13558.750000000013
21651.00000000002
13218.500000000015
21812.000000000022
13034.750000000013
21879.000000000022
13316.000000000015
21777.00000000002
13259.250000000011
22019.00000000002
13821.000000000015
22294.000000000022
14265.500000000016
22393.000000000022
14479.000000000015
22558.000000000022
13432.250000000013
22816.000000000022
12862.750000000013
22990.000000000022
13740.000000000013
23181.00000000003
14225.500000000015
23329.000000000022
16434.500000000015
23466.000000000022
17111.75000000002
23655.000000000015
17271.750000000015
23866.000000000022