2521.0000000000023
3636.0000000000045
2609.7500000000027
3714.0000000000027
2605.5000000000027
3865.000000000003
2521.2500000000023
3773.0000000000045
2470.7500000000023
3694.000000000003
2390.000000000002
3851.000000000004
2373.5000000000023
3853.000000000004
2354.2500000000023
4016.0000000000045
2337.5000000000023
4292.000000000004
2298.000000000002
4466.0000000000055
2178.0000000000023
4524.000000000004
2174.0000000000023
4553.000000000003
2197.5000000000027
4453.000000000005
2203.0000000000023
3786.000000000004
2286.5000000000023
3218.000000000003
2228.2500000000023
3056.0000000000023
2219.2500000000027
2592.0000000000027
2681.7500000000023
2065.0000000000014
3317.5000000000036
2018.000000000002
3713.5000000000036
2047.0000000000018
4219.000000000005
2078.0000000000014
4589.000000000005
2081.000000000002
5164.250000000005
2114.0000000000023
5568.0000000000055
2249.0000000000023
5827.5000000000055
2289.0000000000023
6076.0000000000055
2257.0000000000023
6208.5000000000055
2334.0000000000027
6201.0000000000055
2330.0000000000027
6036.000000000006
2302.000000000002
6213.500000000006
2264.000000000002
6225.0000000000055
2232.0000000000023
6070.500000000006
2218.000000000002
5067.0000000000055
2268.0000000000027
5745.2500000000055
2298.000000000002
7293.000000000006
2231.0000000000027
8603.00000000001
2045.000000000002
8561.00000000001
2701.0000000000014
7034.250000000007
5181.0000000000055
5767.2500000000055
3112.0000000000014
6282.0000000000055
3301.000000000004
7520.750000000008
4678.000000000005
7353.500000000006
4791.0000000000055
7572.250000000007
6628.000000000003
8256.500000000007
4703.000000000004
7726.000000000008
4238.000000000004
7879.500000000007
3996.000000000004
8090.750000000006
3577.0000000000027
8256.000000000007
5328.0000000000055
8030.250000000008
7231.000000000007
7806.750000000007
6037.000000000005
7923.500000000008
3397.000000000003
7514.000000000006
4722.000000000004
7657.500000000006
5795.000000000004
7854.000000000008
4910.000000000005
7452.500000000007
4319.000000000005
6947.750000000006
5366.0000000000055
6859.750000000007
5410.0000000000055
7085.2500000000055
3170.0000000000036
6879.000000000007
3057.0000000000036
6736.750000000006
2972.0000000000036
6413.250000000006
3158.0000000000027
6907.250000000006
3115.000000000003
7411.500000000008
3228.0000000000023
7333.750000000006
3209.0000000000023
7255.500000000007
2856.0000000000027
7532.500000000008
2718.0000000000027
7669.000000000008
2660.000000000003
7532.750000000007
2655.0000000000023
7672.250000000006
2640.000000000003
7469.500000000006
2285.000000000003
6382.500000000006
1793.0000000000018
5722.2500000000055
1796.0000000000018
4472.500000000005
1840.000000000002
4277.750000000005
1864.000000000002
4531.7500000000055
1873.0000000000018
4829.000000000005
1840.000000000002
5665.2500000000055
1841.0000000000023
6132.250000000006
1886.0000000000023
6553.750000000006
1919.000000000002
6613.2500000000055
1938.000000000002
6695.250000000006
1899.0000000000018
6681.250000000006
1915.0000000000018
6432.7500000000055
1939.0000000000018
6133.5000000000055
2014.0000000000018
5569.250000000005
2056.000000000002
5034.750000000005
2099.0000000000014
4818.750000000005
2165.000000000001
4649.000000000004
2202.0000000000023
4700.500000000004
2458.000000000002
3691.7500000000036
2017.000000000002