12775.750000000013
18750.000000000025
12692.250000000013
18975.000000000022
12831.250000000011
19237.000000000015
12756.000000000013
19454.000000000022
12746.500000000011
19700.00000000002
12954.250000000015
19946.00000000002
12819.500000000015
20142.00000000002
12554.750000000013
20263.000000000025
12858.000000000015
20372.00000000002
13060.000000000015
20501.000000000022
13237.750000000011
20593.000000000015
13176.000000000013
20628.000000000022
13211.500000000011
20710.000000000022
13331.500000000011
20745.000000000022
13436.500000000015
20730.000000000022
14517.250000000016
20721.000000000025
13862.000000000016
20719.000000000022
13879.250000000013
20661.00000000002
13773.500000000013
20684.000000000022
13615.250000000013
20726.000000000022
13866.000000000011
20789.000000000022
14308.500000000013
20850.000000000022
14533.500000000013
20965.00000000002
14704.000000000016
21107.000000000022
14442.000000000015
21347.00000000002
14652.750000000016
21629.000000000022
15166.500000000016
21880.00000000002
15155.250000000013
22166.000000000022
14731.750000000015
22395.000000000022
14124.500000000013
22574.000000000022
14312.750000000013
22726.000000000022
14427.750000000015
22790.000000000025
14346.500000000016
22744.000000000022
13795.000000000015
22684.000000000022
13009.000000000013
22631.000000000022
11852.000000000011
22581.000000000022
10995.500000000011
22488.00000000002
11512.250000000013
22362.000000000025
11577.750000000011
22316.000000000025
10814.000000000011
22294.000000000022
10132.000000000011
22312.000000000022
9561.75000000001
22314.000000000022
9399.50000000001
22316.000000000022
9840.50000000001
22269.000000000022
10354.75000000001
21986.000000000022
10798.750000000011
21828.000000000015
10519.75000000001
22290.000000000025
10669.500000000013
22244.000000000025
10976.250000000011
21957.000000000022
10969.750000000011
21194.00000000002
10682.25000000001
20967.000000000022
10793.500000000011
20644.000000000022
11098.750000000011
20611.000000000022
10940.500000000011
21659.000000000022
10553.50000000001
20166.000000000022
10832.00000000001
17891.00000000001
11655.000000000011
16885.00000000002
11048.000000000011
17130.00000000001
10578.500000000011
17792.000000000015
10235.750000000011
16691.000000000022
9596.75000000001
15259.000000000015
10437.00000000001
13538.000000000013
10168.750000000011
14620.000000000016
10224.00000000001
15384.000000000016
11446.250000000011
14633.000000000015
12850.00000000001
15513.000000000016
12621.500000000013
14644.000000000016
12614.750000000013
14885.000000000016
12977.750000000011
15902.000000000016
12515.000000000013
17786.00000000001
12323.000000000013
19294.000000000022
12058.000000000013
21251.000000000022
12234.250000000016
18817.00000000002
11512.500000000011
17415.00000000002
10920.750000000011
17836.000000000015
10468.00000000001
18186.000000000015
9972.50000000001
18620.00000000002
9851.75000000001
18786.00000000002
9822.750000000011
16990.00000000002
9374.75000000001
14447.000000000015
8925.500000000013
16236.000000000018
8776.00000000001
18050.000000000015
8998.250000000007
16535.00000000001
9103.25000000001
16325.000000000018
8988.00000000001
15759.000000000018
8911.75000000001
15076.000000000015
8821.75000000001
14658.000000000011
8857.500000000007
14567.000000000011
8956.00000000001
12050.000000000013
9208.750000000011
10809.000000000011