15018.750000000016
12855.000000000013
14726.250000000015
12424.00000000001
14476.750000000015
13161.000000000013
14136.250000000016
14129.000000000018
13643.750000000013
15448.000000000016
13255.000000000015
16918.00000000001
12942.250000000015
18263.000000000015
12841.500000000015
19189.00000000002
12882.500000000015
19535.00000000001
13020.750000000016
19161.000000000015
13224.000000000011
18077.000000000022
13449.000000000013
16403.000000000015
13578.750000000013
14719.000000000011
13698.000000000015
13302.000000000011
13828.750000000015
12543.000000000013
14025.250000000013
12347.00000000001
14607.750000000016
12389.000000000011
13413.000000000015
12574.000000000015
12708.250000000013
13030.000000000015
12815.750000000013
13641.000000000015
11937.750000000013
14352.000000000016
10704.750000000011
15571.000000000015
10171.500000000011
15961.000000000018
10252.00000000001
16679.000000000015
10204.000000000011
16545.000000000007
10240.750000000011
16130.000000000016
10176.750000000011
15521.000000000016
9332.00000000001
15921.000000000016
9818.25000000001
15820.000000000018
9703.000000000011
15595.000000000018
10206.000000000011
14523.000000000016
9819.000000000007
14462.000000000016
9664.000000000011
14501.000000000013
9410.25000000001
13519.000000000018
9111.750000000007
12610.000000000016
9240.750000000007
13068.000000000007
9377.25000000001
13416.000000000013
9371.50000000001
14264.000000000016
9471.25000000001
14256.000000000016
9540.000000000011
14146.000000000015
9931.000000000011
13594.000000000016
10145.750000000011
13094.00000000001
10162.75000000001
12743.00000000001
10673.25000000001
12535.000000000007
10472.250000000011
12408.00000000001
10177.50000000001
12100.000000000011
10054.75000000001
12431.000000000013
10087.25000000001
12698.00000000001
10025.000000000011
12155.000000000007
9852.25000000001
11562.000000000013
9623.75000000001
11516.000000000013
9672.50000000001
11827.000000000013
9836.75000000001
11450.000000000011
9579.75000000001
11493.000000000013
9835.750000000011
11726.000000000007
9976.25000000001
11136.000000000013
10482.50000000001
10878.000000000013
11577.250000000013
10995.000000000011
11290.250000000011
10801.000000000013
11295.50000000001
11306.000000000013
10871.250000000007
11045.00000000001
10288.500000000013
8455.000000000004
9980.250000000013
9415.000000000013
9686.75000000001
10713.000000000013
9647.00000000001
9794.000000000007
10546.250000000011
8340.000000000007
10904.250000000013
9217.000000000004
12191.500000000013
8968.000000000011
12645.250000000013
7817.000000000007
12279.500000000013
7413.0000000000055
12550.250000000013
7049.000000000007
12476.250000000016
7237.000000000008
12443.750000000011
9049.00000000001
12584.500000000013
8919.000000000007
12793.250000000013
11255.000000000013
12659.250000000013
8404.000000000005
11984.500000000011
7946.000000000008
11893.500000000011
9354.00000000001
12010.250000000015
8801.000000000011
11983.750000000013
10933.000000000011
11966.750000000011
11787.000000000007
12157.500000000013
11660.00000000001
12165.250000000011
11677.00000000001
12076.750000000011
11603.000000000013
11970.50000000001
11569.000000000013
11918.250000000011
11633.000000000011
11815.250000000013
11597.000000000011
11633.250000000013
11528.000000000013
11431.000000000013
11466.000000000011
12264.000000000011
11553.000000000011