7752.750000000008
5441.0000000000055
7878.500000000008
5665.0000000000055
8069.000000000007
5859.0000000000055
8188.500000000007
6102.000000000008
8415.000000000007
6015.000000000006
8674.500000000011
6096.000000000006
8706.250000000011
6328.000000000004
8639.250000000007
6514.0000000000055
8643.000000000007
6604.000000000007
8196.50000000001
6593.000000000005
7828.750000000008
6591.000000000007
7704.250000000008
6708.000000000006
7892.750000000009
7046.000000000007
8023.250000000008
7192.0000000000055
8301.500000000007
7554.000000000008
9338.75000000001
7951.000000000008
10169.000000000011
8259.000000000005
10580.00000000001
8476.000000000007
10868.250000000011
8473.000000000005
11052.000000000013
8407.000000000007
11292.250000000011
8465.000000000005
11783.750000000013
8479.00000000001
11762.750000000013
8483.000000000007
11945.000000000011
8766.000000000007
11874.750000000016
8921.00000000001
11579.000000000011
9099.00000000001
10091.25000000001
9159.000000000005
8681.25000000001
9256.00000000001
8564.250000000007
9332.00000000001
8426.250000000007
9382.000000000007
8215.500000000007
9388.000000000005
7499.000000000007
9418.000000000005
7418.500000000006
9539.000000000005
7521.750000000008
9403.000000000013
7276.000000000007
9160.000000000011
7238.250000000008
9348.00000000001
7920.750000000009
10860.000000000011
8102.25000000001
10311.000000000011
7731.250000000009
8516.00000000001
8088.750000000009
9051.00000000001
8041.250000000007
8803.000000000007
8300.50000000001
8095.000000000009
8397.250000000007
7793.000000000007
8370.00000000001
7234.000000000006
8861.750000000007
6642.000000000007
9341.250000000007
6300.000000000007
9043.000000000007
7863.000000000008
8909.50000000001
9565.000000000007
9005.500000000007
10279.000000000011
8946.500000000011
9978.000000000013
9015.000000000011
10677.000000000011
8900.75000000001
9774.00000000001
8384.25000000001
9405.000000000007
8174.750000000008
8313.000000000005
8832.50000000001
11196.000000000013
9068.00000000001
11770.00000000001
8353.500000000007
7107.000000000008
8428.00000000001
8019.000000000006
8545.25000000001
8028.000000000008
7747.000000000007
6475.000000000008
7645.500000000006
6273.000000000005
7741.750000000006
6899.000000000008
8496.00000000001
7123.000000000008
8726.25000000001
6849.0000000000055
8956.00000000001
6324.0000000000055
8840.500000000007
5546.000000000006
8371.25000000001
4951.000000000006
8967.50000000001
4072.000000000004
8825.00000000001
3542.000000000004
8999.25000000001
3936.0000000000036
8569.50000000001
4216.0000000000055
8662.00000000001
4228.000000000005
7958.000000000008
3980.000000000004
8266.75000000001
3676.0000000000027
7752.250000000007
3560.0000000000045
6994.500000000007
3450.000000000003
7424.250000000008
3397.000000000003
7472.250000000009
3402.0000000000027
7673.250000000006
3389.000000000004
7950.000000000008
3459.0000000000027
8142.500000000008
3586.0000000000045
8137.500000000008
3682.000000000004
8235.750000000007
3743.0000000000045
8106.750000000008
3766.000000000003
8103.250000000008
3672.000000000004
8161.500000000009
3814.0000000000036
8197.500000000007
3891.000000000004
8361.00000000001
4063.0000000000045
8382.750000000007
4145.000000000005
8248.000000000007
4128.000000000004