18025.75000000002
10799.000000000011
18199.750000000022
9828.00000000001
18067.25000000002
9554.00000000001
17833.50000000002
9721.00000000001
17903.00000000002
9688.000000000007
17975.50000000002
10070.000000000013
18307.000000000022
9303.000000000011
18530.500000000015
8484.000000000007
18271.75000000002
10172.000000000011
18115.75000000002
10768.000000000011
18139.25000000002
9705.00000000001
18084.50000000002
9848.000000000007
17966.25000000002
9849.00000000001
17936.000000000022
9175.000000000011
17852.750000000022
10274.000000000007
18115.250000000015
10138.000000000013
18532.50000000002
9865.00000000001
19007.75000000002
10244.000000000007
18954.00000000002
11427.000000000013
18757.75000000002
12302.00000000001
18515.00000000002
12799.000000000011
18137.00000000002
12130.000000000011
17501.75000000002
13062.000000000015
17475.500000000015
12545.00000000001
17301.250000000015
11626.000000000011
16905.00000000002
11467.000000000011
16520.75000000002
11949.000000000015
16069.500000000018
11841.000000000011
15930.500000000015
13014.000000000011
15857.500000000018
11201.000000000015
15572.500000000016
9761.000000000005
15166.500000000015
10966.000000000011
14717.000000000016
10579.000000000007
13241.750000000013
8757.000000000011
11752.500000000013
8370.000000000007
12142.250000000011
8177.000000000009
11506.250000000011
7902.000000000007
11238.000000000011
7688.000000000008
10972.750000000013
8175.00000000001
10280.000000000011
8622.000000000007
10884.500000000011
8598.000000000007
10546.500000000011
7425.000000000008
10243.750000000011
7215.0000000000055
10512.750000000007
7210.000000000009
10137.500000000011
7112.000000000008
9182.25000000001
6933.0000000000055
9243.250000000011
6379.000000000005
10023.50000000001
7455.000000000009
10188.500000000011
8515.000000000007
10322.250000000011
9435.000000000011
10445.500000000011
9709.00000000001
10705.500000000011
9512.000000000007
10687.250000000011
10003.00000000001
10474.00000000001
10480.000000000007
10613.500000000011
9095.00000000001
10184.500000000011
8237.000000000005
9671.50000000001
8130.000000000007
9679.50000000001
7711.000000000007
9293.00000000001
7762.000000000008
9230.25000000001
7840.000000000008
9099.25000000001
7720.000000000005
8694.250000000007
7470.000000000009
9452.750000000007
7676.000000000008
9859.75000000001
7986.000000000007
9277.50000000001
9019.00000000001
9040.25000000001
9174.000000000005
9282.250000000011
8104.000000000008
9113.00000000001
8753.00000000001
8678.00000000001
9066.00000000001
8409.50000000001
8084.000000000008
8391.75000000001
7733.0000000000055
8447.000000000007
8083.000000000007
8366.25000000001
7874.000000000008
8960.50000000001
8115.000000000009
9632.75000000001
7867.000000000006
9289.500000000007
6607.000000000007
9973.75000000001
5985.000000000004
10253.75000000001
5721.000000000006
10227.500000000011
6091.000000000007
10230.25000000001
6299.000000000006
10113.00000000001
7167.000000000006
9905.500000000011
7920.000000000008
9921.75000000001
8116.000000000007
10164.75000000001
8952.00000000001
10077.50000000001
8745.00000000001
9902.500000000011
9805.00000000001
9910.50000000001
10160.000000000007
10013.00000000001
10399.00000000001
9625.000000000011
10462.000000000011
9587.75000000001
9769.000000000011