31750.750000000033
30204.00000000003
31714.250000000033
30204.00000000003
31712.000000000036
30159.00000000003
31111.500000000036
22997.000000000025
29099.750000000025
18138.000000000022
28239.250000000033
13655.000000000015
27117.750000000025
10044.000000000011
26140.25000000003
7349.000000000008
25479.25000000003
8866.00000000001
24526.500000000025
8887.000000000007
23970.25000000003
8003.000000000008
23891.500000000025
7917.000000000007
23432.250000000025
10454.000000000013
22139.000000000022
12404.000000000011
21262.500000000022
9946.000000000007
20561.50000000002
8247.000000000007
19985.500000000022
10343.00000000001
19622.000000000022
11854.000000000011
19162.50000000002
10770.00000000001
17833.50000000002
9103.000000000011
16735.50000000002
9949.000000000013
17119.50000000002
10997.000000000011
17990.500000000022
12591.00000000001
18157.250000000015
13076.000000000015
17930.00000000002
13151.000000000011
17512.50000000002
12089.00000000001
17474.000000000015
12874.000000000005
15481.000000000015
11552.000000000013
16071.750000000016
12163.00000000001
16682.00000000002
13770.000000000013
16489.25000000002
14564.000000000016
16155.750000000013
14435.00000000001
15739.250000000016
13916.00000000001
14401.750000000015
14577.000000000016
12896.000000000013
15622.000000000015
12210.500000000015
13883.000000000015
12958.500000000015
14462.000000000016
13139.000000000015
15982.000000000015
13046.000000000013
16780.00000000001
13159.000000000013
16797.000000000022
13406.000000000015
16806.00000000002
12778.500000000013
17200.000000000022
9510.000000000011
18459.000000000015
7674.750000000007
17425.000000000015
8210.75000000001
17868.000000000015
8913.250000000011
18579.000000000022
12319.500000000011
19607.00000000002
15490.500000000016
21971.00000000002
15084.000000000016
22267.000000000022
15195.000000000015
22482.000000000022
15427.750000000016
22742.000000000022
15650.500000000016
23147.000000000022
15886.500000000016
23586.00000000001
15813.000000000015
24277.000000000022
15471.500000000015
24967.000000000025
15150.000000000015
25940.00000000003
14918.000000000015
27513.00000000002
14735.250000000015
28418.000000000033
14377.750000000015
28409.000000000025
14300.500000000015
27920.000000000033
14381.000000000015
27307.000000000033
14294.500000000016
26992.000000000025
14220.000000000018
26524.00000000002
14132.500000000011
26920.00000000002
14104.250000000013
26006.00000000002
14057.000000000013
25606.00000000002
14012.250000000013
25413.00000000002
14096.000000000015
25521.000000000022
14136.750000000015
25746.00000000003
14320.250000000013
25515.000000000025
14467.250000000015
25486.00000000002
14602.000000000015
25613.00000000001
14782.500000000016
25877.000000000033
15005.250000000016
26065.000000000025
15102.000000000016
26069.00000000003
15347.750000000016
26231.00000000002
15473.250000000015
26624.000000000015
16074.500000000018
26569.00000000002
16413.25000000002
26606.000000000022
16954.00000000002
26707.00000000003
17109.00000000002
26881.000000000033
17631.25000000002
27134.00000000003
18582.25000000002
27305.00000000003
19344.25000000002
27531.000000000033
19743.75000000002
27752.000000000033
20180.50000000002
27917.000000000033
22111.250000000022
28033.00000000003
22985.500000000025
28036.000000000022
24662.000000000025
28096.00000000003
25710.500000000025
28103.000000000025