12952.750000000013
2090.0000000000014
12726.000000000013
1912.000000000002
12519.750000000015
2346.0000000000023
12798.250000000013
2797.0000000000027
12069.250000000013
3220.0000000000023
13244.250000000011
3650.0000000000045
14378.000000000016
3758.000000000004
13732.500000000013
3726.000000000004
13714.250000000015
3531.0000000000036
12977.750000000015
3532.0000000000036
13662.000000000016
3824.000000000004
13185.500000000011
4083.000000000004
13466.500000000015
4354.000000000005
12270.000000000015
4635.0000000000055
11374.500000000011
4986.000000000005
12189.500000000013
4825.000000000004
12252.25000000001
5381.0000000000055
12052.750000000013
6397.000000000004
12074.750000000013
7292.000000000008
12071.000000000013
8210.000000000007
12165.750000000011
8820.000000000007
11620.750000000011
9286.000000000011
11229.250000000011
9787.000000000007
11481.500000000011
9688.000000000007
12528.000000000013
9399.000000000013
13391.750000000013
9413.000000000007
14061.750000000016
9419.000000000011
13386.500000000016
9287.00000000001
12488.000000000011
8771.000000000011
13991.500000000013
8301.000000000007
14035.500000000013
7537.000000000005
12250.500000000013
6759.000000000007
12812.500000000015
6143.000000000005
13521.750000000013
5733.0000000000055
13000.500000000013
5308.0000000000055
12709.500000000016
4982.000000000006
13449.750000000015
4530.0000000000055
12139.500000000013
5148.0000000000055
10315.750000000011
6201.000000000007
11008.500000000011
5325.0000000000055
11713.000000000013
7062.000000000007
12437.750000000013
6621.0000000000055
13165.000000000015
7843.000000000008
12508.000000000015
8534.000000000005
12045.750000000013
7515.000000000007
12082.000000000015
9017.000000000007
12011.750000000013
7568.000000000007
11662.500000000011
4672.000000000004
10744.500000000011
5753.000000000006
10796.500000000011
5816.000000000005
10563.000000000013
6911.000000000007
10156.500000000011
5243.0000000000055
9435.25000000001
5472.0000000000055
9746.750000000011
4388.000000000005
9433.500000000011
4287.000000000005
9540.25000000001
5259.000000000004
8717.75000000001
5268.000000000005
8740.75000000001
5228.000000000006
9118.000000000013
5031.0000000000055
9464.000000000011
4718.000000000004
9286.750000000007
4844.000000000004
9403.50000000001
5379.000000000007
10032.250000000011
6211.000000000005
10335.00000000001
6974.000000000007
10302.000000000011
7235.000000000006
9471.25000000001
6861.000000000008
7883.250000000006
6205.000000000006
7077.250000000006
6574.000000000007
6354.750000000006
7700.000000000008
5907.500000000006
9208.000000000007
6439.000000000007
10537.000000000011
5597.250000000006
10328.000000000011
4492.750000000005
8984.000000000005
5015.750000000005
7682.000000000007
4640.5000000000055
6212.000000000005
4735.5000000000055
5935.000000000003
5403.000000000005
6205.000000000007
5510.2500000000055
6919.000000000006
5344.2500000000055
7505.000000000007
5151.5000000000055
7566.000000000007
5067.0000000000055
7106.000000000006
4769.750000000004
6835.000000000007
4774.0000000000055
7782.000000000008
5103.5000000000055
12394.00000000001
5538.250000000006
14077.000000000015
5424.7500000000055
10517.000000000013
5656.7500000000055
7843.000000000008
6316.250000000006
7229.000000000007
6886.250000000005
6709.000000000008
7648.750000000006
6661.000000000005