9175.25000000001
16250.000000000018
8473.75000000001
16515.000000000007
7971.250000000008
17206.00000000001
7375.000000000008
17681.000000000022
6813.000000000006
18122.00000000002
6380.000000000007
18410.00000000001
6141.500000000007
18640.000000000022
6017.000000000006
18868.000000000022
6010.250000000006
19244.00000000002
6126.750000000006
19617.000000000015
6329.0000000000055
19939.000000000015
6542.500000000006
20103.000000000022
6785.500000000008
20152.000000000015
7052.500000000006
20020.000000000022
7294.750000000007
19875.000000000022
7420.000000000008
19617.000000000022
7426.250000000009
19247.00000000001
8154.500000000007
18894.00000000002
8371.00000000001
18478.000000000022
7992.250000000009
18080.000000000015
7731.000000000008
17574.000000000022
8509.25000000001
17199.00000000002
8723.50000000001
16959.00000000002
8796.00000000001
16849.00000000002
9576.50000000001
16794.00000000001
9047.50000000001
16768.000000000015
8305.750000000007
16716.00000000001
8550.00000000001
16308.000000000018
8573.75000000001
15738.000000000016
7993.000000000007
15157.000000000013
7955.250000000006
14958.000000000016
7758.500000000007
15085.000000000011
7588.000000000007
15003.000000000016
7251.500000000007
15076.000000000015
7576.000000000009
14054.000000000018
8264.25000000001
12503.000000000016
8735.00000000001
12731.000000000015
9390.750000000007
12877.000000000011
10036.000000000011
12600.000000000016
10176.500000000013
11358.000000000011
10712.500000000011
11713.000000000007
11602.000000000013
13486.000000000011
11595.000000000011
13408.000000000015
12314.250000000015
13581.00000000001
11977.250000000011
13628.000000000013
11234.00000000001
13572.000000000013
11607.000000000013
13747.000000000015
11396.500000000011
12673.000000000013
10583.750000000011
12748.000000000007
10268.250000000011
11351.00000000001
9867.000000000011
11036.000000000011
10318.750000000007
11104.000000000011
11115.750000000013
11662.00000000001
9503.00000000001
13036.000000000013
8927.75000000001
14248.000000000015
8878.500000000007
14446.000000000016
8403.25000000001
14244.000000000016
7821.000000000006
13940.000000000016
7943.250000000007
15049.000000000016
8305.00000000001
15380.000000000015
8781.500000000007
15288.000000000015
9266.75000000001
15469.000000000018
9724.75000000001
15658.000000000016
10300.500000000013
15890.000000000016
11255.750000000011
15697.000000000018
11697.000000000013
14014.000000000013
11413.000000000011
13880.00000000002
11242.500000000013
12379.00000000001
11546.500000000013
11342.000000000013
12287.250000000013
10953.000000000013
13165.000000000015
10987.000000000013
13672.250000000015
11113.000000000013
13573.750000000015
11193.000000000011
13398.000000000013
11093.00000000001
13704.750000000013
10717.000000000011
14083.000000000015
10168.000000000011
14670.500000000015
9857.00000000001
15456.250000000015
9888.000000000013
15462.750000000015
10173.000000000011
15396.750000000013
10451.000000000011
15486.500000000015
10989.000000000011
15589.250000000015
11806.000000000013
15739.750000000015
12233.000000000013
15963.000000000016
12548.000000000013
16437.75000000002
13093.00000000001
16543.750000000015
13948.000000000015
15996.500000000015
14719.000000000011
15733.500000000016
15701.000000000016
15816.250000000015
16779.00000000001
17363.00000000002
17902.00000000002