15632.500000000016
16090.000000000016
15698.750000000016
16094.000000000015
15819.500000000016
16114.000000000016
15862.500000000018
15979.000000000018
15918.250000000018
15823.000000000016
15953.000000000016
15846.000000000016
15943.000000000015
15901.000000000016
15901.750000000015
15897.000000000018
15928.500000000016
16080.000000000018
15921.250000000016
16133.000000000016
15951.500000000013
16173.000000000018
15947.500000000016
16076.000000000016
15801.250000000015
16110.000000000015
15654.250000000016
16334.000000000016
15591.500000000016
16358.000000000016
15594.000000000015
11161.000000000011
15282.500000000016
7897.0000000000055
15257.000000000015
7470.000000000008
15316.750000000016
10336.000000000011
13889.250000000015
14969.000000000015
13513.000000000015
7112.000000000006
13155.250000000015
7456.000000000008
12760.750000000011
7553.000000000007
12539.500000000015
12512.000000000013
15205.750000000015
13375.000000000013
14735.000000000016
8864.000000000007
12071.750000000013
9397.000000000011
11646.750000000013
9756.000000000007
11410.250000000011
10102.00000000001
11814.250000000011
12880.00000000001
13823.500000000016
12515.000000000018
12976.750000000011
12317.00000000001
11576.750000000011
11922.00000000001
11003.500000000013
11880.000000000013
11432.000000000013
12188.000000000016
12430.750000000011
12148.00000000001
12850.25000000001
11063.000000000013
12642.250000000013
11420.000000000013
11888.500000000011
11895.000000000007
10931.000000000011
12487.000000000015
10760.250000000011
13235.000000000007
10865.500000000013
12954.000000000015
10931.750000000011
13578.000000000015
10690.500000000011
14386.000000000013
10283.750000000011
15675.000000000016
10688.250000000013
16367.000000000015
10760.000000000011
16689.00000000001
10401.00000000001
16595.00000000001
11584.250000000011
16042.000000000016
11652.000000000011
15531.000000000015
11327.500000000011
14931.000000000015
11327.750000000011
14533.000000000015
10798.250000000011
14194.000000000016
10565.750000000013
13545.000000000016
10012.500000000011
12978.000000000013
9608.750000000011
12611.000000000007
9702.000000000011
12119.00000000001
8881.000000000007
11694.000000000015
8148.250000000007
11617.00000000001
8376.50000000001
11600.00000000001
8164.250000000007
11381.00000000001
8251.00000000001
10939.000000000013
8718.75000000001
10709.000000000013
8427.750000000007
10645.000000000011
8637.50000000001
10539.000000000011
8965.25000000001
10311.000000000011
8970.500000000011
9859.000000000005
8993.75000000001
9292.000000000007
9009.00000000001
8911.000000000007
9021.250000000011
8617.000000000005
8673.750000000007
8495.000000000005
8383.750000000007
8249.000000000007
8167.250000000008
7860.000000000008
8054.250000000006
7574.000000000008
7632.000000000007
7324.000000000009
7080.250000000007
6920.000000000005
6563.250000000007
6706.000000000007
5982.2500000000055
6490.000000000008
5636.5000000000055
6158.000000000005
5280.0000000000055
5816.000000000005
5002.2500000000055
5268.000000000005
4964.250000000005
4868.000000000005
4985.750000000005
4643.000000000005
5037.7500000000055
4572.000000000003
5234.750000000005
4685.000000000005
5703.750000000005
5616.000000000006
6413.500000000006
5603.0000000000055
7018.750000000008
8162.000000000007
7201.500000000006
10149.000000000013
7063.250000000006
12478.000000000015