17231.250000000015
8118.000000000008
15476.000000000016
5253.000000000005
15925.750000000018
5642.0000000000055
16131.000000000016
5431.000000000005
16204.250000000015
4914.000000000005
16166.500000000018
4150.000000000004
16105.000000000016
3460.0000000000023
16223.500000000018
3106.0000000000023
16506.50000000002
3060.0000000000023
16875.500000000015
3089.0000000000036
17036.50000000002
3130.000000000002
16921.50000000002
3130.000000000002
16514.75000000002
3093.0000000000014
16045.500000000016
2952.0000000000014
15810.750000000015
2758.000000000003
16095.750000000018
2496.0000000000027
16555.25000000002
2241.000000000002
16159.250000000018
2041.0000000000016
15418.000000000015
2007.000000000002
14621.250000000015
1943.000000000002
13771.750000000011
1961.000000000002
12696.250000000015
1974.0000000000018
12118.500000000013
2040.0000000000018
11669.250000000011
2133.0000000000023
11601.750000000013
2216.000000000002
11293.000000000011
2252.0000000000023
11161.250000000011
2192.0000000000023
10804.75000000001
2060.000000000002
10363.000000000011
1809.0000000000014
9984.500000000011
1463.0000000000014
9982.75000000001
1199.0000000000011
10373.750000000011
1011.000000000001
10933.500000000011
852.0000000000011
11834.250000000013
881.0000000000009
12787.750000000013
2486.0000000000027
13640.250000000015
4529.000000000005
13631.000000000016
5308.0000000000055
12650.250000000011
5058.000000000006
11974.750000000011
6647.000000000006
11347.250000000011
7473.000000000007
10627.500000000011
7731.000000000007
10925.000000000011
6527.000000000006
11527.250000000013
5322.000000000003
9873.250000000011
4399.0000000000055
8610.250000000007
5354.000000000004
8078.75000000001
7629.000000000007
7428.000000000007
9717.000000000011
6985.000000000007
10974.000000000011
7531.500000000008
9867.000000000011
8627.000000000007
7881.000000000008
9582.250000000011
7344.0000000000055
9200.250000000011
6782.000000000006
8506.750000000007
6070.000000000006
8570.750000000007
5474.000000000005
9047.500000000011
5384.0000000000055
9641.000000000011
5275.0000000000055
10778.000000000013
6768.000000000005
11943.500000000013
7201.000000000006
12889.250000000013
7407.000000000007
14050.000000000015
9106.000000000005
13912.000000000015
10162.00000000001
13221.500000000015
10897.000000000011
13135.250000000013
10962.000000000011
12802.500000000016
11134.000000000013
12788.00000000001
11244.000000000011
12903.500000000013
12481.000000000011
13574.250000000013
12831.000000000011
14075.750000000016
13324.000000000013
14039.000000000015
13219.000000000007
13767.750000000015
13327.000000000007
13362.750000000013
13346.000000000016
13942.000000000015
12383.000000000013
14822.000000000016
12019.000000000013
14635.000000000016
12651.00000000001
13809.500000000015
12447.000000000015
12597.000000000011
11557.000000000011
11526.250000000013
11162.000000000011
10883.750000000011
11496.000000000011
10141.500000000011
11451.000000000013
9634.500000000007
11595.000000000011
9397.50000000001
11295.000000000013
9167.750000000011
11425.000000000013
8787.000000000007
12557.000000000011
8206.500000000007
14438.000000000016
7535.250000000006
13683.000000000011
7172.500000000007
13989.000000000016
6943.7500000000055
13747.000000000015
6562.500000000006
12906.000000000011
6263.2500000000055
12307.000000000007
5967.7500000000055
12879.000000000015