14008.750000000013
16977.00000000001
14366.500000000018
17509.00000000001
13682.000000000015
17905.00000000001
13347.250000000013
17839.00000000002
13282.500000000013
17464.00000000001
13710.500000000013
16909.000000000015
13821.250000000015
15967.00000000002
15100.750000000015
15136.000000000015
15796.000000000016
14612.000000000016
15626.750000000016
15018.000000000016
15971.500000000018
15258.000000000015
15502.750000000016
15649.000000000016
14520.750000000015
16073.000000000016
14688.250000000013
16294.000000000015
14958.000000000016
16565.00000000001
15036.500000000015
16653.00000000002
14882.000000000013
16231.000000000018
14283.750000000013
15868.000000000015
13578.250000000016
15924.000000000015
12764.250000000013
16434.000000000015
11968.000000000013
14221.00000000001
11599.250000000011
10979.00000000001
10700.750000000011
10954.00000000001
10316.000000000011
13124.00000000001
10914.500000000011
15047.000000000018
10698.00000000001
14840.000000000015
9902.50000000001
12056.000000000015
9648.75000000001
12120.00000000001
9682.25000000001
13423.000000000005
9726.75000000001
13434.000000000007
9425.250000000007
12772.000000000015
9369.75000000001
12371.000000000015
8528.75000000001
12881.00000000001
7699.500000000008
12497.000000000015
7068.500000000007
12318.00000000001
6921.250000000007
12514.00000000001
7649.250000000006
12134.00000000001
9755.500000000011
11088.000000000011
9358.00000000001
10830.000000000007
10116.000000000011
11792.000000000015
8212.00000000001
12850.00000000001
8589.50000000001
13316.000000000005
8062.50000000001
13329.000000000013
7438.750000000007
13170.00000000001
7388.750000000006
13104.000000000011
7526.000000000008
12243.000000000015
7614.500000000009
11251.000000000013
8313.750000000007
11033.000000000013
9417.50000000001
11683.000000000007
10105.500000000011
12195.00000000001
10669.750000000011
11619.000000000007
10732.000000000011
9414.000000000007
11007.750000000013
8111.000000000008
11185.250000000011
8363.000000000007
11316.750000000011
12204.000000000015
10662.750000000011
12710.000000000016
9927.250000000013
11677.00000000001
9711.750000000011
10826.000000000013
9062.500000000007
10529.000000000013
8473.00000000001
10635.00000000001
8146.500000000007
10421.00000000001
7821.750000000007
10497.000000000013
7738.750000000007
11027.000000000011
7819.500000000007
11557.000000000011
7806.750000000009
11424.000000000013
7624.000000000009
10799.000000000011
8035.500000000007
10005.000000000011
8857.00000000001
9049.00000000001
8180.750000000009
8394.00000000001
7541.500000000007
8053.00000000001
7851.000000000008
7869.00000000001
8139.000000000007
8090.000000000008
8577.50000000001
8436.000000000005
8732.75000000001
7915.000000000008
8711.500000000007
7367.000000000007
8410.75000000001
7505.000000000008
8343.000000000007
7488.000000000008
8203.250000000005
7089.000000000009
7937.750000000006
7224.000000000009
8078.500000000007
7794.000000000007
8654.50000000001
10216.00000000001
8790.50000000001
15252.000000000015
8731.250000000007
17134.000000000015
8707.25000000001
16835.00000000002
8520.75000000001
16953.000000000015
8246.500000000011
16975.00000000001
9178.250000000011
16123.000000000018
9284.25000000001
15118.000000000018
9244.50000000001
14329.000000000013
8236.000000000007
13927.000000000011