8661.00000000001
21117.000000000025
7467.750000000006
23191.000000000025
6941.250000000006
23639.00000000003
7045.000000000006
23865.000000000033
7289.250000000007
23544.000000000015
7839.250000000008
20546.000000000022
8506.750000000007
18513.00000000002
8886.50000000001
19789.000000000025
9035.50000000001
18168.000000000022
9118.50000000001
13595.000000000015
9263.00000000001
10906.000000000011
9394.25000000001
9898.000000000011
9496.000000000011
9723.000000000011
9608.75000000001
9259.000000000011
9766.75000000001
8738.00000000001
9875.750000000013
8513.00000000001
10406.000000000011
8516.00000000001
11969.750000000013
8580.000000000005
13856.500000000015
8675.000000000007
15168.750000000015
8845.00000000001
15700.250000000015
9068.000000000005
15808.750000000016
9197.000000000011
15658.500000000015
9220.000000000011
15446.000000000016
9174.000000000005
15629.500000000013
9137.00000000001
16016.500000000016
9091.000000000011
16136.750000000018
9057.000000000011
16019.250000000015
9140.000000000013
15501.250000000016
9232.00000000001
14479.500000000015
9392.000000000011
14975.750000000015
9721.00000000001
16627.500000000015
11291.000000000013
17004.25000000002
12215.000000000007
16064.250000000015
12279.000000000015
15735.500000000015
10446.000000000011
14979.250000000016
9080.00000000001
13515.250000000013
9058.00000000001
11653.000000000011
8683.000000000007
11928.000000000013
9533.000000000011
12557.500000000013
9869.00000000001
9315.25000000001
9512.000000000013
8195.000000000007
12271.00000000001
8370.50000000001
15701.000000000016
12057.250000000011
17590.00000000002
12622.750000000013
16279.000000000015
11073.50000000001
15097.000000000016
9216.250000000011
14459.000000000015
10017.00000000001
10435.000000000011
12905.250000000013
10165.000000000011
11107.250000000013
10318.000000000011
11230.000000000011
10394.000000000011
11852.000000000011
10481.000000000013
11656.750000000013
10481.000000000013
11127.250000000013
10351.000000000011
12160.750000000013
10137.000000000007
12594.250000000013
9970.000000000011
11922.500000000015
10063.000000000013
12001.750000000015
10408.000000000011
11400.750000000013
10682.000000000013
10921.500000000013
10672.000000000011
10634.500000000013
10404.000000000013
10436.250000000011
10008.000000000013
10580.750000000011
9693.000000000011
11424.50000000001
9575.000000000011
13104.750000000015
9562.000000000005
14821.250000000018
9634.000000000007
15924.750000000015
9785.000000000011
16187.500000000015
10020.000000000005
15913.250000000016
10365.000000000011
15331.000000000015
10805.000000000011
14264.000000000015
11349.000000000013
12591.50000000001
12080.000000000013
11137.500000000011
12816.000000000011
10577.75000000001
13006.000000000016
10504.250000000011
12277.000000000007
10554.25000000001
11256.000000000011
10700.250000000011
10938.000000000013
10858.000000000011
11693.00000000001
10977.250000000011
12848.000000000016
11152.750000000013
13575.000000000015
11472.500000000013
13499.000000000015
11935.250000000011
12888.000000000013
12720.500000000013
12194.00000000001
12919.000000000015
12003.000000000013
12166.250000000015
11155.000000000013
11422.25000000001
11179.000000000011
11354.000000000011
11149.000000000013
10581.750000000013
11375.000000000011
10304.25000000001
11635.000000000007
9890.00000000001
11725.000000000013