8228.250000000007
4011.000000000005
8185.500000000008
3887.0000000000036
8075.250000000008
3750.000000000003
7917.500000000007
3736.0000000000036
7970.50000000001
3673.0000000000036
7855.000000000007
3602.000000000004
7635.750000000008
3449.0000000000036
7524.000000000008
3308.0000000000036
7356.750000000008
3267.000000000004
7373.500000000007
3185.0000000000027
7336.5000000000055
3065.000000000004
7161.500000000007
2994.0000000000014
7156.000000000009
2881.000000000003
8027.250000000009
2806.0000000000027
8818.25000000001
2773.000000000003
9284.50000000001
2692.0000000000027
8796.500000000007
2602.000000000003
8825.75000000001
2621.000000000003
8619.25000000001
2777.0000000000023
9745.50000000001
3105.0000000000027
10399.750000000011
3958.0000000000036
9683.25000000001
3421.0000000000027
10443.750000000011
3181.0000000000027
9390.00000000001
3398.0000000000027
8144.250000000009
3087.0000000000023
8144.250000000009
2809.000000000003
9959.250000000011
2843.000000000003
11315.000000000013
2747.000000000003
11555.00000000001
2674.0000000000023
9795.75000000001
3907.0000000000045
9950.25000000001
3306.000000000004
11759.500000000013
2604.0000000000023
12078.000000000013
2268.0000000000027
11056.000000000013
2531.0000000000027
11805.250000000013
2871.0000000000027
13659.500000000015
2980.0000000000023
13260.500000000013
3110.0000000000023
11599.000000000013
3273.0000000000036
9741.500000000011
3342.0000000000023
9091.750000000011
3925.0000000000045
9499.75000000001
3414.0000000000036
9861.500000000011
3147.000000000003
11052.750000000011
3157.000000000003
11176.750000000013
3222.000000000003
9930.000000000007
3107.000000000002
9916.000000000011
3003.0000000000023
10361.500000000011
2650.0000000000027
10539.500000000011
2658.000000000002
10060.000000000013
2720.0000000000023
10254.000000000011
2735.0000000000023
10038.750000000011
2771.0000000000027
9778.25000000001
2779.0000000000027
9607.50000000001
2786.000000000003
10065.500000000011
2813.0000000000027
9909.00000000001
2775.0000000000023
9995.250000000011
2779.0000000000027
10154.750000000011
2776.0000000000027
9902.750000000011
2765.000000000003
9386.50000000001
2712.000000000003
9087.00000000001
2650.0000000000023
9071.250000000011
2634.0000000000023
8743.25000000001
2567.0000000000027
8252.50000000001
2473.0000000000027
7533.500000000008
2382.000000000003
7144.000000000008
2274.0000000000023
6987.750000000006
2167.0000000000023
6968.250000000006
2107.0000000000014
7122.250000000007
2004.0000000000023
7421.000000000007
1916.000000000002
7520.250000000009
1814.0000000000018
7780.750000000008
1721.000000000002
7890.750000000009
1634.000000000002
7918.250000000007
1572.0000000000011
8439.75000000001
1542.000000000001
8700.000000000005
1518.0000000000014
8817.25000000001
1580.000000000002
8726.250000000007
1654.0000000000018
8523.750000000011
1716.0000000000018
8399.500000000007
1749.0000000000011
8229.500000000007
1824.000000000002
7964.750000000008
1954.000000000002
7642.500000000007
1977.000000000002
7114.750000000007
1903.0000000000018
6620.0000000000055
1933.0000000000018
5722.0000000000055
1989.0000000000023
5263.250000000005
2027.0000000000018
5301.5000000000055
2074.0000000000023
5049.750000000006
2067.0000000000014
4918.0000000000055
2087.000000000002
4764.250000000005
2150.0000000000023