7584.000000000008
8051.000000000008
8742.25000000001
8707.00000000001
8605.000000000011
7680.000000000008
8241.75000000001
7376.000000000007
7751.250000000007
7036.000000000008
8009.000000000007
6541.000000000004
8841.00000000001
6261.000000000006
9176.25000000001
6651.0000000000055
9538.75000000001
6883.000000000007
9452.250000000011
8178.000000000009
8963.00000000001
8174.00000000001
8347.750000000007
5685.0000000000055
8475.000000000007
5095.000000000004
9192.00000000001
4296.000000000005
9442.75000000001
3600.0000000000027
9139.50000000001
3889.000000000005
9392.50000000001
4035.000000000005
9730.000000000007
5329.000000000005
9567.50000000001
6603.000000000006
9951.25000000001
6616.000000000007
9851.750000000011
6159.000000000005
9658.250000000011
6559.000000000008
9643.50000000001
6365.0000000000055
9812.500000000011
7283.000000000008
10885.000000000013
9117.000000000007
12038.750000000013
8821.000000000011
12045.250000000015
8916.000000000011
11663.25000000001
8209.000000000007
11630.250000000011
6819.0000000000055
12094.250000000011
6253.000000000006
12531.250000000013
7238.0000000000055
12407.250000000011
9602.000000000011
11890.500000000011
8581.000000000011
11276.000000000011
7580.000000000008
10681.000000000011
8043.000000000008
12427.750000000015
8685.00000000001
11934.500000000013
9918.000000000011
9436.75000000001
11496.000000000015
8995.750000000007
15014.000000000015
8643.50000000001
17437.000000000022
9100.75000000001
20570.00000000002
9972.25000000001
24602.00000000002
9341.75000000001
25673.00000000001
9412.750000000011
26567.00000000002
9351.25000000001
26769.000000000033
9601.75000000001
26594.000000000025
9991.500000000013
27705.000000000033
9739.500000000011
28629.00000000003
8930.250000000007
28292.00000000003
7827.250000000007
26439.000000000022
7457.000000000007
23899.000000000015
7827.000000000007
23017.000000000025
8859.50000000001
22479.000000000025
10637.250000000011
21709.000000000025
10987.500000000011
21700.000000000022
10422.250000000011
21312.000000000022
11432.500000000011
22534.000000000025
12032.250000000013
24087.00000000003
13685.250000000015
25058.00000000002
13545.000000000015
24832.00000000003
11788.000000000011
25477.00000000003
12351.250000000013
26134.000000000033
12472.250000000015
26453.000000000033
12132.500000000013
26138.000000000025
12379.500000000015
24440.000000000022
12490.000000000013
23186.000000000025
12033.250000000013
23745.000000000025
11667.500000000013
22376.000000000025
12350.750000000011
22333.000000000022
13326.250000000013
23197.000000000015
13921.250000000013
22852.000000000025
12759.250000000015
22760.000000000025
11546.50000000001
23686.00000000002
11856.750000000013
23042.000000000025
13592.000000000015
19710.000000000015
13688.500000000016
17071.000000000022
11787.25000000001
17543.000000000022
11234.500000000013
19258.00000000002
13571.750000000011
19725.000000000015
14521.750000000018
19760.000000000022
14288.500000000015
19465.000000000022
13472.250000000015
19727.000000000025
12822.000000000013
18999.00000000002
13955.500000000013
17234.00000000001
14426.250000000016
19415.000000000022
13970.750000000015
21666.00000000002
12746.000000000013
22890.000000000025
11196.500000000013
22936.00000000003
10111.25000000001
22711.000000000022
9596.250000000011
22401.00000000003