3569.000000000004
3103.000000000002
3468.0000000000036
2967.0000000000036
3390.5000000000027
2797.0000000000027
3331.750000000003
2620.000000000002
3317.7500000000027
2500.000000000002
3330.2500000000036
2401.000000000002
3329.5000000000027
2429.0000000000023
3324.500000000003
2497.0000000000023
3378.7500000000036
2593.0000000000027
3382.0000000000036
2839.0000000000027
3324.750000000003
3114.0000000000036
3262.750000000003
3329.000000000004
3190.000000000003
3602.000000000004
3100.0000000000027
3822.0000000000036
3010.2500000000036
3945.000000000004
3296.7500000000036
3965.0000000000036
3695.2500000000036
3955.0000000000045
3890.7500000000036
3952.000000000004
4019.000000000004
3916.0000000000027
4151.000000000004
3929.0000000000036
4351.000000000005
3887.0000000000045
4638.750000000005
3924.0000000000036
4718.500000000005
4065.0000000000045
5464.250000000006
4279.000000000003
5792.250000000006
4639.000000000005
5154.0000000000055
5033.0000000000055
4840.250000000005
5317.000000000005
4281.000000000005
5830.000000000005
3861.7500000000036
6771.000000000006
4156.750000000005
8127.000000000009
5604.7500000000055
9423.00000000001
8025.000000000007
10632.000000000013
9503.75000000001
11685.000000000015
9249.50000000001
13233.000000000015
8919.50000000001
13651.000000000015
8986.000000000011
13090.000000000011
9468.50000000001
12487.000000000013
10699.500000000011
11535.000000000013
11215.250000000011
11182.000000000011
13629.000000000015
11216.000000000013
14901.500000000013
11308.000000000013
15035.500000000015
13284.000000000015
12714.500000000011
14276.000000000015
11431.500000000011
14532.000000000013
10344.750000000011
13902.00000000001
9684.000000000011
15048.000000000016
10120.000000000011
13577.000000000011
11863.000000000013
11345.000000000011
13548.000000000015
10064.00000000001
14845.000000000018
9525.000000000005
15725.750000000015
8272.00000000001
15832.75000000002
7716.000000000008
14618.000000000015
7321.000000000008
12554.750000000013
6174.000000000005
10795.000000000013
7242.000000000009
10261.50000000001
8721.000000000007
10602.250000000011
8448.00000000001
11260.500000000011
7497.0000000000055
12006.500000000011
6945.000000000008
12585.750000000013
6481.000000000006
12582.250000000013
6779.000000000006
11585.750000000011
7826.000000000007
10049.50000000001
8290.000000000005
9807.25000000001
8420.000000000005
9887.50000000001
8960.00000000001
9820.00000000001
8914.00000000001
9365.50000000001
8653.000000000011
8830.50000000001
8162.000000000009
9034.250000000011
7546.000000000009
9557.500000000011
7050.000000000007
9436.00000000001
6372.000000000005
8730.250000000007
6265.000000000005
8110.000000000009
8293.000000000007
7762.250000000009
10104.000000000011
7631.500000000008
11547.000000000013
8034.000000000008
12730.000000000015
8643.00000000001
13746.000000000016
9302.250000000007
14210.000000000007
9893.000000000007
14476.000000000011
10419.000000000013
14719.000000000011
10832.500000000011
14933.000000000011
11271.750000000011
15061.000000000015
11651.250000000013
15375.000000000016
11987.750000000011
15758.000000000018
12276.250000000018
15944.000000000015
12623.250000000013
15654.000000000015
13040.250000000013
15309.000000000013
13559.000000000016
15339.000000000016
14079.500000000013
15368.000000000007
14484.750000000015
15321.000000000018