8321.250000000005
1887.0000000000016
8666.50000000001
1863.000000000002
9042.000000000007
1911.0000000000018
9349.75000000001
1891.0000000000023
9596.250000000013
1859.0000000000014
9718.00000000001
1911.0000000000018
9814.250000000011
1898.0000000000023
9876.50000000001
1848.0000000000023
10010.500000000007
1836.000000000002
10167.250000000011
1839.000000000002
10340.50000000001
1775.000000000002
10459.00000000001
1800.0000000000014
10560.500000000011
1764.000000000002
10779.250000000011
1804.000000000002
11083.500000000013
1812.0000000000018
11449.500000000013
1824.000000000002
11701.500000000013
1917.0000000000023
11886.750000000013
1911.0000000000018
12042.750000000013
1934.0000000000018
12238.500000000013
1896.000000000002
12559.000000000013
1869.0000000000011
12792.000000000011
1967.000000000002
12929.250000000013
1941.0000000000018
13001.000000000013
1953.0000000000018
13001.500000000013
1982.0000000000023
12929.750000000013
2048.0000000000014
12733.500000000013
2167.0000000000027
12447.000000000015
2155.000000000002
12131.000000000011
2202.0000000000014
11822.250000000013
2152.0000000000023
11573.000000000013
2077.000000000002
11258.500000000013
2044.0000000000018
10923.50000000001
1953.0000000000023
10595.000000000011
2013.0000000000025
10204.25000000001
2019.0000000000018
9834.750000000011
2070.0000000000027
9557.75000000001
2101.0000000000014
9376.750000000011
2109.0000000000014
9345.25000000001
2099.0000000000014
9665.00000000001
2144.000000000002
10090.25000000001
2134.0000000000027
10049.500000000011
2167.0000000000027
9794.250000000011
2122.0000000000014
9344.25000000001
2123.000000000001
8622.50000000001
2169.0000000000027
8245.000000000007
2093.0000000000023
8384.500000000007
2134.0000000000023
8891.50000000001
2152.0000000000023
10131.00000000001
2334.0000000000023
12660.750000000013
3042.000000000002
12022.500000000013
3057.000000000003
11430.500000000011
3328.000000000002
12307.750000000011
3576.000000000003
11758.250000000013
3755.000000000003
13571.250000000015
3893.000000000004
15524.250000000016
4079.000000000004
15980.750000000015
4296.0000000000055
14214.500000000015
4591.000000000003
12175.750000000015
5181.000000000006
11926.750000000015
5776.000000000006
11586.500000000011
6421.000000000006
11571.000000000013
7072.000000000009
12511.500000000013
7568.000000000007
12864.250000000015
7752.000000000008
9924.25000000001
7535.00000000001
8723.25000000001
7850.000000000006
8537.75000000001
7936.000000000008
8073.000000000008
7966.000000000008
7465.750000000006
7930.000000000008
7065.500000000006
7697.000000000009
7569.000000000008
7518.000000000008
7336.250000000006
7546.000000000008
6809.000000000006
7615.000000000008
6605.000000000007
8040.000000000009
6676.000000000006
8513.000000000011
6810.250000000006
8593.00000000001
7012.750000000007
9062.000000000007
7259.500000000007
10551.000000000011
7433.25000000001
12492.000000000013
7555.500000000006
14131.000000000013
7685.000000000006
14966.000000000015
7790.750000000007
16003.00000000002
7870.500000000006
17815.00000000001
7877.000000000008
18450.00000000002
7842.000000000007
18499.00000000001
7950.750000000008
18195.00000000001
8212.250000000007
17962.000000000022
8461.00000000001
18647.000000000022
8719.000000000007
19628.000000000022
9038.00000000001
18928.00000000001