18249.00000000002
9042.000000000011
18373.500000000022
9296.000000000005
18252.75000000002
9670.000000000011
18093.75000000002
9972.00000000001
17941.00000000002
10103.000000000005
17902.250000000015
10217.000000000011
18239.250000000025
10444.000000000011
18919.50000000002
11836.000000000013
19372.75000000002
14041.000000000013
19697.750000000022
15470.000000000015
20176.500000000022
16319.000000000016
20213.25000000002
16718.00000000001
19952.000000000022
16651.00000000002
20066.25000000002
16646.000000000015
19969.750000000022
18286.00000000001
19414.75000000002
20201.000000000025
18895.250000000022
21551.000000000022
18822.50000000002
22723.000000000025
18819.75000000002
23519.00000000002
18743.750000000022
23755.000000000022
19396.250000000022
23721.00000000003
20556.750000000022
23665.000000000022
21677.000000000022
23722.00000000002
22263.500000000022
23794.000000000025
22357.250000000022
23994.00000000002
22332.750000000022
24484.00000000002
22296.500000000025
25147.000000000015
22008.250000000022
25307.00000000003
21518.000000000022
23386.00000000002
20559.250000000022
19336.00000000002
17481.50000000002
15467.000000000015
12523.250000000013
12762.000000000007
8759.50000000001
12435.000000000011
7244.250000000009
12543.000000000015
6678.500000000006
10751.000000000013
9023.500000000007
9276.000000000007
10134.500000000011
8390.000000000011
8994.250000000011
7683.000000000009
8444.00000000001
7278.000000000005
7823.000000000008
7624.000000000006
7679.500000000007
7503.000000000009
8690.750000000007
5991.000000000005
9530.750000000011
6514.0000000000055
10482.50000000001
7154.0000000000055
10260.250000000011
6254.000000000007
9508.50000000001
5030.0000000000055
8954.75000000001
4207.0000000000055
8562.75000000001
3586.0000000000036
8188.750000000006
4909.000000000006
7882.250000000008
5012.000000000005
7779.750000000008
4591.000000000003
7764.000000000007
4167.000000000002
7230.250000000008
4770.0000000000055
7681.750000000007
5068.0000000000055
7033.250000000006
4758.000000000005
6993.000000000007
4172.000000000003
8038.250000000008
3236.0000000000036
8328.500000000011
2409.0000000000027
7788.500000000009
1636.0000000000018
7431.500000000006
1295.0000000000014
7669.750000000009
1211.000000000001
8157.000000000008
1176.0000000000014
10268.250000000011
1193.0000000000011
13601.250000000013
1211.000000000001
14617.000000000013
1229.000000000001
14700.000000000011
1327.0000000000014
13742.750000000013
1410.0000000000014
12086.500000000013
1517.0000000000016
10615.50000000001
1627.0000000000018
9147.500000000007
2313.0000000000027
7666.750000000007
3276.0000000000027
8492.00000000001
4234.000000000004
9557.75000000001
4950.0000000000055
11193.25000000001
5285.0000000000055
13093.250000000015
5411.0000000000055
14632.250000000015
5188.000000000005
15663.500000000018
4635.000000000005
16486.00000000002
3789.0000000000045
17197.000000000015
2634.0000000000023
19116.50000000002
1735.0000000000018
20832.50000000002
1120.0000000000007
21773.750000000022
1344.0000000000016
22987.750000000022
1657.0000000000014
24189.75000000003
1787.0000000000018
24493.00000000002
1957.0000000000023
24542.750000000025
1553.0000000000011
25055.750000000033
1096.0000000000011
24957.250000000025
724.0000000000007
24480.250000000025
1141.0000000000007
24106.500000000025
2511.0000000000027