1440.7500000000016
7154.0000000000055
1572.2500000000018
7361.000000000007
1721.7500000000018
7542.000000000007
2019.000000000002
7707.000000000004
2295.0000000000023
7725.000000000008
2492.2500000000023
7441.000000000008
2647.2500000000014
7590.000000000007
2831.5000000000027
7993.000000000009
2949.0000000000027
8143.000000000008
3105.750000000003
8239.000000000007
3232.2500000000027
8630.000000000004
3387.000000000003
8770.000000000011
3502.250000000003
8742.000000000007
3608.0000000000036
8992.000000000005
3815.250000000003
9231.000000000007
3932.7500000000045
9270.000000000011
3642.7500000000036
9329.000000000007
3622.5000000000036
9809.000000000007
3805.0000000000036
10061.000000000007
3960.000000000003
10131.000000000011
4182.250000000005
10298.000000000011
4311.250000000004
10411.000000000007
4238.000000000004
10491.000000000011
4095.7500000000045
10493.000000000011
4021.000000000003
10583.000000000011
4264.750000000004
10729.000000000011
4452.500000000005
10975.000000000011
4578.000000000004
10854.000000000011
4756.750000000005
10604.00000000001
4940.2500000000055
10390.00000000001
5125.750000000004
10479.000000000011
5224.2500000000055
10641.000000000011
5271.750000000005
10558.000000000013
5213.000000000004
10370.000000000011
5393.5000000000055
10749.000000000013
5499.2500000000055
10871.000000000013
5744.5000000000055
10770.000000000013
5715.2500000000055
10864.00000000001
6338.500000000007
10384.00000000001
6238.750000000006
10359.000000000013
6659.2500000000055
9335.000000000011
6844.500000000007
7909.000000000008
5124.7500000000055
6617.000000000006
4475.000000000005
7092.000000000007
7755.250000000006
6569.000000000007
10297.500000000013
4944.000000000005
9226.50000000001
3335.0000000000036
8133.250000000007
3640.000000000004
7233.000000000007
4080.000000000004
7170.750000000008
4342.000000000005
7576.000000000007
4858.0000000000055
8708.50000000001
5075.0000000000055
9682.25000000001
5055.000000000005
10604.000000000011
4515.0000000000055
10391.50000000001
4606.000000000003
9911.25000000001
5373.000000000006
8963.00000000001
5783.0000000000055
7781.500000000006
5583.0000000000055
6019.0000000000055
3701.000000000002
5140.5000000000055
1535.0000000000018
4709.2500000000055
1395.0000000000011
4632.500000000005
1451.0000000000016
5009.5000000000055
831.0000000000005
4625.500000000005
607.0000000000007
4136.500000000005
1325.0000000000014
3517.500000000003
2483.0000000000027
3292.000000000003
4243.000000000005
3880.500000000003
5205.0000000000055
5106.750000000004
5414.0000000000055
3925.250000000004
5214.0000000000055
3180.5000000000036
5143.000000000006
3356.750000000003
5106.0000000000055
3571.000000000003
4783.000000000004
4354.250000000005
4623.000000000004
4708.750000000005
4630.0000000000055
5485.250000000005
4278.000000000003
6876.2500000000055
3904.000000000004
8180.25000000001
3636.000000000004
8718.000000000007
3344.000000000004
9164.50000000001
2984.0000000000023
9435.75000000001
2608.000000000002
9281.00000000001
2205.000000000002
9282.250000000007
1738.0000000000016
9285.00000000001
1277.0000000000011
9255.50000000001
709.0000000000006
9158.75000000001
230.00000000000026
8978.500000000007
2.0000000000000004
9152.00000000001
1228.000000000001
12213.000000000013
6844.000000000009
11019.750000000011
4580.0000000000055