8946.500000000007
7203.000000000007
9053.500000000011
7081.000000000007
9398.75000000001
7099.000000000008
9655.000000000011
7116.0000000000055
9667.00000000001
7261.000000000007
9636.00000000001
8055.000000000007
11366.000000000013
10195.000000000013
11486.000000000013
9710.000000000007
9929.250000000013
8512.000000000005
9460.25000000001
8366.00000000001
8321.75000000001
8943.000000000011
7595.250000000007
10866.000000000011
6744.7500000000055
11989.000000000013
8018.500000000009
11900.000000000011
11448.250000000011
11514.000000000011
12775.000000000015
11756.000000000015
10611.500000000011
11179.000000000011
9153.50000000001
9889.00000000001
8735.00000000001
8174.000000000007
8104.500000000008
6319.000000000007
7700.250000000009
6699.000000000005
9989.25000000001
9240.000000000011
14437.250000000015
11056.000000000011
16577.500000000015
9966.000000000013
17133.500000000015
10431.000000000005
13099.000000000011
11110.000000000013
8692.00000000001
11367.000000000013
7551.500000000007
11554.000000000013
8030.000000000008
11726.000000000015
8008.750000000008
12364.000000000013
7381.750000000007
12880.00000000001
9283.250000000011
13235.000000000016
13007.500000000013
13324.000000000015
14301.250000000015
13357.000000000016
12283.75000000001
13315.000000000015
12138.500000000011
13303.000000000011
13642.750000000013
13211.000000000011
12320.750000000015
13221.000000000007
10932.25000000001
13695.000000000013
11097.500000000011
14743.000000000007
10863.750000000013
14947.000000000016
11561.000000000011
15197.000000000018
13279.500000000015
16034.000000000018
14824.250000000013
15774.000000000018
15296.250000000016
15018.000000000016
14706.750000000015
14357.000000000015
13936.750000000016
12367.000000000007
12464.000000000015
10641.000000000011
10722.750000000015
9994.00000000001
9786.25000000001
9883.000000000011
9659.250000000011
11103.000000000011
9453.25000000001
11755.000000000015
9145.50000000001
11871.000000000011
9058.75000000001
11930.000000000011
9310.50000000001
11861.00000000001
9659.75000000001
12318.00000000001
9965.000000000011
12765.000000000013
9824.50000000001
11441.000000000013
9532.000000000011
11109.000000000015
9483.25000000001
10998.000000000013
9956.750000000007
11412.000000000013
10158.25000000001
11742.000000000016
10610.250000000011
11548.000000000013
11541.750000000013
10806.000000000011
12519.500000000013
9364.000000000011
13571.500000000015
8458.000000000005
14208.250000000015
8068.000000000008
14741.250000000015
7550.0000000000055
15134.250000000015
7047.0000000000055
15122.000000000015
6263.0000000000055
15442.250000000015
5290.0000000000055
15344.250000000015
4564.000000000003
14570.000000000018
3903.0000000000045
13062.250000000011
3695.0000000000027
12866.750000000013
3470.000000000004
13225.000000000011
3991.000000000004
13382.250000000015
5797.000000000007
13775.500000000016
5843.0000000000055
13808.750000000013
5190.000000000006
13647.250000000015
4836.000000000004
14277.500000000013
5513.000000000006
14710.000000000015
7770.00000000001
14631.000000000015
8654.00000000001
14382.250000000013
8984.000000000011
13699.000000000015
8871.000000000011
13179.000000000011
8490.00000000001
12852.000000000015
9017.000000000007
12143.000000000011
9489.000000000007
11550.750000000013
9907.000000000011
11046.000000000011
11267.000000000011