15265.750000000016
8488.000000000005
15623.750000000013
7396.000000000008
15912.000000000018
6522.0000000000055
16205.750000000016
6480.000000000004
16523.25000000002
6893.000000000006
16586.75000000002
7257.000000000009
16091.250000000018
7861.000000000008
15470.750000000016
9063.000000000007
15055.750000000015
10490.000000000011
14665.750000000013
11339.000000000011
14181.500000000015
11389.00000000001
13564.500000000013
11463.000000000013
13038.000000000011
11602.000000000015
12503.500000000015
11683.000000000007
11938.750000000013
11752.000000000004
11773.750000000011
11810.000000000011
11745.000000000011
11875.00000000001
12220.000000000011
11900.000000000005
13046.750000000013
11698.000000000007
13890.500000000015
11282.000000000011
14815.750000000016
10933.000000000011
16129.000000000016
10688.000000000011
16331.250000000018
10356.000000000011
16132.500000000015
9891.000000000013
15903.500000000015
9265.000000000005
15964.500000000015
8024.000000000007
15476.000000000016
6947.000000000007
15173.000000000015
6332.0000000000055
15454.500000000015
6047.000000000004
14789.500000000015
5775.000000000005
14481.250000000016
6196.000000000005
14896.250000000013
6511.000000000008
14561.500000000013
6973.000000000009
14121.000000000016
7976.000000000007
13538.250000000013
6997.000000000007
12665.250000000011
6977.000000000006
12994.750000000015
9720.00000000001
13213.000000000013
9299.000000000007
12233.750000000011
7990.000000000008
11875.750000000011
8775.000000000011
11174.750000000007
9115.000000000011
10089.75000000001
9752.00000000001
9894.250000000011
10376.00000000001
10670.750000000011
10311.00000000001
11372.750000000013
10721.000000000011
11479.250000000011
11752.00000000001
10908.250000000013
12831.000000000011
9925.500000000011
12747.000000000016
9394.75000000001
11180.000000000015
9688.00000000001
9091.000000000011
9979.00000000001
8517.00000000001
10969.750000000011
7985.000000000007
11988.500000000013
8364.00000000001
11815.250000000013
8533.000000000005
10863.750000000013
9751.00000000001
9901.75000000001
10982.000000000011
9121.50000000001
11999.000000000013
9355.750000000007
13304.000000000015
9348.75000000001
14632.00000000001
9903.75000000001
15781.000000000016
10107.25000000001
16772.000000000015
10029.000000000011
17017.000000000022
10952.00000000001
16376.000000000016
11021.750000000011
15201.000000000016
11422.250000000011
13735.000000000015
12040.750000000011
12388.000000000011
12657.000000000011
11305.000000000013
14748.750000000015
10625.000000000013
17004.250000000015
12121.000000000013
16858.25000000002
14270.000000000013
16341.500000000015
17738.00000000001
15845.250000000016
22245.000000000022
15507.500000000015
23978.000000000025
14825.250000000016
22984.000000000025
13665.750000000013
21398.000000000022
13249.250000000015
19965.000000000022
13387.500000000015
16781.00000000001
13485.250000000016
12157.000000000013
13911.750000000013
9466.000000000007
14945.500000000015
9217.00000000001
15521.000000000018
11378.00000000001
15114.250000000013
13065.000000000013
13870.000000000015
13605.000000000015
13671.500000000013
14199.000000000015
13607.500000000016
14848.000000000015
13897.250000000016
14759.000000000007
13953.250000000013
14656.000000000016
13854.000000000015
14682.000000000013
13964.000000000013
14734.000000000016
14021.500000000016
14576.000000000016