9073.25000000001
5208.000000000005
8859.00000000001
5257.000000000005
9223.25000000001
4784.0000000000055
9518.500000000011
4339.000000000003
9198.500000000011
5277.0000000000055
8760.75000000001
6089.000000000006
9307.250000000011
7529.000000000009
9324.50000000001
8830.00000000001
9278.25000000001
9113.000000000005
9581.000000000011
8883.00000000001
10334.00000000001
8404.00000000001
11390.25000000001
7991.00000000001
10740.50000000001
7983.000000000008
10219.25000000001
7643.000000000007
11384.750000000013
8967.00000000001
11405.500000000011
10012.000000000011
10609.000000000013
10695.00000000001
10218.000000000011
9662.000000000005
10241.75000000001
9517.000000000011
9846.50000000001
9519.000000000011
9416.50000000001
8940.00000000001
9522.250000000011
9834.00000000001
8923.75000000001
10082.000000000011
8210.250000000007
9487.000000000011
8142.250000000009
10143.000000000011
8688.25000000001
10904.000000000011
8211.250000000007
8725.000000000011
8594.250000000007
10208.00000000001
9362.50000000001
12011.00000000001
9237.00000000001
9728.000000000011
8852.50000000001
7554.000000000006
8518.75000000001
6597.000000000008
8283.500000000007
7163.000000000009
8966.50000000001
8782.000000000007
9224.750000000011
9058.00000000001
9931.750000000011
9209.00000000001
11292.000000000011
10645.00000000001
10687.250000000011
11710.000000000013
10006.500000000011
10271.000000000013
12398.000000000013
11099.00000000001
11737.500000000011
12170.000000000007
11085.000000000013
13326.000000000016
12359.000000000011
15286.000000000015
12133.750000000013
15545.000000000015
11404.750000000011
14301.000000000016
10513.500000000011
12442.000000000007
9720.250000000007
12498.000000000013
9777.500000000011
14152.000000000016
9579.75000000001
15194.000000000015
9817.750000000011
15507.000000000013
9657.75000000001
14201.000000000011
10443.500000000011
13002.00000000001
11123.500000000011
13172.000000000013
10409.250000000011
12237.000000000011
10137.25000000001
12157.000000000013
10533.000000000013
11586.00000000001
10793.250000000011
11075.00000000001
10553.500000000011
11151.00000000001
10873.500000000011
12923.000000000016
11400.500000000013
15008.000000000015
11904.000000000013
15823.000000000018
12788.750000000016
15341.000000000016
13508.500000000015
16194.000000000015
14146.500000000016
16324.000000000015
14182.000000000016
16968.000000000015
16116.500000000015
16811.00000000001
16827.50000000002
15861.000000000016
15754.250000000016
16371.000000000016
14575.000000000016
16103.000000000016
13720.250000000015
15271.000000000018
12385.750000000011
15013.000000000018
11955.750000000011
16232.000000000015
12084.000000000015
16159.000000000016
11896.000000000013
15223.000000000016
12041.000000000013
15068.000000000016
12603.500000000011
14803.000000000013
12447.000000000011
15484.000000000015
12019.750000000011
16965.000000000022
10933.000000000011
15060.000000000013
9557.00000000001
12834.00000000001
8992.50000000001
15074.000000000018
8871.75000000001
17312.00000000001
9240.50000000001
17780.00000000002
9498.00000000001
16993.00000000001
9083.75000000001
15143.000000000016
8585.750000000007
15839.000000000013
8316.50000000001
15901.000000000018
8185.75000000001
16502.00000000002
8240.75000000001
16785.000000000015
9327.500000000007
15433.000000000016