8406.500000000007
7001.000000000007
8533.00000000001
6664.000000000006
9207.750000000007
5481.000000000006
9935.750000000011
4873.0000000000055
10105.25000000001
7100.000000000008
10119.75000000001
6902.000000000008
10522.50000000001
5533.0000000000055
10644.750000000011
5088.000000000006
11293.000000000011
4351.000000000003
11505.500000000015
4440.000000000004
11707.25000000001
4648.000000000003
11578.500000000015
5316.000000000004
10847.75000000001
5019.000000000004
10608.750000000011
5363.000000000006
10051.000000000011
4333.000000000004
9357.25000000001
5101.0000000000055
10681.250000000011
5594.000000000006
12632.500000000013
5856.000000000004
15240.500000000016
6529.0000000000055
16370.500000000016
6214.000000000008
17552.75000000001
6118.0000000000055
18308.25000000002
5412.0000000000055
17849.00000000002
5579.000000000006
17201.25000000002
6975.0000000000055
17215.000000000015
7012.000000000009
18517.50000000002
6911.000000000007
18923.250000000022
6620.000000000007
19389.75000000002
6553.000000000007
20106.500000000022
6181.000000000005
19421.000000000022
6090.000000000005
17452.25000000002
6086.000000000006
16558.250000000015
6246.000000000006
17346.500000000015
6321.000000000004
16495.25000000002
6882.000000000005
15585.500000000015
8599.000000000007
13313.000000000013
9944.00000000001
11228.500000000015
12046.000000000007
10139.750000000011
10826.000000000015
10470.000000000011
7528.000000000008
14266.000000000015
7570.000000000008
13953.250000000013
9043.00000000001
9971.750000000011
9201.000000000013
8527.25000000001
6061.000000000004
7957.500000000009
4852.000000000006
7673.750000000008
4453.000000000005
7150.500000000008
4718.000000000004
8720.750000000011
3923.000000000004
8000.750000000008
4541.000000000005
7017.500000000008
6043.000000000006
6748.750000000006
6958.000000000005
6169.750000000006
7550.0000000000055
6405.250000000007
8002.000000000009
6413.250000000007
8714.00000000001
5914.2500000000055
9789.000000000011
5833.5000000000055
9283.000000000007
5615.0000000000055
9119.00000000001
4977.250000000005
7142.000000000006
4892.0000000000055
7382.000000000008
5126.250000000005
5702.0000000000055
4592.250000000005
4957.0000000000055
4611.000000000005
5748.000000000006
4551.000000000005
5531.000000000005
4030.250000000004
4438.000000000003
4107.000000000005
6338.000000000008
4729.250000000005
8022.000000000008
4801.2500000000055
8472.000000000005
4234.750000000005
9852.000000000011
3893.000000000004
12915.000000000016
3976.750000000005
13443.000000000015
4423.250000000004
13793.000000000015
4228.500000000005
11925.000000000007
4086.250000000004
9642.000000000007
4210.750000000004
10656.000000000011
4423.750000000005
10681.00000000001
4149.000000000005
11267.000000000013
5101.750000000005
11237.00000000001
5343.000000000006
11200.000000000011
5748.7500000000055
12023.000000000011
6158.750000000007
11547.000000000013
6125.250000000006
11288.000000000013
6102.0000000000055
13116.000000000011
6551.250000000007
15275.000000000016
6434.500000000008
16617.000000000015
7056.000000000006
18972.000000000022
8306.750000000007
21835.000000000022
8745.00000000001
22567.000000000025
8421.50000000001
17265.00000000001
7576.250000000008
13607.000000000011
7418.250000000007
17008.00000000001
7802.750000000009
20032.000000000022