6059.7500000000055
7730.000000000009
6194.250000000006
7607.000000000009
6314.5000000000055
7443.000000000007
6427.500000000006
7306.000000000008
6554.2500000000055
7228.000000000006
6620.250000000007
7185.000000000007
6720.2500000000055
7037.000000000008
6900.000000000008
6753.000000000005
7057.000000000009
6602.000000000004
7109.000000000007
6589.000000000007
7010.750000000006
6568.0000000000055
6796.0000000000055
6501.000000000005
6524.250000000008
6480.000000000004
6220.7500000000055
6498.000000000007
5990.500000000006
6691.000000000006
5997.7500000000055
6923.000000000006
6065.5000000000055
7044.000000000008
6163.750000000006
7105.000000000009
6265.000000000006
7064.000000000007
6422.750000000006
7177.0000000000055
6629.000000000007
7234.000000000009
6932.000000000008
7166.000000000004
7151.250000000006
7001.000000000007
7303.750000000007
6845.000000000007
7471.000000000006
6806.000000000005
7700.000000000006
5872.000000000004
7971.750000000008
6541.000000000008
8048.250000000008
7349.000000000008
7964.500000000007
6945.000000000004
7881.500000000008
5722.000000000006
9104.25000000001
5081.000000000005
8662.50000000001
4836.000000000004
8696.500000000011
5115.0000000000055
8896.25000000001
5775.000000000006
8265.500000000007
5704.0000000000055
7526.000000000008
5906.000000000007
7176.250000000007
6568.0000000000055
7482.500000000007
8926.000000000007
7103.500000000007
10545.000000000005
9134.00000000001
9684.000000000011
9881.50000000001
8949.000000000007
9015.25000000001
7373.000000000008
8072.250000000008
5765.0000000000055
10901.25000000001
5962.000000000004
11275.250000000011
6199.000000000004
8372.750000000007
7094.000000000007
7187.500000000007
7348.000000000008
6200.750000000006
7796.000000000007
8520.00000000001
8692.00000000001
11981.750000000013
8914.000000000005
15033.250000000013
8962.000000000007
15813.500000000013
9091.000000000005
12592.500000000011
9453.000000000011
11002.75000000001
9836.00000000001
9640.750000000011
10118.00000000001
8462.250000000007
10214.000000000013
8215.000000000005
10139.000000000013
7362.500000000009
9950.00000000001
6916.500000000007
9840.000000000007
6917.750000000006
9730.000000000011
9258.000000000011
9513.000000000007
9476.250000000011
9383.000000000007
7852.250000000007
9454.00000000001
8352.750000000007
9638.00000000001
8714.75000000001
9662.000000000005
6869.750000000007
9543.000000000007
6740.250000000006
9501.000000000005
7223.750000000008
9496.000000000011
7728.000000000007
9588.000000000007
8170.500000000006
9697.000000000011
9091.000000000007
9709.000000000011
9080.250000000011
9580.000000000011
8866.250000000011
9498.000000000011
8755.00000000001
9283.000000000007
8696.25000000001
8952.00000000001
8615.00000000001
8642.000000000011
8735.25000000001
8504.000000000005
8736.00000000001
8526.000000000005
7354.000000000007
8489.000000000005
6878.250000000006
8468.000000000007
6735.000000000007
8571.00000000001
6716.000000000008
8692.00000000001
6915.500000000006
8750.000000000007
7197.250000000007
8737.00000000001
7266.750000000009
8686.000000000005
7083.750000000007
8587.00000000001
7156.250000000007
8453.000000000007
7616.750000000006
8267.000000000005
7801.000000000008
8029.000000000008
7879.500000000007
7759.000000000007