10054.750000000011
11676.00000000001
9695.000000000007
12233.000000000005
9308.250000000011
13713.000000000011
9592.00000000001
14902.000000000011
9861.25000000001
16126.000000000018
10055.50000000001
15688.000000000016
10553.500000000011
13563.000000000015
11742.000000000011
11450.000000000011
12480.250000000013
9283.000000000007
11478.500000000011
7988.000000000008
9520.75000000001
5681.0000000000055
7804.500000000007
2690.0000000000027
7087.750000000007
2454.000000000002
7038.750000000007
3904.0000000000036
6889.750000000007
5967.000000000007
7078.750000000008
8431.000000000004
7381.250000000009
8937.000000000005
7220.000000000008
8726.000000000011
6926.750000000008
7876.000000000008
7412.750000000008
7122.000000000007
9180.50000000001
7406.000000000008
9361.00000000001
7334.000000000008
8397.250000000007
6902.000000000008
7625.750000000007
6878.000000000006
7155.000000000008
6022.000000000005
6680.250000000007
7778.000000000008
6095.2500000000055
10244.000000000007
5484.2500000000055
12028.00000000001
4975.5000000000055
13528.000000000015
4797.500000000005
12130.000000000011
6363.500000000006
10802.00000000001
9917.250000000011
9726.000000000007
12034.000000000011
8206.000000000005
13909.250000000013
7106.000000000006
12391.500000000013
6757.000000000003
10155.250000000011
7017.0000000000055
9372.25000000001
6518.000000000008
8309.25000000001
5568.000000000006
6343.000000000006
6075.000000000005
5828.7500000000055
7649.0000000000055
7492.250000000007
8785.000000000005
6978.2500000000055
9121.000000000005
6881.250000000006
7319.000000000008
10653.250000000011
7558.000000000008
13110.750000000013
9075.000000000005
13716.250000000011
10334.000000000011
14442.750000000013
10525.00000000001
15561.750000000018
9894.000000000011
11370.250000000015
8621.000000000007
7673.500000000009
6629.000000000007
7796.500000000009
5581.0000000000055
7917.500000000009
5130.0000000000055
8078.750000000008
4694.000000000003
7802.000000000007
4181.000000000004
8192.75000000001
3680.000000000004
9346.250000000007
3811.000000000004
11691.000000000013
4392.000000000005
11927.250000000013
4271.000000000003
10512.000000000013
3701.000000000004
8378.25000000001
3553.000000000003
7937.500000000007
3529.0000000000036
7816.500000000007
3487.0000000000027
8007.250000000008
3664.000000000004
8180.500000000008
3797.0000000000036
8243.25000000001
3837.0000000000036
8935.50000000001
3838.000000000004
9037.500000000011
3871.0000000000045
8941.25000000001
3993.0000000000045
8095.750000000006
4053.000000000004
7660.000000000006
4093.000000000003
7450.750000000008
4280.000000000004
7289.500000000007
4521.0000000000055
7149.250000000008
4129.000000000005
7401.000000000007
4049.0000000000036
7906.000000000007
4066.0000000000036
8188.500000000008
4179.000000000005
7953.000000000008
4261.000000000004
8013.500000000007
4438.000000000005
7903.000000000007
4707.000000000004
7761.500000000008
4285.000000000002
7523.000000000007
3999.0000000000036
7002.000000000007
4184.000000000005
6982.750000000007
4431.000000000003
7301.250000000008
4677.000000000005
7590.750000000007
4728.000000000003
7541.250000000007
5268.000000000005
7657.750000000008
6103.0000000000055
7631.000000000008
6643.000000000007
7742.250000000008
7622.000000000008
8128.750000000008
8656.000000000005