4344.0000000000055
4623.000000000004
4077.500000000004
5460.000000000006
3857.000000000004
7038.000000000007
3828.5000000000036
8611.000000000005
3718.7500000000036
10161.00000000001
3445.0000000000036
11632.00000000001
3351.5000000000027
12970.000000000013
3486.0000000000036
13888.000000000013
4888.5000000000055
14163.000000000016
5469.250000000005
14338.000000000011
4634.000000000005
14627.000000000016
5028.5000000000055
14321.000000000018
5345.0000000000055
13683.000000000011
3939.000000000004
13136.000000000011
3978.750000000004
13178.000000000015
4161.750000000005
12944.000000000015
4091.250000000004
12333.00000000001
5180.7500000000055
11526.000000000013
12357.500000000015
9966.000000000013
12586.000000000011
8160.00000000001
6716.750000000007
6260.000000000006
4533.500000000005
4606.0000000000055
4364.750000000005
3261.0000000000027
4498.750000000005
2639.000000000002
4746.250000000005
2511.0000000000027
4541.750000000004
2547.0000000000027
4371.250000000005
3013.0000000000027
4796.5000000000055
4300.000000000005
8978.75000000001
5885.000000000005
7825.500000000007
7232.000000000009
6359.000000000006
8096.000000000009
5534.500000000005
8279.000000000007
5139.0000000000055
7785.000000000008
4983.7500000000055
6934.000000000006
4840.750000000005
6004.0000000000055
5562.2500000000055
5167.0000000000055
6333.000000000006
4590.000000000005
7174.250000000007
4325.000000000005
7312.250000000007
4288.000000000004
7156.500000000007
4399.000000000002
7332.750000000007
4617.000000000005
6682.500000000006
4564.000000000003
7129.500000000007
4605.000000000005
6625.000000000008
4609.000000000005
6484.000000000007
4915.0000000000055
5906.500000000006
4990.000000000005
5032.5000000000055
5031.000000000005
4431.5000000000055
4956.000000000005
5010.250000000005
4787.0000000000055
6186.000000000007
4581.000000000004
5431.000000000006
4340.000000000005
4192.000000000005
4012.0000000000036
3869.5000000000045
3559.0000000000023
4514.5000000000055
3087.0000000000023
4722.750000000005
2682.0000000000014
4033.2500000000036
2384.000000000003
4026.2500000000036
2332.0000000000027
4133.750000000005
2771.000000000003
4349.000000000005
3550.000000000004
4431.500000000004
4942.0000000000055
4851.500000000004
6560.0000000000055
4664.250000000005
7457.000000000008
4584.500000000004
7815.000000000008
4859.500000000005
6647.000000000007
5418.000000000005
6196.000000000005
5624.000000000006
5590.0000000000055
5544.5000000000055
5454.000000000006
6047.750000000007
5723.000000000006
6654.750000000008
5927.0000000000055
6894.750000000007
4936.000000000002
6552.0000000000055
4107.000000000003
6045.7500000000055
4164.000000000003
5765.000000000006
6792.000000000007
5606.750000000005
6816.000000000004
5236.000000000005
6044.000000000005
4095.000000000005
6038.000000000004
3492.5000000000036
5021.000000000006
3102.2500000000023
4390.000000000004
3155.7500000000027
4741.000000000004
3774.000000000003
3558.0000000000027
4063.250000000004
2591.0000000000027
4541.000000000005
2935.000000000003
5052.7500000000055
3922.0000000000045
5275.750000000007
4250.000000000004
5038.000000000005
4247.000000000005
4818.500000000005
3330.000000000004
4681.2500000000055
2784.000000000003
4623.2500000000055
2776.0000000000027
4544.500000000005
2843.000000000003
4434.250000000005
2570.0000000000027