11103.500000000011
12596.000000000007
11035.000000000013
12300.00000000001
11398.000000000011
13304.000000000016
11320.75000000001
14994.000000000011
11222.000000000013
11070.00000000001
11514.750000000011
7617.0000000000055
12004.000000000013
10929.000000000013
11843.500000000011
15017.000000000018
11121.000000000013
11161.000000000011
11262.250000000011
7168.000000000007
10699.000000000011
7177.0000000000055
10281.000000000011
7044.000000000004
11422.500000000011
8244.000000000005
12738.000000000011
9759.00000000001
13329.000000000013
10783.000000000011
13407.750000000015
12633.000000000011
11939.750000000011
14321.000000000015
10449.000000000011
15772.000000000016
9767.75000000001
15613.000000000018
9126.250000000011
12476.000000000013
8811.50000000001
9774.00000000001
8592.00000000001
9605.000000000011
8296.750000000007
9665.000000000007
7389.000000000007
8510.00000000001
8115.250000000006
6952.000000000009
7577.500000000006
6045.000000000007
7228.500000000007
6852.000000000005
7404.250000000007
8998.00000000001
7800.000000000008
10270.00000000001
8420.50000000001
9233.00000000001
7810.000000000007
8285.000000000007
7760.250000000008
9127.000000000007
8707.750000000011
8569.000000000011
9680.50000000001
7220.000000000008
10954.250000000011
6482.000000000006
10531.75000000001
6919.000000000007
11264.750000000011
6810.000000000008
13351.250000000011
6877.000000000009
12307.750000000015
6903.0000000000055
9986.00000000001
8679.000000000005
7938.750000000009
9192.000000000007
7192.500000000007
8185.000000000009
7561.750000000007
10824.000000000011
7283.250000000008
10746.000000000013
9107.000000000011
10781.000000000011
12197.000000000013
10857.000000000011
12099.250000000011
10884.000000000013
9757.00000000001
10608.000000000011
7795.000000000007
10914.000000000007
6892.500000000008
11236.000000000011
6491.250000000007
11926.000000000007
6111.500000000005
12302.00000000001
7013.000000000006
11893.000000000015
9550.75000000001
12167.000000000015
10160.50000000001
11869.000000000011
9998.25000000001
10582.00000000001
8530.000000000007
10545.000000000011
5724.500000000006
10573.000000000013
3779.7500000000036
9281.000000000011
3636.500000000004
8260.000000000005
4654.500000000005
8730.00000000001
6770.5000000000055
9420.000000000011
8052.250000000006
9182.000000000005
7382.750000000008
10122.000000000007
7393.750000000007
10404.000000000013
8554.75000000001
9967.000000000011
9898.250000000013
9201.00000000001
11938.000000000013
8031.000000000009
12761.750000000013
7158.000000000008
13130.500000000015
6577.000000000005
13049.000000000015
6513.000000000007
12451.750000000013
7065.000000000005
11109.750000000013
7516.000000000006
10413.500000000011
7667.000000000009
10322.250000000011
7850.000000000007
10435.50000000001
8050.000000000009
11174.00000000001
8036.000000000008
10930.250000000013
7856.000000000009
10995.500000000011
7667.000000000009
11319.500000000013
6908.000000000006
11693.00000000001
5284.0000000000055
12494.250000000013
5215.0000000000055
12574.000000000013
7303.000000000008
12779.250000000013
9064.000000000004
13238.000000000013
10078.000000000011
12930.250000000013
9382.000000000007
12769.500000000013
7987.000000000009
12943.000000000013
5710.0000000000055
12636.500000000013
4932.0000000000055
11754.500000000015
5385.000000000006