3754.750000000004
2146.000000000002
4323.500000000005
5931.000000000006
4867.750000000005
8788.000000000007
5348.2500000000055
8795.000000000011
5614.0000000000055
7887.000000000009
5606.750000000006
8511.00000000001
5430.500000000006
8654.00000000001
5192.0000000000055
7483.000000000009
4997.250000000005
6158.000000000005
4771.7500000000055
5355.000000000005
4485.0000000000055
4979.000000000003
4154.750000000004
4638.000000000004
3909.5000000000045
4173.000000000004
3912.250000000004
3816.000000000004
3988.7500000000036
3731.0000000000036
4091.500000000004
3920.000000000005
4123.250000000004
4184.000000000005
4153.000000000005
4218.000000000003
4191.000000000005
4004.0000000000036
4096.500000000004
3798.000000000004
3977.5000000000045
3665.000000000004
4079.7500000000036
3657.0000000000027
5434.2500000000055
3733.0000000000036
6663.5000000000055
3869.000000000004
7434.750000000007
3860.0000000000045
7717.750000000008
3733.0000000000036
7974.750000000009
3468.0000000000036
8266.500000000007
3171.000000000003
8232.25000000001
2887.000000000003
7698.250000000008
2706.0000000000027
7339.000000000006
2647.0000000000023
7198.000000000008
2584.0000000000027
7163.250000000006
2499.0000000000023
6691.000000000007
2405.0000000000027
6261.750000000006
2271.000000000002
6299.0000000000055
2145.0000000000014
6104.750000000006
2006.0000000000018
6240.750000000006
2105.0000000000027
6582.750000000006
2481.000000000002
6335.5000000000055
2809.000000000003
6420.500000000006
3152.000000000003
7362.500000000007
3174.0000000000036
8611.25000000001
2327.0000000000023
10132.000000000013
1645.000000000001
10826.250000000013
1628.0000000000016
11225.500000000013
1593.0000000000011
11716.000000000011
1169.000000000001
12651.000000000013
1152.000000000001
12653.250000000013
1207.0000000000014
11939.500000000015
1263.0000000000014
11968.000000000013
1290.0000000000016
11843.750000000013
1271.0000000000014
11793.500000000013
1302.0000000000014
11875.500000000015
1418.0000000000014
11377.250000000013
1656.0000000000018
10587.750000000011
1894.0000000000018
9983.50000000001
2097.0000000000023
9561.750000000011
2198.0000000000023
9457.50000000001
2332.0000000000027
9208.00000000001
2476.0000000000023
8931.250000000011
2554.0000000000023
8774.250000000007
2635.0000000000027
8082.250000000007
2786.0000000000027
7473.500000000008
2996.000000000003
7198.250000000009
3285.0000000000023
7207.500000000007
4343.000000000003
6965.500000000007
6691.000000000007
8284.50000000001
8544.000000000007
8683.75000000001
9573.000000000013
8178.00000000001
10050.000000000013
8200.00000000001
10590.00000000001
8524.000000000007
11233.000000000011
8454.000000000007
11652.000000000007
8527.00000000001
11910.000000000016
8808.50000000001
11998.00000000001
9070.75000000001
12076.000000000007
9238.250000000007
12217.000000000013
9453.50000000001
12528.000000000015
9783.50000000001
13195.000000000011
9831.250000000011
13621.000000000015
9783.250000000011
13762.000000000015
9611.000000000007
14109.000000000016
9442.50000000001
15256.000000000015
9653.50000000001
17622.000000000015
9855.500000000013
20098.00000000002
9536.250000000007
21473.000000000022
7956.2500000000055
21938.000000000025
6588.750000000006
22275.000000000022
5496.2500000000055
22716.000000000022
4871.500000000005
22798.000000000025