14978.250000000016
18313.000000000022
14938.500000000016
18332.000000000022
14024.250000000013
19050.00000000001
13658.250000000015
19405.000000000015
13841.750000000013
19653.000000000025
13611.000000000015
20211.00000000002
13370.750000000011
20450.000000000022
13703.000000000015
20789.000000000022
13894.500000000013
20222.000000000022
13554.000000000016
19438.000000000022
13475.000000000015
18967.00000000002
13675.000000000013
19244.00000000002
13082.500000000011
19887.000000000022
11601.250000000011
20542.000000000022
10729.500000000011
20956.000000000025
11065.500000000013
21423.00000000002
11653.250000000013
21640.000000000022
12193.250000000011
21789.00000000003
12578.500000000015
21848.000000000022
12709.000000000015
22168.000000000022
13023.250000000015
21073.000000000022
12945.000000000013
18524.000000000022
12642.000000000011
16554.000000000022
12981.500000000013
15186.000000000013
13269.000000000011
15623.000000000018
13497.750000000015
14230.000000000016
13693.500000000015
13087.000000000015
13466.000000000013
12557.000000000011
13402.500000000015
11242.000000000013
13539.750000000016
13857.000000000015
13971.250000000016
16271.00000000002
13839.500000000013
14668.000000000016
13719.000000000013
13337.00000000001
13208.750000000015
12723.000000000011
12650.000000000013
12275.000000000016
11927.000000000011
12150.00000000001
11986.250000000013
11991.000000000011
11539.000000000013
11213.00000000001
10402.000000000011
11472.000000000011
10965.750000000011
12484.00000000001
11075.000000000013
13203.000000000015
9857.50000000001
13432.000000000016
9789.75000000001
12910.00000000001
9330.000000000007
12393.00000000001
8213.00000000001
12901.000000000013
7782.500000000008
13043.000000000011
8098.250000000006
12245.000000000016
8394.75000000001
11233.000000000013
8662.50000000001
11756.000000000007
8771.000000000007
12444.000000000007
8756.750000000007
11421.000000000011
8652.750000000011
10131.000000000013
8586.000000000007
10050.000000000011
8496.250000000007
9446.000000000013
8466.75000000001
8859.00000000001
8441.250000000007
8319.00000000001
8132.750000000008
7721.000000000009
7847.750000000009
8225.000000000007
7853.500000000008
8668.00000000001
7702.750000000006
9107.00000000001
7404.500000000007
9507.000000000011
7287.750000000007
9973.00000000001
7377.500000000007
10205.000000000007
7229.7500000000055
9954.000000000007
6965.250000000006
9848.000000000007
7304.250000000009
10576.000000000013
7342.500000000007
10741.000000000013
7382.500000000008
9967.000000000011
7451.000000000008
9872.000000000013
7362.000000000006
9259.000000000011
7143.0000000000055
8847.000000000005
6852.500000000006
8639.00000000001
6757.000000000007
8856.000000000011
6744.000000000007
8678.000000000005
6917.750000000006
8127.000000000008
7036.250000000007
8034.000000000008
6936.500000000006
8101.000000000007
6930.250000000007
8092.000000000009
6957.750000000008
8187.000000000009
6831.500000000006
8390.000000000005
6949.500000000007
8543.00000000001
7011.750000000007
8996.000000000011
6897.500000000007
8901.000000000011
6730.000000000006
8693.000000000005
6870.000000000008
8835.000000000007
6829.000000000007
8783.000000000011
6613.250000000008
8581.000000000011
6669.500000000006
8383.000000000011
7202.000000000007
8382.000000000005
7566.000000000007
8595.000000000005