7015.500000000007
9469.00000000001
7356.750000000007
10280.000000000011
8102.250000000007
11052.000000000013
8000.250000000009
11360.000000000011
6865.0000000000055
11485.000000000011
6195.000000000006
11397.000000000013
6144.500000000006
11380.000000000011
6089.000000000006
10923.00000000001
5940.750000000006
9967.000000000011
6045.0000000000055
9100.00000000001
6683.500000000006
8362.000000000007
7378.250000000007
8052.000000000008
7865.750000000008
7758.000000000005
7991.750000000006
7561.000000000007
7935.500000000006
7652.000000000009
7513.500000000007
7862.000000000007
7098.000000000006
8222.000000000005
6695.500000000007
8578.00000000001
6459.750000000006
8767.000000000011
6298.0000000000055
8852.00000000001
6024.0000000000055
9016.000000000011
5980.5000000000055
9117.000000000007
5892.7500000000055
9117.000000000007
5644.5000000000055
9054.000000000011
5734.2500000000055
9080.000000000011
5790.2500000000055
9473.000000000011
5935.750000000006
10128.000000000011
6271.7500000000055
10660.000000000011
7353.000000000007
10750.000000000011
7822.750000000007
10398.000000000011
8373.25000000001
9654.000000000011
8525.00000000001
8727.000000000007
8227.25000000001
7873.000000000007
8661.25000000001
7373.000000000008
8945.00000000001
6978.000000000008
9686.500000000011
6706.000000000008
9777.25000000001
6349.000000000005
10055.250000000011
5842.000000000006
9915.50000000001
5080.000000000004
10151.250000000011
4355.0000000000055
9704.50000000001
4199.000000000003
9709.00000000001
4482.000000000004
9439.750000000011
4908.0000000000055
9671.000000000007
5289.000000000006
9901.250000000011
5449.0000000000055
10008.750000000011
5467.0000000000055
9475.25000000001
5185.0000000000055
9515.750000000011
4969.0000000000055
9224.500000000011
4845.000000000005
9128.00000000001
4641.0000000000055
9097.50000000001
4437.000000000002
8942.75000000001
4081.0000000000045
8788.000000000011
3707.0000000000036
8358.500000000007
3517.0000000000023
9109.250000000011
3383.0000000000027
9398.75000000001
3500.000000000004
9648.75000000001
4245.0000000000055
10134.75000000001
6074.000000000005
10347.500000000011
8162.000000000009
10422.250000000011
9057.000000000011
10826.250000000013
9270.000000000011
10727.000000000011
10822.000000000011
10379.75000000001
12169.000000000007
10146.50000000001
12574.000000000015
10485.000000000013
12526.000000000011
10102.250000000011
12223.000000000015
9626.25000000001
12040.000000000015
9477.75000000001
11701.000000000015
9621.50000000001
11264.000000000011
10360.75000000001
11491.000000000015
10445.500000000011
12697.00000000001
9965.250000000011
12939.000000000016
9588.25000000001
13029.000000000011
9032.000000000011
13915.000000000018
8545.50000000001
14106.000000000013
8559.25000000001
14020.000000000015
8381.50000000001
14170.000000000015
8411.75000000001
14633.000000000018
8591.250000000011
14961.000000000015
9029.000000000011
14988.000000000016
9471.25000000001
14765.000000000011
9539.75000000001
14568.000000000015
9498.25000000001
14134.000000000016
9598.50000000001
14672.000000000016
9849.75000000001
14970.000000000013
9561.50000000001
14739.000000000018
8766.500000000007
13440.000000000011
8254.50000000001
12378.00000000001
8276.25000000001
12179.00000000001
8262.750000000007
11618.000000000013