5973.5000000000055
4188.000000000005
23423.50000000003
15325.000000000018
23332.000000000025
14471.000000000013
23158.750000000022
14110.000000000011
23361.500000000022
14877.000000000018
23042.000000000022
15918.000000000018
22238.75000000002
16015.000000000016
21625.000000000022
15542.000000000011
21022.75000000002
15282.000000000016
20110.500000000022
15288.000000000015
19110.50000000002
15369.000000000016
18546.75000000002
15556.00000000002
18189.50000000002
15769.000000000015
18110.50000000002
15899.000000000018
18208.25000000002
15892.00000000002
18513.75000000002
15860.000000000015
19066.000000000022
15864.000000000018
19629.75000000002
15890.00000000002
19632.25000000002
15969.000000000016
18803.25000000002
16019.000000000018
17929.50000000002
15986.000000000018
17513.50000000002
16020.000000000015
16599.25000000002
16202.000000000015
16354.250000000016
16483.00000000002
16675.750000000022
16830.000000000015
16856.500000000022
17192.00000000001
17550.75000000002
17511.00000000001
17425.250000000015
17809.000000000022
16605.50000000002
18166.000000000022
16151.750000000018
18519.000000000022
15874.750000000016
18786.00000000002
15315.250000000015
18972.000000000022
14605.750000000016
19188.000000000022
14302.750000000011
19431.000000000022
14671.750000000016
19631.000000000022
16599.50000000002
19690.000000000022
17167.000000000015
19692.000000000022
17685.75000000002
19560.000000000022
16603.75000000002
19389.000000000015
14930.750000000015
19139.000000000022
13779.000000000015
18852.000000000022
12962.500000000013
18442.000000000022
11296.250000000011
17939.000000000022
10532.250000000011
17438.000000000022
12302.250000000011
17221.00000000001
16710.500000000015
17672.000000000022
16777.00000000002
18483.00000000002
14517.000000000013
18321.000000000022
12145.500000000016
17600.00000000002
10916.750000000011
16726.000000000015
10663.250000000011
15747.000000000018
10806.75000000001
15677.000000000016
10444.50000000001
16440.00000000002
11359.000000000011
15119.000000000015
13423.000000000011
13887.000000000015
12971.250000000011
14736.000000000015
11400.25000000001
14498.000000000016
11290.750000000013
15082.000000000016
11422.750000000011
16509.000000000015
11449.500000000011
17929.000000000015
11637.50000000001
18128.00000000002
11705.000000000015
18944.000000000022
11354.750000000013
19492.00000000002
10820.75000000001
20288.000000000022
10010.75000000001
23173.00000000003
10151.25000000001
23816.00000000003
10760.750000000013
22052.000000000022
11488.750000000013
19293.000000000022
11995.25000000001
15465.000000000015
13360.000000000013
13204.000000000016
13622.250000000013
12752.000000000015
13419.750000000011
13233.000000000015
13598.250000000015
13802.000000000015
13817.750000000016
14419.000000000018
13863.750000000015
15055.000000000015
13741.000000000015
15723.000000000015
13773.500000000013
16367.00000000002
13647.250000000015
16814.000000000015
13565.000000000015
16953.000000000015
13638.750000000015
17022.00000000001
13374.500000000013
16840.00000000001
13010.50000000001
16526.000000000015
12699.250000000015
16151.000000000016
12325.250000000013
15512.000000000016
12026.500000000013
14867.000000000013
11781.750000000013
14196.000000000016
11551.250000000013
13529.000000000016
11510.000000000013
12853.000000000013
11959.000000000011
12982.000000000011
2949.750000000003
3306.0000000000036