5571.5000000000055
10523.000000000013
5501.0000000000055
10789.000000000013
5576.250000000006
11035.000000000011
5717.250000000005
11204.000000000013
5921.7500000000055
11285.000000000013
6189.7500000000055
11283.000000000011
6515.250000000006
11232.000000000013
6821.250000000007
11530.000000000011
7202.500000000006
12554.000000000005
7718.250000000006
13898.000000000015
8259.75000000001
15256.000000000015
8829.25000000001
16619.000000000015
10015.500000000011
17984.00000000001
11107.000000000011
19147.000000000015
11246.500000000013
20073.000000000022
11703.250000000013
20674.000000000022
11853.000000000011
21004.000000000022
12137.750000000011
21048.000000000022
12503.500000000011
20812.000000000022
13238.500000000015
18894.00000000002
12633.000000000015
16383.000000000018
12171.750000000011
15318.00000000001
10083.25000000001
14682.000000000016
9872.000000000011
14238.000000000013
10365.250000000011
14211.000000000007
10236.250000000011
14476.000000000011
11808.000000000015
14913.000000000013
12511.500000000013
15737.000000000016
10257.500000000011
15507.000000000013
9602.75000000001
15817.000000000016
9374.00000000001
16397.00000000001
10401.000000000013
16805.00000000002
10502.750000000011
17182.000000000015
11535.75000000001
17619.000000000022
11969.750000000013
18125.000000000015
12083.250000000011
18607.00000000001
12061.250000000015
18829.000000000022
13394.500000000016
19103.000000000022
16001.750000000016
19516.00000000002
14786.500000000011
19852.000000000022
13941.000000000015
20298.00000000001
13067.750000000015
20833.000000000022
13612.000000000015
21499.00000000002
14542.500000000016
22507.000000000025
15791.750000000016
23528.000000000022
15644.000000000016
24529.00000000002
13789.750000000015
25497.00000000003
13183.250000000015
26232.000000000025
12686.000000000013
26630.00000000003
12394.000000000013
26642.00000000003
12444.000000000013
26356.00000000003
12261.000000000011
25680.000000000025
12063.500000000013
24602.00000000002
11826.000000000011
23101.00000000003
12543.500000000013
21147.000000000022
12907.000000000011
18985.00000000002
12913.250000000013
16816.000000000015
13116.250000000013
15116.000000000016
13677.250000000015
14260.000000000016
14397.750000000016
13918.000000000015
15025.500000000016
13650.000000000015
14489.000000000016
13229.000000000015
14479.750000000016
12820.00000000001
14896.500000000015
12389.000000000011
14582.250000000015
11988.000000000013
14727.250000000018
11688.000000000011
15019.750000000015
11538.000000000011
14696.250000000015
11506.000000000013
14391.250000000018
11503.000000000013
14654.250000000016
11462.000000000011
14930.750000000015
11331.000000000013
14405.750000000013
11176.00000000001
13658.500000000015
11340.000000000011
13173.750000000011
11828.00000000001
12950.500000000013
12502.000000000013
12828.500000000013
13187.000000000013
12935.750000000013
13723.000000000016
13163.250000000011
14078.000000000005
13334.500000000013
14185.000000000016
13411.750000000013
13989.000000000016
13447.750000000011
13454.000000000011
13340.500000000015
12588.000000000016
12881.500000000011
12562.000000000013
12289.000000000013
12504.000000000007
11945.000000000011
11043.000000000011
11339.75000000001
9295.00000000001
10938.250000000011
8955.00000000001
11074.250000000011
8934.000000000007
11609.750000000013
9157.00000000001
12377.500000000013
9916.000000000007