10037.25000000001
14404.00000000002
10256.750000000011
14652.000000000016
10538.750000000011
15021.000000000015
10781.750000000013
15276.000000000018
10880.000000000011
15276.000000000013
10850.25000000001
15100.000000000011
10725.250000000011
14919.000000000015
10561.000000000011
14917.000000000011
10400.000000000011
14999.000000000015
10078.50000000001
15089.000000000015
9574.75000000001
15133.000000000018
9042.25000000001
15063.000000000016
8557.75000000001
14962.000000000016
8510.25000000001
15199.000000000016
8907.250000000007
15926.000000000015
9495.75000000001
16769.000000000015
10289.750000000011
17166.000000000015
11028.000000000011
17216.00000000002
11608.500000000013
17207.00000000001
11880.25000000001
17078.000000000022
11884.750000000013
16459.000000000022
11847.500000000011
15227.000000000015
11903.500000000013
14153.000000000016
11884.250000000011
13611.00000000001
11770.250000000013
13402.000000000016
11702.500000000011
13167.000000000015
11651.500000000013
13025.000000000013
11727.250000000013
12927.00000000001
11823.750000000013
12930.000000000007
11857.750000000013
12976.000000000016
11799.50000000001
12973.00000000001
11688.250000000011
12855.000000000007
11658.250000000011
12736.000000000015
11730.250000000013
12655.000000000015
12342.250000000011
12647.000000000011
13262.000000000018
12616.000000000011
14041.750000000015
12429.000000000007
13012.750000000013
12057.00000000001
10908.50000000001
11625.000000000011
10063.000000000011
11219.000000000013
9996.75000000001
10946.000000000011
8977.50000000001
10657.00000000001
8130.00000000001
10166.000000000011
10490.000000000013
9525.000000000013
8940.00000000001
8848.000000000011
7591.000000000009
8470.000000000011
6893.750000000007
8456.00000000001
6615.500000000006
8722.000000000004
6262.000000000008
8764.000000000011
7867.750000000007
9503.000000000011
9545.00000000001
10700.000000000013
10460.750000000011
11237.00000000001
10487.250000000011
11508.000000000013
9520.250000000011
11255.000000000015
8773.00000000001
11304.000000000013
8772.00000000001
10826.000000000011
8503.00000000001
10742.00000000001
8042.500000000009
10622.000000000011
7994.250000000007
9973.00000000001
8698.250000000011
9446.000000000013
9511.500000000011
9220.000000000005
9648.500000000011
9593.000000000011
8963.50000000001
10073.000000000005
8833.50000000001
10276.000000000011
7807.250000000007
9728.000000000011
7012.750000000007
8949.000000000007
7454.000000000007
9044.00000000001
8123.750000000008
8445.000000000007
8564.250000000007
7437.000000000008
8488.750000000007
6896.000000000008
8219.750000000007
6828.000000000007
8280.50000000001
6830.000000000007
8414.75000000001
6892.000000000008
7995.000000000007
6948.0000000000055
7328.750000000006
7109.000000000007
6883.000000000007
7412.000000000007
6785.500000000008
7842.000000000007
6727.5000000000055
8231.000000000011
6669.000000000006
8539.000000000011
6607.000000000007
8648.000000000005
6690.500000000007
8527.000000000005
6981.750000000007
8227.00000000001
7320.250000000006
7840.000000000007
7661.500000000006
7454.000000000009
7935.500000000008
7264.000000000007
8188.750000000007
7158.000000000009
8494.50000000001
6802.000000000007
8878.75000000001
6284.000000000006
9182.500000000011
5727.0000000000055
9346.750000000011
5483.0000000000055