9801.500000000011
6145.000000000004
10152.500000000011
6067.000000000005
10473.250000000011
6037.000000000005
10607.75000000001
6000.000000000004
10749.750000000007
5802.000000000004
10795.250000000013
5528.0000000000055
10801.750000000011
5457.000000000004
11303.250000000011
5323.0000000000055
11750.75000000001
5002.000000000003
11906.500000000011
4660.0000000000055
11709.750000000011
4270.000000000005
11536.750000000013
3995.000000000004
11492.250000000011
3957.0000000000045
11467.000000000011
4053.000000000004
11581.250000000013
4375.000000000004
11812.250000000011
4894.0000000000055
11809.000000000011
5450.0000000000055
11521.000000000011
6086.000000000006
11190.25000000001
6552.0000000000055
10828.75000000001
6742.000000000007
10238.500000000011
6583.0000000000055
9217.250000000007
6030.000000000006
8606.75000000001
5496.000000000006
8750.25000000001
5130.0000000000055
9134.50000000001
5061.000000000004
9598.75000000001
5075.000000000006
9906.000000000011
5112.000000000005
10163.75000000001
5350.0000000000055
10581.250000000011
5766.000000000006
10531.000000000011
6233.0000000000055
10021.75000000001
6582.000000000007
10489.00000000001
7101.0000000000055
11340.750000000011
7655.000000000008
11116.500000000011
8482.000000000011
9624.500000000011
9667.000000000011
9202.25000000001
10938.000000000013
8927.75000000001
11674.000000000011
8353.25000000001
12259.000000000015
7479.750000000006
13843.000000000016
8361.000000000007
14507.000000000015
10441.750000000011
13947.00000000001
11853.250000000016
13789.000000000015
11560.750000000011
14014.000000000013
11072.250000000013
14212.000000000013
10848.750000000013
14453.000000000016
9827.250000000011
14992.000000000016
9501.75000000001
15125.000000000016
11515.00000000001
14897.000000000013
13720.750000000013
14854.000000000015
14507.250000000016
14916.000000000016
13797.500000000011
15070.000000000011
12850.000000000015
15183.000000000015
11683.000000000013
15153.000000000016
10627.500000000011
15252.000000000015
9548.50000000001
15319.000000000015
9052.750000000007
15488.000000000013
9422.00000000001
15666.000000000018
10617.000000000011
15651.000000000018
11521.250000000015
15496.000000000016
12500.000000000013
15251.000000000016
12137.250000000013
14752.000000000016
12029.500000000011
14191.00000000001
12278.000000000013
13682.000000000016
12720.500000000015
13212.000000000011
13488.250000000015
13282.000000000013
14680.750000000016
13725.000000000013
15878.250000000018
13756.000000000013
16488.75000000002
13494.000000000016
16999.000000000015
13125.00000000001
17740.00000000002
13048.00000000001
18657.000000000022
13265.000000000016
19129.75000000002
13775.000000000011
19313.000000000025
14192.000000000015
19300.00000000002
14444.000000000015
19469.75000000002
14492.000000000015
19803.50000000002
14382.000000000016
20189.500000000022
14285.000000000013
20487.750000000022
14098.000000000015
20821.250000000022
13876.000000000016
21237.00000000002
13519.000000000015
21751.250000000022
13254.000000000015
22349.000000000025
13347.000000000015
22988.000000000022
13968.000000000013
23463.500000000025
14618.000000000015
23828.000000000022
14894.000000000016
23974.750000000025
15145.000000000015
23963.750000000022
15151.000000000018
24036.000000000022
15169.000000000016
24337.75000000003
15498.000000000016
24572.000000000025
16094.000000000018