704.7500000000007
3607.0000000000036
618.5000000000007
3649.0000000000036
520.0000000000005
3677.0000000000036
440.25000000000034
3710.0000000000036
390.2500000000004
3859.0000000000036
362.5000000000004
3957.0000000000036
339.0000000000003
4204.000000000004
327.0000000000004
4478.000000000004
295.0000000000003
4939.000000000004
264.5000000000002
5519.0000000000055
258.2500000000002
5939.000000000004
236.75000000000028
5954.000000000007
236.75000000000028
5651.0000000000055
323.2500000000003
5436.000000000006
861.7500000000009
4659.000000000005
1408.2500000000016
4348.0000000000055
1617.0000000000018
5642.0000000000055
1871.0000000000023
7733.0000000000055
2081.2500000000023
9537.000000000013
2216.2500000000027
9847.000000000007
2373.2500000000023
7362.000000000009
2457.7500000000027
5464.0000000000055
2413.5000000000027
4335.000000000005
2358.0000000000023
3705.000000000002
2261.500000000002
2994.0000000000014
2035.0000000000023
2609.0000000000023
1784.250000000002
2277.000000000002
1531.5000000000018
2133.0000000000023
1339.2500000000014
2019.0000000000018
1246.5000000000016
1989.0000000000018
1086.5000000000011
1705.0000000000018
1031.250000000001
1585.0000000000018
1053.2500000000011
1679.0000000000016
1153.7500000000011
1748.0000000000016
1278.5000000000011
1679.0000000000016
1507.250000000001
1730.0000000000011
1494.5000000000014
1751.0000000000011
1549.2500000000016
1557.0000000000018
1703.2500000000018
1627.0000000000018
1968.2500000000018
1865.0000000000018
2212.0000000000027
2334.0000000000027
2415.7500000000027
2243.000000000002
2583.2500000000027
1647.0000000000016
2812.2500000000027
1358.0000000000014
3026.000000000003
945.0000000000006
3035.7500000000036
414.00000000000045
3086.0000000000027
282.0000000000002
3400.5000000000027
267.0000000000002
3399.750000000003
280.00000000000017
3092.0000000000027
262.0000000000002
3503.000000000004
270.00000000000017
5097.2500000000055
363.0000000000003
6021.2500000000055
786.0000000000006
5379.5000000000055
1017.0000000000013
5854.2500000000055
1211.000000000001
6380.250000000007
1540.0000000000018
6110.500000000007
3178.0000000000023
6149.000000000007
3912.000000000004
7068.500000000007
3804.0000000000045
8083.500000000008
3505.0000000000036
8908.00000000001
3665.000000000004
9536.250000000011
4141.000000000003
9303.250000000011
4181.000000000004
8494.50000000001
4332.000000000003
8068.250000000009
4860.000000000005
7270.000000000007
5264.0000000000055
6643.000000000007
5037.000000000006
6192.5000000000055
4367.0000000000055
6059.7500000000055
4345.000000000002
5876.7500000000055
4356.000000000004
5509.2500000000055
3855.0000000000027
5077.750000000005
2890.0000000000027
4522.500000000004
1898.0000000000023
3540.5000000000036
1541.0000000000014
2999.500000000003
1513.0000000000011
2948.5000000000023
874.0000000000008
2409.7500000000027
201.00000000000014
2467.7500000000023
38.00000000000005
2964.0000000000027
32.00000000000001
2451.0000000000023
21.000000000000025
1094.7500000000011
4.000000000000001
1076.750000000001
4.000000000000001
786.0000000000008
0.0
371.0000000000003
0.0
263.2500000000003
0.0
214.50000000000023
0.0
163.5000000000001
0.0
114.25000000000009
0.0
106.5000000000001
0.0
125.50000000000011
12.000000000000002