1102.7500000000011
550.0000000000003
1077.0000000000011
579.0000000000006
1292.750000000001
547.0000000000007
1392.0000000000011
1142.0000000000014
1549.250000000001
1650.0000000000011
1745.000000000002
1457.0000000000014
2066.000000000002
1771.0000000000018
2194.5000000000027
2365.0000000000023
2549.5000000000023
2894.0000000000027
2889.5000000000027
3221.000000000004
3376.7500000000036
3807.0000000000036
3546.000000000004
4292.000000000004
3439.250000000004
4799.000000000006
3437.0000000000045
4884.000000000003
3517.250000000003
5122.000000000004
3654.0000000000045
5190.0000000000055
3719.5000000000045
5324.000000000005
3619.2500000000036
5353.0000000000055
3548.750000000003
5096.000000000006
3767.000000000004
5200.000000000006
4255.250000000005
5100.0000000000055
4875.000000000005
4902.000000000005
5530.250000000006
4897.000000000004
6038.0000000000055
4823.000000000003
6516.500000000006
4608.000000000004
6875.250000000007
4830.000000000005
6979.500000000007
4733.000000000004
7151.000000000006
4025.0000000000045
7294.000000000006
3748.0000000000036
7371.000000000008
3362.000000000002
7406.750000000008
3112.0000000000014
7365.000000000006
2844.0000000000027
7261.750000000008
2545.0000000000027
7140.750000000008
2645.000000000003
6853.750000000007
1957.000000000002
6807.500000000006
1382.0000000000011
7335.250000000006
1177.0000000000011
7605.750000000009
1301.0000000000007
7346.750000000008
1640.0000000000014
7499.750000000007
2057.0000000000023
8160.750000000008
2380.000000000002
10146.50000000001
2430.0000000000027
9224.50000000001
2705.0000000000027
9825.50000000001
3158.0000000000027
9265.00000000001
3310.000000000004
8543.500000000007
3146.000000000004
8668.00000000001
2924.000000000002
10718.750000000011
2949.0000000000027
12205.000000000015
3992.000000000004
13667.000000000011
5253.000000000005
13139.500000000015
5276.000000000005
11307.000000000011
4730.0000000000055
9876.500000000011
4997.000000000005
8513.25000000001
5030.0000000000055
7015.500000000007
5463.000000000006
6696.250000000007
5960.000000000005
6662.500000000007
6372.000000000005
7072.750000000007
6193.000000000008
7931.750000000008
6436.000000000006
6416.000000000006
6917.000000000008
4768.000000000005
7537.000000000009
4219.7500000000055
7581.000000000008
4363.250000000005
7566.000000000007
4475.250000000005
7545.000000000009
3593.250000000003
8260.000000000005
3830.250000000004
8336.000000000005
3519.500000000004
7260.000000000007
3223.500000000003
6437.000000000007
2899.5000000000036
6225.0000000000055
2729.5000000000027
6490.000000000007
2689.7500000000027
6465.000000000008
2728.7500000000027
6268.000000000006
2797.5000000000023
6414.000000000008
2778.2500000000023
6503.000000000008
2697.750000000003
6279.000000000007
2653.250000000002
6136.000000000005
2582.5000000000023
6001.000000000004
2526.5000000000023
5815.000000000005
2476.2500000000027
5391.0000000000055
2477.000000000002
5060.0000000000055
2387.2500000000023
4539.000000000004
2114.5000000000023
4201.000000000005
1609.7500000000018
3817.000000000005
1168.2500000000011
3009.0000000000036
1076.7500000000011
2726.000000000003
1099.5000000000011
1386.0000000000014
1123.5000000000011
1226.0000000000014
1117.0000000000011
1231.000000000001
1099.7500000000011
1241.0000000000014
1082.0000000000011
1227.0000000000014