9266.50000000001
13839.000000000015
9603.25000000001
13411.000000000015
9647.75000000001
11821.000000000013
8756.250000000007
10957.000000000011
7763.750000000008
9758.000000000011
7665.000000000008
9197.000000000011
8229.500000000011
9662.000000000011
8881.00000000001
8256.000000000007
9746.000000000011
10804.000000000015
10255.750000000011
12976.000000000016
10535.000000000011
11661.00000000001
10660.500000000011
9396.000000000011
10077.50000000001
9128.000000000005
9572.00000000001
13923.000000000013
9508.250000000007
16149.000000000015
9112.50000000001
16047.000000000018
9031.75000000001
16118.000000000022
8882.00000000001
16551.00000000001
8523.00000000001
16524.000000000015
8124.000000000009
16925.000000000022
7650.500000000007
12531.00000000001
7261.000000000007
5771.0000000000055
6809.0000000000055
5917.000000000004
6963.750000000006
5751.000000000005
7022.500000000006
5707.000000000006
7407.750000000007
7547.000000000008
7515.2500000000055
7886.000000000008
6903.0000000000055
7405.000000000007
6565.750000000006
6717.000000000008
7288.000000000006
7272.000000000006
7161.750000000006
7231.000000000007
7939.500000000007
7358.000000000008
8084.250000000008
8272.00000000001
7515.500000000008
8552.000000000007
7018.500000000006
7943.000000000009
6925.7500000000055
7419.000000000008
7641.000000000008
7686.000000000008
7371.000000000008
8401.000000000007
7582.750000000008
9482.000000000007
6386.000000000007
10323.00000000001
6866.500000000007
9759.00000000001
7160.500000000008
8426.00000000001
6478.750000000008
6606.0000000000055
6146.000000000006
4971.000000000005
5668.2500000000055
4272.000000000004
4954.7500000000055
4455.000000000004
4725.500000000005
4560.000000000005
5993.5000000000055
4901.000000000004
6948.0000000000055
5549.0000000000055
7468.250000000007
5636.000000000006
7606.000000000007
6094.000000000003
6560.0000000000055
6353.000000000008
5581.0000000000055
6106.000000000007
4779.250000000005
5890.0000000000055
4230.500000000004
6560.0000000000055
3303.2500000000023
6980.000000000008
3981.7500000000036
7751.000000000007
4750.250000000005
8633.000000000005
4660.500000000005
9359.000000000011
4735.500000000004
10609.000000000007
5216.0000000000055
12061.000000000015
5367.7500000000055
11146.000000000011
4653.0000000000055
8501.000000000011
4258.500000000004
8322.000000000005
4268.500000000005
8932.000000000011
3940.7500000000045
9373.000000000011
3699.7500000000036
9325.00000000001
4112.750000000004
8433.00000000001
4784.500000000005
7152.000000000006
5318.7500000000055
5906.000000000007
5404.000000000005
5936.0000000000055
5263.250000000005
6193.000000000008
5180.000000000005
6325.000000000007
5097.2500000000055
6146.000000000004
5042.0000000000055
6449.000000000007
4980.5000000000055
6064.0000000000055
4919.750000000005
4930.000000000006
4783.000000000005
4422.000000000006
4823.2500000000055
4984.0000000000055
4932.7500000000055
5233.000000000006
4990.000000000005
4986.000000000005
5191.7500000000055
4376.000000000005
5439.5000000000055
4030.000000000005
5465.750000000005
4072.000000000004
5451.2500000000055
4650.0000000000055
5440.5000000000055
5325.0000000000055
5464.000000000005
5242.000000000003
5403.5000000000055
6192.000000000006
5359.0000000000055
10433.000000000011
5218.000000000005
5396.000000000004