18881.75000000002
18804.00000000001
27472.750000000033
27768.00000000003
26691.00000000003
17688.000000000022
13091.000000000013
4324.000000000003
11841.250000000011
5889.0000000000055
12325.000000000016
6257.000000000005
12364.000000000015
6941.0000000000055
12420.750000000013
7482.000000000007
12463.000000000015
7980.000000000008
12511.000000000016
8010.000000000009
12517.500000000015
7766.000000000007
12511.250000000015
7927.000000000008
12550.750000000015
7744.000000000006
12639.750000000013
7512.0000000000055
12758.500000000013
7069.000000000007
12905.750000000013
6817.000000000006
13062.250000000015
6893.000000000006
13220.750000000015
7551.000000000008
13246.500000000015
8678.00000000001
13200.750000000013
8737.000000000011
13223.500000000013
8200.000000000005
13261.750000000016
8360.000000000011
13283.000000000011
8633.000000000005
13281.750000000015
9542.000000000011
13394.500000000013
10405.00000000001
13477.250000000013
10842.000000000011
13535.500000000015
11033.000000000011
13493.000000000013
11382.000000000013
12676.000000000015
11938.000000000015
12467.750000000015
11718.000000000011
12339.250000000013
11405.000000000015
11585.750000000013
10591.000000000011
11405.000000000013
10224.00000000001
11275.000000000011
10007.000000000007
9848.750000000011
9889.00000000001
8964.000000000007
9759.00000000001
7946.000000000008
9600.000000000005
10422.750000000011
9796.000000000013
11460.750000000013
9917.000000000013
10959.250000000011
10657.000000000013
9561.250000000011
10229.000000000011
9265.250000000007
5117.000000000005
8928.00000000001
2433.0000000000027
8727.00000000001
2400.0000000000027
8455.75000000001
2394.0000000000023
9577.00000000001
2370.0000000000027
10102.25000000001
2379.0000000000014
10675.25000000001
2428.000000000001
10973.00000000001
2410.0000000000027
10435.500000000013
2368.0000000000027
10087.750000000013
2428.0000000000027
9898.50000000001
2478.0000000000023
9648.00000000001
2361.000000000002
9119.25000000001
3323.0000000000023
9048.50000000001
6498.000000000007
8685.50000000001
8121.000000000008
8541.25000000001
7858.000000000007
8921.00000000001
7941.000000000007
10025.75000000001
8257.000000000011
10332.000000000011
8670.00000000001
10373.750000000011
8678.00000000001
10560.250000000011
8934.000000000007
10057.75000000001
8815.000000000005
9367.75000000001
8520.000000000005
9732.500000000011
8212.00000000001
10257.750000000013
8192.000000000005
11035.250000000011
8470.000000000011
10903.750000000013
8179.000000000008
11318.000000000013
7895.000000000006
11585.750000000011
8524.00000000001
12399.750000000011
8386.000000000007
12609.750000000016
7081.000000000007
12330.000000000015
16677.000000000015
26498.000000000025
25649.00000000003
26343.750000000022
22908.000000000022
25682.500000000025
21321.000000000022
25786.00000000003
22771.000000000022
26460.750000000025
25950.000000000025
27040.250000000033
26849.000000000033
27077.000000000022
26953.000000000033
27076.000000000025
26938.00000000003
26335.25000000003
26970.000000000022
25936.750000000025
26406.00000000003
24012.750000000022
25150.00000000002
24075.750000000025
23721.00000000003
25083.750000000025
23928.00000000003
27169.00000000003
25230.00000000003
27073.000000000033
26783.00000000002
27390.75000000002
27264.000000000036
18577.25000000001
18480.00000000002