7675.750000000008
8745.00000000001
7740.000000000007
8870.000000000005
7842.750000000007
8681.000000000007
8003.750000000007
8414.000000000011
8090.50000000001
8200.000000000005
8192.00000000001
7913.000000000009
8439.750000000007
7725.000000000008
8579.25000000001
7735.000000000009
8554.50000000001
8055.000000000007
8497.000000000007
8802.000000000011
8450.00000000001
9759.00000000001
8397.500000000011
10619.000000000011
8389.500000000007
11223.000000000011
8418.50000000001
11510.000000000013
8501.750000000007
11143.000000000011
8665.000000000007
10277.00000000001
8767.75000000001
9387.000000000005
8966.50000000001
8855.000000000005
8910.50000000001
8558.000000000005
8820.75000000001
8238.000000000005
9185.250000000007
8271.000000000007
8947.00000000001
8232.000000000007
8521.00000000001
8187.000000000009
8248.750000000007
8313.00000000001
8138.000000000009
8520.000000000005
8044.500000000007
8705.000000000007
7910.500000000009
9003.00000000001
8980.750000000007
9311.000000000005
9285.750000000011
9472.000000000011
8541.750000000007
9552.000000000013
8532.75000000001
9683.00000000001
8977.000000000011
9455.00000000001
8793.00000000001
9156.000000000011
7985.250000000008
8923.000000000005
7208.750000000006
8772.00000000001
7219.250000000007
8840.000000000011
8189.000000000008
8776.00000000001
9634.00000000001
8651.000000000007
10612.250000000013
8737.000000000011
10690.75000000001
8858.000000000007
9912.750000000007
8958.00000000001
8166.250000000007
8905.000000000004
6850.750000000006
8691.000000000011
6983.500000000006
8245.000000000005
6780.500000000007
8046.000000000008
8436.50000000001
8094.000000000009
10189.75000000001
8517.00000000001
12157.000000000013
8888.000000000007
12351.000000000016
9190.000000000005
12524.250000000013
9396.000000000011
12441.750000000011
9561.00000000001
12128.500000000011
9602.000000000011
12567.000000000013
9678.000000000011
12612.750000000011
9676.00000000001
12135.250000000013
9438.000000000011
12423.750000000013
9115.000000000011
13134.000000000015
8824.000000000005
12588.25000000001
8549.000000000005
10841.750000000011
8181.000000000008
10632.50000000001
8042.000000000009
10372.50000000001
7889.000000000008
9782.250000000007
7575.000000000009
9459.000000000007
7674.000000000007
8454.000000000007
7895.000000000009
8404.00000000001
8221.000000000005
9699.500000000011
8462.000000000007
9901.000000000011
8485.000000000007
9049.000000000011
8518.000000000005
8958.000000000011
8834.000000000007
9820.50000000001
9206.000000000011
9322.750000000011
9446.000000000013
8415.75000000001
9636.000000000011
8338.750000000007
9488.00000000001
9860.500000000011
9123.000000000007
11280.750000000013
8870.000000000005
11186.000000000011
8837.00000000001
10631.750000000011
8912.00000000001
9567.75000000001
9167.000000000005
9267.500000000011
9296.000000000011
8600.250000000007
9275.000000000011
7465.750000000006
9296.000000000005
6270.750000000006
9198.00000000001
5266.250000000006
8935.00000000001
5918.5000000000055
8464.00000000001
7294.500000000009
7780.00000000001
7258.250000000007
7031.000000000008
6238.750000000006
6524.000000000005
5426.500000000006
6224.0000000000055
4299.250000000004
6143.000000000005
4053.000000000005
6166.000000000005