6130.0000000000055
4170.000000000004
6138.000000000006
3950.000000000004
6463.500000000006
3639.0000000000023
7004.500000000006
4092.0000000000045
7260.5000000000055
5081.000000000006
7493.500000000006
5549.0000000000055
7057.500000000009
5551.0000000000055
6590.750000000008
6444.000000000006
6749.500000000007
7297.000000000008
6543.500000000008
7881.000000000009
6088.750000000006
9764.000000000007
5980.250000000006
11774.000000000007
5755.500000000006
13967.000000000016
5359.000000000005
17506.00000000002
4713.750000000005
19793.00000000002
4468.250000000005
20136.000000000015
5068.000000000005
18995.000000000015
6328.000000000006
17264.00000000002
7527.750000000006
18150.00000000001
8166.500000000007
21760.000000000022
9004.750000000007
22102.000000000025
10070.75000000001
20464.000000000022
10680.250000000011
21483.000000000022
12104.000000000013
20763.000000000025
13968.000000000016
17825.000000000022
15366.500000000011
17617.000000000022
16281.000000000016
15711.000000000015
16797.00000000002
12314.000000000015
16442.00000000002
11885.000000000011
15521.500000000015
11347.000000000011
14668.000000000013
10021.000000000011
13918.000000000015
6719.000000000007
14139.500000000015
7635.000000000009
15978.500000000013
7876.000000000009
17084.25000000002
6587.000000000008
16490.00000000002
5068.0000000000055
14607.250000000013
5992.000000000006
12823.500000000011
5991.000000000005
12524.500000000013
5991.000000000005
12543.000000000013
5557.0000000000055
9069.250000000011
4578.000000000006
8694.750000000011
5351.0000000000055
7729.750000000008
7302.000000000006
6301.000000000007
7366.000000000008
5897.500000000007
6589.000000000007
5561.5000000000055
4733.000000000004
5446.000000000006
4456.000000000005
5950.0000000000055
5031.000000000006
9454.25000000001
5608.0000000000055
11242.750000000011
6286.0000000000055
9892.00000000001
6075.000000000005
7884.500000000008
6091.000000000007
6462.250000000006
5468.0000000000055
5559.750000000005
5141.000000000004
4935.000000000005
5431.0000000000055
4890.500000000005
5642.000000000003
5573.2500000000055
5521.0000000000055
6796.500000000007
5395.0000000000055
7364.750000000009
5484.0000000000055
5550.2500000000055
5075.0000000000055
4610.250000000004
5266.0000000000055
4762.000000000005
5701.000000000006
5139.5000000000055
6190.000000000007
5438.750000000005
5665.0000000000055
6102.750000000006
6909.000000000007
6312.500000000006
10833.000000000013
6228.2500000000055
7545.000000000009
6381.750000000006
6351.000000000008
7228.000000000006
8169.000000000009
7736.000000000006
7994.000000000007
7856.000000000007
6352.000000000006
8552.250000000007
5366.0000000000055
9095.250000000007
3754.000000000004
9159.25000000001
4408.000000000006
9511.500000000007
6128.000000000005
9720.75000000001
6516.000000000005
9306.00000000001
5578.0000000000055
8710.500000000007
5028.000000000005
8739.50000000001
5221.000000000005
8108.500000000007
5209.000000000005
8442.250000000007
4834.000000000005
9166.25000000001
4433.000000000005
9254.25000000001
4599.0000000000055
9084.500000000011
5198.000000000004
9253.250000000011
5611.0000000000055
9363.25000000001
5777.000000000006
9359.75000000001
5151.000000000006
8923.25000000001
5915.000000000005
9267.500000000011
6707.000000000005
9420.250000000005
6505.000000000007