9658.00000000001
3320.000000000004
10674.500000000011
3244.000000000004
12398.250000000013
3146.0000000000036
13610.500000000013
2949.0000000000027
13406.000000000011
3023.000000000002
11697.000000000011
2903.0000000000027
10307.500000000011
3172.000000000002
9840.25000000001
3552.0000000000036
9366.75000000001
4196.000000000004
8683.50000000001
4887.000000000005
8125.250000000008
5537.000000000006
8315.25000000001
6014.000000000005
8897.25000000001
5894.000000000004
8792.00000000001
5608.000000000006
8371.75000000001
5182.0000000000055
7917.500000000009
4611.000000000004
7659.000000000006
4103.000000000003
7597.500000000009
3794.000000000004
7841.250000000008
3815.000000000004
8943.500000000007
3838.000000000004
10134.25000000001
3763.000000000004
10639.500000000011
3694.000000000003
11406.500000000011
3769.0000000000036
11704.500000000011
3822.0000000000036
11011.25000000001
3869.000000000004
10456.750000000011
4143.000000000004
9352.750000000011
4983.000000000003
9055.000000000007
6306.000000000004
10406.500000000013
7644.000000000009
11542.000000000013
8367.000000000005
11597.250000000013
8817.00000000001
11121.250000000011
8700.00000000001
10700.500000000011
8175.000000000008
9714.50000000001
6598.0000000000055
10228.25000000001
6820.000000000007
11200.000000000013
7722.000000000009
9227.750000000011
8244.000000000005
7381.500000000008
7832.0000000000055
7359.750000000006
6797.000000000008
7230.750000000008
6959.000000000007
7211.500000000008
6521.000000000003
10131.00000000001
6911.000000000008
10691.500000000011
7471.000000000008
9668.750000000011
7017.0000000000055
9199.25000000001
6640.000000000008
8602.500000000007
7100.000000000008
8871.25000000001
8312.000000000005
9436.750000000007
9520.000000000007
9961.25000000001
9535.000000000007
10356.750000000011
8839.000000000005
10757.00000000001
7473.000000000007
11046.750000000013
6350.000000000007
10967.000000000011
6159.000000000005
10453.75000000001
5839.000000000005
10012.75000000001
5313.000000000006
9658.750000000011
4676.000000000004
9661.25000000001
4320.000000000003
9744.00000000001
4019.0000000000036
9389.50000000001
3923.000000000004
9627.00000000001
4967.000000000005
9996.00000000001
6081.000000000006
9589.50000000001
6768.000000000005
9262.75000000001
7092.000000000008
9304.25000000001
7300.000000000009
9359.750000000007
7810.000000000008
9555.500000000011
8680.000000000007
9340.00000000001
9628.000000000011
9455.500000000011
10431.000000000011
9335.75000000001
10973.000000000011
9032.75000000001
11476.000000000013
9149.250000000007
12065.000000000013
9635.750000000011
12760.000000000013
9450.50000000001
13432.000000000013
9768.750000000011
13925.000000000015
9847.25000000001
13950.000000000013
10308.25000000001
13338.00000000001
10651.00000000001
12117.000000000013
10791.000000000013
10584.000000000011
10894.000000000011
9219.000000000005
11003.250000000013
8257.000000000011
11059.000000000011
7890.000000000008
11052.000000000013
7672.0000000000055
11011.000000000011
7635.000000000006
10860.500000000013
7788.000000000009
10699.75000000001
7887.000000000009
10553.75000000001
8059.000000000008
10361.500000000011
8234.000000000004
10182.750000000011
8215.000000000005
10111.25000000001
8103.000000000008
10112.75000000001
8075.000000000008