9649.00000000001
13216.00000000001
9290.750000000011
12707.000000000015
8921.50000000001
12296.000000000011
8539.00000000001
11987.000000000013
8129.750000000008
11813.00000000001
7844.750000000007
11897.000000000013
7676.750000000007
12144.000000000011
7593.000000000006
12361.000000000016
7553.000000000007
12478.000000000015
7511.500000000007
12453.00000000001
7495.250000000006
12295.000000000005
7496.750000000009
12014.000000000013
7559.000000000007
11782.00000000001
7653.000000000008
11568.000000000011
7739.500000000007
11504.000000000011
7758.000000000009
11510.000000000013
7639.750000000007
11448.000000000013
7522.250000000007
11250.000000000013
7490.250000000008
10906.000000000011
7602.500000000007
10440.000000000011
7833.250000000008
9975.00000000001
8183.000000000008
9369.00000000001
8692.750000000007
8830.00000000001
9220.25000000001
8434.000000000005
9494.25000000001
8307.000000000011
9503.500000000011
8660.000000000007
9446.75000000001
9715.000000000011
9339.250000000011
11056.000000000011
9293.750000000011
11795.000000000011
9354.50000000001
11883.000000000015
9420.75000000001
11781.000000000015
9419.25000000001
11562.000000000011
9323.75000000001
11266.000000000013
9202.75000000001
11297.000000000011
8649.25000000001
11599.00000000001
8620.25000000001
11962.000000000011
8880.000000000007
12591.00000000001
9369.250000000007
13094.00000000001
8756.25000000001
13242.000000000011
6677.2500000000055
13205.000000000016
6123.500000000006
12832.000000000016
7459.500000000008
12286.00000000001
7388.500000000008
11772.000000000007
7607.000000000009
11417.000000000013
8150.000000000008
10882.000000000011
8550.500000000007
10173.000000000011
9770.75000000001
9259.000000000011
11542.500000000011
9238.000000000007
13085.750000000015
9767.00000000001
13609.500000000011
10135.000000000011
13576.000000000011
10678.000000000013
12764.000000000013
10668.000000000013
12540.750000000015
10371.000000000015
12126.000000000011
11063.000000000011
11635.250000000013
11614.000000000013
11562.500000000013
12051.000000000015
11238.500000000011
12624.000000000015
10596.00000000001
12597.000000000013
9064.75000000001
11679.000000000013
8062.500000000009
10396.000000000013
7736.500000000009
9288.000000000011
7562.000000000009
8889.000000000011
7165.250000000007
8638.00000000001
6840.250000000007
8774.000000000007
6691.000000000006
9140.00000000001
6703.250000000005
9151.000000000005
5814.250000000006
8722.000000000004
5021.750000000004
8361.000000000007
4826.750000000005
8459.000000000005
3912.5000000000036
8881.000000000007
4071.000000000004
9232.00000000001
4531.500000000005
9620.000000000011
4882.0000000000055
10033.00000000001
5140.2500000000055
10024.00000000001
5320.000000000005
9509.000000000011
5545.500000000005
8841.000000000007
5815.500000000006
8124.000000000009
5993.000000000006
7230.0000000000055
6082.000000000005
6530.000000000007
6167.0000000000055
6360.0000000000055
6224.500000000007
6630.000000000007
6272.250000000006
7110.000000000007
6325.000000000006
7453.000000000007
6427.750000000006
7569.000000000008
6543.000000000007
7655.000000000009
6652.250000000006
7668.000000000009
6775.000000000006
7693.000000000008
6942.000000000006
7682.000000000007
7071.250000000008
7703.00000000001
7186.000000000007
7580.000000000007