0.0
0.0
0.0
0.0
0.0
0.0
0.5000000000000001
1.0000000000000002
3667.500000000004
3244.000000000002
11170.750000000013
10519.000000000013
10022.000000000011
9797.00000000001
9966.000000000011
9986.000000000011
9860.00000000001
10215.000000000011
9831.500000000011
10446.000000000011
9818.25000000001
10426.000000000007
9874.00000000001
10269.000000000013
9929.75000000001
10105.000000000011
9824.750000000011
9982.000000000011
9768.25000000001
9828.00000000001
9727.750000000007
9442.000000000011
9580.500000000011
8816.000000000005
9495.00000000001
8098.00000000001
9401.50000000001
7546.000000000006
9345.500000000007
7285.000000000009
9334.75000000001
7263.000000000005
9479.000000000011
7504.000000000007
10025.75000000001
7754.000000000008
10374.250000000011
8157.000000000009
9958.000000000011
8962.000000000011
10150.00000000001
9472.000000000011
9928.75000000001
9212.000000000011
9655.50000000001
9019.000000000013
9443.000000000007
8602.00000000001
9925.00000000001
8454.000000000007
9443.75000000001
8857.000000000007
9225.00000000001
8666.000000000007
9974.750000000011
8668.000000000011
10173.75000000001
8620.000000000007
10072.500000000011
8635.00000000001
10052.25000000001
9252.000000000011
9118.75000000001
7904.00000000001
8646.00000000001
6657.000000000006
7184.500000000007
7290.000000000009
5428.000000000005
8060.000000000008
6953.750000000007
8109.000000000009
8164.750000000009
8073.000000000008
7302.750000000007
7499.000000000005
6521.000000000007
4182.000000000005
6672.500000000008
3848.0000000000045
6915.500000000006
3989.0000000000045
7535.0000000000055
5081.0000000000055
8543.75000000001
5459.000000000006
8845.50000000001
5319.000000000006
8705.25000000001
3950.000000000004
8271.50000000001
3721.0000000000036
7673.000000000007
3482.0000000000027
6976.500000000006
3688.000000000004
6563.500000000006
4054.0000000000045
6886.500000000007
3841.0000000000045
7238.250000000008
3593.0000000000036
7350.500000000007
3554.0000000000027
6920.000000000006
4061.000000000004
6035.2500000000055
4167.000000000005
5684.750000000006
4151.000000000004
5623.500000000005
3594.000000000004
5738.2500000000055
3726.000000000004
5427.500000000005
3560.000000000004
5164.500000000005
3475.0000000000045
5318.250000000005
3706.0000000000036
5413.7500000000055
3652.000000000003
6053.000000000006
3492.000000000003
6412.250000000006
3554.0000000000027
6397.750000000007
3703.0000000000036
6247.500000000007
3869.000000000003
6179.250000000006
3986.0000000000045
6191.250000000006
4009.000000000004
6330.000000000007
4007.000000000004
6468.0000000000055
3909.0000000000045
6516.500000000006
3919.000000000004
6517.7500000000055
4024.0000000000045
6631.750000000007
4160.000000000003
6948.000000000008
4252.000000000003
7119.750000000007
4339.000000000003
7084.000000000008
4389.000000000003
6669.500000000006
4388.000000000005
6471.2500000000055
4352.000000000004
6629.750000000006
4162.000000000004
6614.750000000006
4154.000000000004
7795.000000000009
6168.000000000004
3307.5000000000036
2874.0000000000036
0.0
0.0
0.0
0.0
0.0
0.0
0.0
0.0