31206.25000000003
31174.000000000033
31371.250000000036
30892.000000000025
30358.750000000036
30750.000000000033
15126.750000000016
29548.000000000033
12676.250000000013
28710.000000000033
12808.250000000013
28131.000000000033
12281.250000000013
27560.000000000036
12397.000000000016
26893.000000000022
12507.000000000013
26121.000000000033
13022.750000000015
25318.000000000025
13510.000000000013
24573.00000000003
13679.250000000013
23807.000000000025
14205.750000000016
23144.000000000022
15091.250000000013
22564.000000000022
15819.500000000016
21921.000000000025
15938.750000000018
21259.000000000025
15366.500000000016
20546.000000000022
14672.000000000015
19825.00000000001
13978.500000000015
18994.000000000025
13631.250000000015
18298.00000000002
13061.500000000016
17670.000000000015
12681.500000000013
17315.00000000002
12812.000000000015
17153.00000000002
12999.750000000013
17331.000000000022
13430.250000000013
13923.000000000013
13028.000000000011
12001.000000000007
12903.000000000011
12655.000000000015
13039.250000000013
11070.00000000001
12099.250000000013
10742.00000000001
11204.500000000011
10435.000000000011
11712.500000000013
10797.000000000013
12107.500000000011
10999.000000000013
12844.000000000016
10279.000000000011
12695.250000000011
11229.000000000013
12705.000000000013
11483.000000000015
13540.000000000013
10765.000000000015
13331.500000000015
12879.000000000015
12381.500000000015
16264.000000000018
12617.000000000015
15246.000000000016
14340.750000000015
15634.000000000015
13826.750000000016
17360.000000000022
12210.250000000011
18558.00000000002
10847.25000000001
19870.000000000022
8341.25000000001
20999.00000000001
6896.500000000007
21885.000000000025
6611.750000000006
22891.000000000022
7708.500000000008
23863.000000000015
11050.000000000011
23863.00000000003
9696.00000000001
23316.000000000022
7039.250000000007
22845.000000000025
7146.250000000006
22488.000000000025
6791.000000000005
22226.000000000025
6932.750000000006
21998.000000000025
7511.500000000007
21845.000000000025
8218.25000000001
21587.000000000022
9986.750000000011
21239.000000000022
9236.250000000011
20930.000000000025
9066.25000000001
20670.000000000015
9651.500000000011
20528.000000000022
9559.00000000001
20542.000000000025
9572.25000000001
20620.000000000022
10241.75000000001
20658.000000000025
10795.000000000013
20619.000000000025
10650.250000000013
20523.00000000002
10368.500000000011
20294.000000000025
9871.75000000001
20085.000000000022
9697.00000000001
19936.000000000022
10026.500000000011
19778.00000000002
10490.500000000011
19699.000000000022
10498.750000000011
19694.000000000015
10988.250000000013
19778.00000000002
11332.750000000011
19938.000000000025
11783.250000000015
20060.000000000015
11261.250000000011
20400.000000000025
11439.250000000011
20934.000000000025
11658.75000000001
21779.000000000025
11994.250000000011
22868.000000000022
12759.500000000011
24128.000000000022
13293.000000000013
25356.000000000022
13703.500000000015
26567.00000000002
14038.000000000015
27612.000000000022
14352.500000000013
28452.000000000033
14542.750000000013
29017.000000000033
14824.250000000016
29384.000000000036
14716.750000000016
29541.000000000033
24967.250000000025
30279.000000000033
31683.75000000003
30861.000000000036
31436.750000000036
31137.000000000036
26663.250000000022
26657.00000000003
28862.500000000036
28960.000000000036