7066.2500000000055
6851.000000000009
7516.000000000008
6557.000000000008
7628.000000000007
6332.0000000000055
7049.500000000007
6078.0000000000055
6147.000000000006
5670.0000000000055
5501.250000000006
5211.000000000005
5809.7500000000055
5384.0000000000055
6967.750000000007
6435.000000000004
8178.750000000007
7338.000000000008
9138.25000000001
8131.000000000007
9982.250000000011
8386.000000000007
9843.25000000001
8125.000000000008
9002.500000000011
8045.000000000008
9227.75000000001
7921.000000000008
10501.750000000013
7622.000000000008
11423.500000000013
7197.000000000006
12019.000000000013
6296.000000000005
11722.750000000013
5585.0000000000055
11487.750000000013
5513.000000000006
12078.500000000013
5758.000000000007
12358.750000000013
6090.000000000005
11623.000000000011
6185.000000000006
11218.000000000013
5828.0000000000055
11568.250000000011
5149.0000000000055
11580.500000000011
4117.000000000002
11377.000000000011
3066.0000000000036
11806.75000000001
2378.000000000002
12684.000000000013
1896.000000000002
13739.000000000013
1518.0000000000014
14659.500000000013
1411.0000000000011
13586.750000000015
1438.0000000000011
12828.250000000013
1677.0000000000018
12585.750000000015
1953.0000000000018
10718.250000000011
2297.0000000000023
8097.500000000008
2782.0000000000027
6808.500000000006
3583.000000000004
7006.000000000008
4593.000000000005
6357.7500000000055
5188.000000000005
5903.000000000006
5568.0000000000055
5756.0000000000055
5608.0000000000055
5781.250000000006
5375.0000000000055
6575.750000000006
5170.0000000000055
7651.250000000008
5041.0000000000055
7382.750000000006
5061.000000000004
6419.5000000000055
5135.0000000000055
5786.2500000000055
5011.0000000000055
5860.000000000006
4802.000000000004
6308.750000000006
4533.000000000005
6686.250000000006
4224.000000000005
7298.500000000007
4279.000000000003
7892.250000000007
4847.0000000000055
8293.750000000007
5447.000000000005
7707.250000000007
5786.000000000006
7571.750000000007
5751.000000000006
7727.000000000009
5593.000000000006
7799.750000000009
5412.0000000000055
7874.000000000008
5132.0000000000055
8507.50000000001
4580.0000000000055
9986.50000000001
3495.0000000000036
11391.250000000011
2272.0000000000023
12578.250000000013
1718.0000000000014
13237.750000000011
1716.0000000000018
12902.500000000013
1724.000000000002
11742.000000000013
1483.000000000001
10538.500000000011
1170.000000000001
9798.25000000001
1101.0000000000007
9286.00000000001
1290.000000000001
8910.50000000001
1584.000000000001
8900.25000000001
1897.000000000002
8952.00000000001
1985.0000000000023
9289.75000000001
1907.0000000000018
10772.250000000013
1685.000000000001
12537.500000000013
1486.0000000000018
13274.250000000015
1303.0000000000016
13323.000000000013
1041.0000000000011
12624.500000000015
841.0000000000008
11432.75000000001
743.0000000000008
10396.250000000011
1033.000000000001
9577.00000000001
1606.0000000000018
9060.75000000001
2394.0000000000023
9303.50000000001
3391.0000000000036
10134.75000000001
4551.0000000000055
11087.500000000011
5225.000000000006
11700.750000000011
5988.000000000003
11325.250000000011
6526.000000000008
10173.750000000011
6400.0000000000055
9173.50000000001
5710.0000000000055
8644.750000000011
4241.0000000000055
8696.50000000001
2866.0000000000023
9429.000000000011
1867.0000000000018