5744.500000000007
10175.000000000007
5890.000000000005
9977.000000000007
6158.2500000000055
9837.000000000011
6428.000000000006
9726.000000000007
6597.750000000006
9658.00000000001
6842.250000000006
9695.000000000007
7073.000000000009
9424.00000000001
7337.250000000006
8713.000000000007
7564.750000000007
7738.000000000008
7608.000000000008
6535.000000000006
7590.250000000008
5501.000000000006
7580.750000000008
4877.0000000000055
7497.250000000008
4437.000000000002
7292.250000000006
3981.000000000004
7079.250000000006
3557.000000000003
7114.500000000007
3263.000000000002
7432.250000000007
3053.0000000000036
7842.250000000007
3005.0000000000036
8163.75000000001
3023.000000000002
8176.500000000009
2962.000000000002
8181.50000000001
2982.000000000003
8406.25000000001
3855.0000000000027
8777.000000000005
6714.000000000005
9268.25000000001
11519.000000000015
10015.750000000011
13861.000000000013
10632.500000000011
15514.000000000015
11727.000000000011
16272.000000000016
12909.250000000011
16563.00000000001
13405.750000000011
16019.000000000018
13369.000000000013
14685.000000000015
13538.000000000007
13952.000000000016
14060.250000000011
14251.000000000018
14069.250000000013
13778.000000000018
13687.250000000015
12950.000000000016
13063.250000000015
13933.000000000015
13294.750000000013
15135.000000000018
13621.250000000011
14312.00000000001
13643.250000000013
12211.00000000001
13690.000000000015
11369.000000000013
13059.750000000013
11558.000000000015
12503.500000000011
12542.000000000011
11706.500000000011
12824.000000000016
10670.500000000011
12241.00000000001
10134.75000000001
13708.000000000016
10634.750000000011
13780.00000000001
12206.000000000015
12912.00000000001
11884.000000000015
12623.000000000015
11587.500000000015
11401.000000000013
11385.500000000013
11571.000000000011
11041.000000000011
12369.000000000013
11120.000000000011
11676.00000000001
12138.750000000015
11533.000000000013
13585.000000000016
11798.00000000001
14765.750000000013
11874.00000000001
15564.500000000015
11903.000000000013
14857.500000000016
11075.000000000013
14186.000000000015
9290.000000000011
13250.000000000013
9391.000000000007
12587.250000000015
9543.000000000007
12196.500000000015
9258.000000000005
12136.750000000011
9415.00000000001
11934.500000000011
8522.000000000007
12090.000000000013
8899.00000000001
11611.750000000013
11915.000000000011
12511.500000000011
14442.000000000016
13258.250000000015
15926.000000000015
11679.750000000011
17082.00000000001
10723.000000000011
17789.000000000015
10711.75000000001
18023.00000000002
11282.00000000001
17632.000000000022
11829.750000000013
15341.000000000016
11743.750000000011
16392.000000000022
12072.750000000013
16853.00000000001
12473.500000000015
16880.00000000002
13230.250000000015
17421.000000000022
13906.250000000013
17569.00000000001
14225.500000000015
17649.000000000022
14350.750000000015
19433.000000000022
15364.500000000016
18965.000000000015
16425.500000000015
19276.00000000001
16189.250000000015
19976.00000000002
15507.500000000015
17508.00000000002
13899.000000000015
13617.000000000016
12421.500000000013
14076.000000000016
11691.250000000015
13650.000000000016
11418.250000000011
13027.000000000016
11814.750000000011
12500.00000000001
12362.500000000013
12050.000000000005
12773.000000000013
11178.000000000011
14860.000000000015
12466.000000000011