9899.500000000011
10079.00000000001
10048.750000000011
10103.000000000011
10190.250000000011
9891.000000000011
10262.500000000011
9800.000000000011
10394.000000000011
10064.00000000001
10638.500000000013
10329.00000000001
10859.750000000011
10435.000000000013
11035.750000000011
10357.000000000011
11205.750000000011
10364.000000000011
11248.250000000011
10486.000000000011
11152.750000000013
10745.000000000011
11046.750000000013
11103.000000000011
10919.000000000011
11349.000000000015
10971.750000000013
11479.000000000013
11292.000000000011
11409.000000000013
11622.50000000001
11079.000000000013
12063.250000000011
10768.00000000001
12764.250000000013
10600.000000000011
13197.000000000011
11260.000000000013
13344.000000000013
12776.000000000015
13604.000000000016
13365.000000000015
13967.250000000015
14437.000000000018
14249.250000000015
14480.000000000018
14314.000000000015
14248.000000000015
14277.250000000016
14158.000000000015
13869.750000000011
11971.000000000013
13819.500000000015
10920.000000000011
13697.000000000015
11325.000000000011
13317.000000000015
11344.000000000013
13718.500000000015
11878.000000000007
13635.750000000015
12532.000000000013
12761.750000000013
13216.00000000001
12735.250000000013
13713.000000000011
12259.250000000013
13964.000000000015
11585.750000000011
14129.00000000001
11207.250000000013
14427.000000000016
12308.250000000011
14627.000000000015
12845.750000000013
14704.000000000011
11469.750000000011
14621.000000000016
10260.50000000001
14766.000000000016
9849.50000000001
14565.000000000018
9226.00000000001
14434.00000000001
8671.25000000001
14825.000000000016
8912.50000000001
15239.000000000015
9854.50000000001
14478.000000000016
10338.50000000001
14399.000000000011
9787.250000000011
14510.000000000018
9063.250000000011
14541.00000000001
8996.750000000011
14433.000000000018
9090.50000000001
13847.000000000013
9248.000000000011
13084.000000000007
8982.00000000001
12519.000000000016
9056.750000000007
11842.000000000015
9319.75000000001
11140.000000000011
9901.000000000011
10858.000000000011
10344.50000000001
10806.000000000011
10815.750000000013
10826.000000000011
10468.250000000011
10890.000000000011
9527.25000000001
11123.000000000013
9679.75000000001
11365.000000000011
9748.000000000011
11504.000000000013
9580.250000000011
11550.000000000013
9674.50000000001
11471.000000000013
9580.750000000011
11219.000000000011
10075.000000000011
11073.000000000013
9971.75000000001
10994.000000000011
9838.75000000001
11074.000000000013
9881.50000000001
11307.000000000013
9666.00000000001
11664.000000000013
9667.50000000001
11629.000000000013
9838.25000000001
11295.000000000011
10765.500000000011
10881.000000000013
11357.250000000011
10350.000000000007
11911.250000000011
9737.000000000011
12874.000000000015
9243.000000000011
13542.250000000013
8803.000000000007
13616.500000000015
8523.000000000007
13206.750000000015
8230.000000000005
12959.000000000011
7837.000000000009
12635.250000000011
7440.000000000009
11946.000000000011
7134.000000000007
11463.500000000011
6958.000000000005
11138.250000000013
6856.000000000008
10797.500000000011
6762.000000000008
10395.00000000001
6672.000000000006
10031.750000000011
6550.000000000006
9995.50000000001
6439.000000000007
10090.250000000011
6369.000000000003
10251.75000000001
6612.000000000008
10364.250000000011
6793.000000000008