8960.500000000007
14265.000000000015
9054.75000000001
14163.000000000013
9331.25000000001
14134.000000000016
9522.50000000001
14096.000000000015
9468.00000000001
14087.000000000016
9370.250000000011
14230.000000000015
9593.750000000011
14301.000000000016
9860.75000000001
14375.000000000015
9850.25000000001
14482.000000000015
9961.000000000011
14605.000000000016
10407.75000000001
14740.000000000015
10800.750000000011
14773.000000000013
11198.000000000015
14853.000000000016
11289.000000000013
14903.000000000015
10701.250000000011
14955.000000000016
10368.50000000001
15058.000000000018
10628.25000000001
15182.000000000015
10860.000000000013
15272.00000000001
10953.750000000011
15351.000000000018
11240.750000000011
15408.000000000018
11455.750000000013
15498.000000000015
11545.750000000011
15490.000000000018
11510.500000000011
15513.000000000015
11588.500000000011
15543.000000000015
11750.00000000001
15528.000000000015
11881.000000000013
15509.000000000016
12089.750000000013
15438.000000000015
12267.250000000013
15394.000000000018
12438.500000000013
15336.000000000013
13179.750000000013
15287.000000000018
14084.250000000015
15259.000000000013
15188.000000000016
15373.000000000016
15496.000000000015
15030.000000000015
13516.000000000015
14444.000000000016
13261.000000000013
14589.000000000015
13281.250000000015
16198.000000000015
13583.000000000013
15587.000000000016
15585.000000000016
13236.000000000007
16436.00000000002
12283.000000000011
15874.500000000015
12350.000000000015
14977.750000000018
13533.000000000015
14056.000000000015
13642.00000000001
14195.250000000015
13861.000000000013
14370.250000000016
14257.000000000016
13694.000000000013
14554.000000000015
10990.000000000013
14911.000000000016
10743.000000000011
15173.000000000016
10935.000000000011
15394.00000000001
10081.000000000011
15517.000000000018
9325.75000000001
15596.000000000016
7682.75000000001
15879.000000000015
9044.00000000001
15760.000000000013
8399.500000000011
15283.000000000011
7561.500000000008
14799.000000000018
7027.250000000007
14206.00000000001
6581.250000000006
13510.000000000007
6641.250000000007
12400.000000000013
6784.5000000000055
10970.000000000013
7051.750000000006
9961.000000000011
6826.250000000006
9082.000000000005
6940.500000000008
8209.000000000007
6957.000000000007
8044.000000000008
7137.000000000008
7711.000000000007
7458.750000000006
6889.000000000007
7611.750000000008
5893.000000000006
7646.500000000008
5129.0000000000055
7883.750000000009
4353.000000000002
8393.250000000011
4121.000000000005
8725.500000000007
4496.0000000000055
8910.75000000001
4726.000000000004
8817.75000000001
4399.000000000002
8297.00000000001
3949.000000000004
8123.250000000009
3769.000000000003
7985.000000000008
4429.000000000004
7819.250000000008
6448.000000000005
7394.250000000008
8140.000000000009
7238.750000000008
8220.00000000001
7895.500000000006
8244.00000000001
9319.25000000001
10910.000000000013
10720.000000000011
13388.000000000007
11219.250000000013
13918.000000000015
12338.000000000013
14354.000000000011
13337.500000000011
14573.000000000015
12974.500000000011
14654.000000000013
12569.750000000013
14737.000000000018
12582.250000000013
14945.000000000016
12658.500000000013
15245.000000000016
12592.000000000015
15555.000000000016
12645.75000000001
15775.000000000018
12626.000000000013
15772.000000000015