5689.500000000006
11174.000000000011
5744.0000000000055
12031.000000000016
5787.2500000000055
13402.000000000016
5768.2500000000055
13111.000000000015
5445.250000000005
13195.000000000011
5215.0000000000055
12567.000000000013
5329.500000000005
11431.000000000011
5687.5000000000055
10371.000000000011
5974.500000000006
9840.000000000007
6135.000000000006
9772.00000000001
6002.750000000006
10239.00000000001
5815.000000000006
10154.000000000011
5552.5000000000055
9777.000000000011
5369.000000000005
9579.00000000001
5352.2500000000055
9058.00000000001
5020.500000000005
9589.000000000007
4136.000000000005
7336.000000000008
4057.250000000004
5025.0000000000055
3928.7500000000045
3588.000000000004
4010.000000000004
3831.000000000003
4236.000000000005
3364.0000000000036
4548.500000000005
3094.0000000000036
4596.500000000004
3178.0000000000023
4718.000000000004
3237.000000000003
4795.750000000005
3264.0000000000036
4825.250000000005
3366.000000000004
4860.750000000005
3074.0000000000027
4822.500000000005
2305.0000000000014
4896.5000000000055
2281.000000000002
6154.750000000006
2299.0000000000014
6695.250000000006
2294.0000000000027
6226.7500000000055
2351.0000000000027
6132.750000000006
2491.0000000000023
6191.750000000007
2615.0000000000023
6256.250000000006
2476.0000000000023
6353.500000000007
2206.0000000000014
6540.5000000000055
2403.000000000002
6636.5000000000055
2586.0000000000027
6610.000000000006
2942.0000000000023
6871.750000000006
3272.0000000000036
7079.750000000006
3079.0000000000023
7206.500000000007
3060.0000000000023
7474.750000000008
2858.0000000000027
8013.750000000006
2795.0000000000027
8361.250000000007
2677.000000000002
8476.000000000007
2613.0000000000023
9043.00000000001
2821.0000000000036
10276.500000000011
2923.0000000000023
11129.50000000001
3136.0000000000023
11489.250000000013
3266.0000000000023
11745.50000000001
3345.000000000004
11986.000000000011
3054.000000000002
11884.250000000011
3363.0000000000036
11918.750000000013
3862.000000000004
10581.25000000001
3737.0000000000027
9193.50000000001
3685.0000000000036
7387.500000000006
3701.000000000004
6722.7500000000055
3448.0000000000036
6457.2500000000055
4047.000000000003
6533.5000000000055
4330.000000000004
5439.0000000000055
3765.0000000000045
4950.500000000005
3953.0000000000036
6223.000000000005
2992.0000000000036
6375.250000000006
3087.0000000000023
5355.5000000000055
3214.000000000003
5036.7500000000055
3517.0000000000023
4936.500000000005
3351.000000000003
4954.500000000005
3078.0000000000027
6114.7500000000055
3304.0000000000023
7261.250000000008
3171.000000000003
7035.500000000006
2944.000000000003
6358.500000000008
2822.000000000003
6278.000000000007
2878.0000000000027
6456.750000000007
3220.0000000000023
6795.250000000007
3869.000000000004
8156.000000000009
4109.000000000004
7383.000000000007
3116.0000000000014
6529.5000000000055
4134.000000000003
6733.750000000006
6854.000000000008
6936.500000000007
8952.00000000001
6940.250000000006
9914.000000000011
7054.750000000006
9646.000000000005
6739.000000000006
7307.000000000007
6309.250000000006
5572.000000000006
5934.5000000000055
6629.000000000007
6185.0000000000055
7280.000000000008
6418.750000000007
7098.000000000008
6035.750000000006
6685.000000000007
6092.250000000006
5513.0000000000055
6192.000000000006
4323.000000000005