9978.000000000011
10886.000000000013
9841.00000000001
10469.000000000013
9703.75000000001
9635.000000000011
9705.25000000001
10113.000000000011
9763.25000000001
11254.000000000011
10178.75000000001
11125.000000000013
10586.750000000011
10784.000000000011
10741.75000000001
10831.000000000011
10857.750000000011
10682.000000000013
10965.500000000011
10665.000000000011
11002.000000000011
10361.00000000001
10801.000000000011
10001.000000000011
10808.250000000011
9840.000000000007
10968.750000000011
8459.000000000005
11603.750000000011
7391.000000000008
12334.750000000011
7077.000000000007
12702.250000000013
6622.000000000007
12911.500000000015
7254.000000000007
13341.250000000015
8887.000000000007
13308.000000000015
9714.00000000001
13359.750000000015
10683.000000000013
13153.000000000013
11373.000000000011
13589.750000000015
11917.000000000011
13464.000000000016
12254.000000000013
13097.250000000013
13024.000000000013
11873.00000000001
12042.00000000001
11892.500000000015
11515.000000000011
12429.250000000011
10777.000000000013
11284.250000000013
10700.000000000013
11489.000000000011
11144.000000000013
11258.250000000011
10493.000000000013
10736.750000000011
9125.00000000001
10402.25000000001
8416.000000000004
9477.75000000001
7352.0000000000055
9880.250000000011
5716.000000000006
10128.50000000001
4700.000000000005
9796.750000000011
5667.000000000006
10611.50000000001
7987.000000000007
10804.500000000011
6010.000000000007
10734.750000000013
5273.0000000000055
9254.00000000001
4828.0000000000055
8936.50000000001
4715.000000000006
8225.500000000007
4611.000000000004
7217.250000000008
4623.000000000004
7520.000000000008
4706.0000000000055
8030.000000000008
4559.0000000000055
8778.75000000001
4426.000000000005
11137.500000000013
4008.0000000000045
12424.000000000013
3789.000000000004
12794.500000000013
4216.000000000005
11787.250000000015
4341.000000000004
7503.500000000008
4031.0000000000036
7052.250000000007
3777.0000000000045
7289.750000000007
3793.000000000003
7256.500000000007
3811.000000000004
6945.500000000006
4533.000000000005
7316.250000000008
4655.000000000005
8499.250000000007
4629.0000000000055
10584.25000000001
4696.000000000002
9677.750000000011
4845.000000000005
7241.2500000000055
4687.0000000000055
6867.500000000006
4487.000000000005
6598.500000000007
4585.000000000004
6838.500000000006
4739.000000000003
7669.750000000007
5187.000000000006
8727.250000000007
6686.000000000004
8594.25000000001
6617.000000000008
8775.75000000001
6722.000000000005
9014.00000000001
7534.00000000001
8233.00000000001
8286.000000000007
7991.250000000007
9176.000000000011
7677.750000000007
10658.00000000001
7440.250000000007
11865.000000000013
6607.750000000007
12398.000000000013
6301.750000000006
12649.000000000015
6893.750000000006
13027.000000000015
7224.250000000006
13112.000000000016
6737.500000000007
11753.00000000001
7709.500000000007
11358.000000000013
8842.500000000007
10488.00000000001
10407.00000000001
10318.000000000011
10910.250000000011
10056.00000000001
11046.250000000013
9252.000000000011
11181.000000000013
9816.00000000001
11631.000000000013
10718.000000000011
12223.000000000015
12104.00000000001
12651.500000000013
12008.000000000011
12847.500000000011
13051.000000000015
12974.000000000013
13417.000000000016
13129.500000000013
13725.000000000013