9846.500000000011
4673.0000000000055
9653.00000000001
4096.000000000003
9356.50000000001
3835.000000000004
8375.25000000001
3756.0000000000027
7820.750000000007
3812.000000000003
7752.500000000008
3892.000000000003
8455.00000000001
3977.000000000004
9406.50000000001
3991.0000000000045
9842.25000000001
4004.000000000004
10016.50000000001
3998.000000000004
10386.00000000001
3890.0000000000045
11224.000000000011
3843.0000000000036
12553.500000000013
3789.000000000004
13104.250000000013
3750.0000000000036
12865.500000000015
3670.0000000000036
12426.250000000013
3561.0000000000036
11975.500000000013
3445.0000000000023
12156.000000000011
3346.0000000000023
12259.750000000011
3220.0000000000023
11939.750000000011
3109.000000000003
11601.00000000001
3018.0000000000023
10685.500000000013
2889.0000000000027
10612.000000000013
2813.000000000003
9784.250000000011
2757.0000000000027
8769.50000000001
2738.000000000002
7021.250000000006
2736.0000000000027
7538.500000000008
2771.0000000000027
8524.25000000001
2825.0000000000027
8571.500000000011
2921.000000000003
8489.25000000001
2983.0000000000027
7852.250000000007
3062.000000000003
7711.750000000006
3122.000000000002
8318.00000000001
3192.0000000000027
9412.500000000007
3271.000000000002
9712.25000000001
3341.0000000000027
9155.000000000007
3904.000000000004
8643.000000000007
6283.000000000004
8172.250000000007
8851.00000000001
7819.500000000007
9540.000000000005
9975.500000000011
9862.000000000013
12946.750000000015
7186.000000000007
12813.500000000011
5648.000000000006
13361.000000000015
5620.0000000000055
13767.750000000015
5946.000000000006
13112.500000000011
6453.0000000000055
12804.250000000015
7002.0000000000055
13066.000000000015
8397.000000000005
12921.500000000013
8775.00000000001
11355.750000000011
9826.000000000011
10070.00000000001
11938.000000000013
10658.00000000001
13256.000000000011
10848.750000000013
12204.000000000015
12650.500000000013
10923.00000000001
10401.50000000001
9956.000000000011
10935.000000000011
8320.000000000005
10427.750000000011
5905.0000000000055
9843.50000000001
4797.000000000005
8655.250000000007
3169.000000000004
8085.250000000009
2800.000000000003
8413.75000000001
2643.0000000000023
12589.500000000013
2473.0000000000027
14726.500000000015
2750.000000000003
15107.000000000013
4123.0000000000055
15425.750000000016
3702.000000000004
16490.50000000002
1898.000000000002
13876.750000000015
1733.000000000002
8192.50000000001
1727.0000000000016
6420.250000000006
1777.0000000000014
6062.5000000000055
1828.0000000000016
5739.250000000006
1867.0000000000018
6376.250000000006
1919.000000000002
6056.5000000000055
1935.000000000002
5947.750000000006
1932.0000000000023
6523.500000000007
1964.0000000000018
7877.0000000000055
1974.0000000000018
9479.00000000001
2009.000000000002
8279.25000000001
2024.0000000000023
5230.000000000005
2063.0000000000014
3801.000000000004
2112.0000000000023
3961.750000000005
2155.000000000002
3781.750000000004
2188.0000000000023
4415.750000000005
2216.000000000002
5945.000000000006
2268.0000000000027
4504.7500000000055
2264.000000000002
3371.750000000003
2424.0000000000027
3144.250000000003
4439.000000000005
2845.7500000000023
9241.00000000001
2171.2500000000014
5630.000000000006
1588.0000000000014
2046.0000000000023
1150.5000000000011
1917.0000000000023