4526.000000000005
4765.000000000005
5770.500000000007
4770.000000000003
6921.250000000007
4738.000000000006
8346.000000000007
4768.000000000005
9336.75000000001
4817.000000000004
10039.00000000001
4732.000000000006
10597.25000000001
4476.000000000005
11274.000000000011
4228.000000000005
11974.750000000011
4327.000000000005
12205.000000000011
5383.000000000007
12246.000000000013
5658.0000000000055
12109.500000000015
5826.000000000004
12039.250000000011
8648.000000000005
12038.750000000013
8024.000000000007
12316.750000000013
9366.000000000011
12829.250000000013
10006.000000000011
14341.000000000015
9536.000000000011
14123.500000000015
8012.000000000008
14188.500000000013
8408.000000000007
14330.000000000013
9789.000000000013
14460.750000000015
11007.000000000011
14702.750000000015
12096.000000000005
16006.750000000016
11121.000000000011
16406.250000000015
9998.000000000011
16524.00000000002
10675.000000000011
16161.750000000016
11315.000000000011
16156.000000000018
11229.00000000001
15890.500000000018
10709.000000000015
15284.250000000011
9638.000000000005
15215.500000000013
8215.000000000005
15672.500000000015
8001.000000000009
15408.250000000015
7594.000000000007
15916.750000000016
10448.000000000011
15656.750000000016
14384.000000000011
14983.250000000015
16831.000000000015
15996.750000000016
19530.00000000002
16025.750000000015
19527.000000000015
14911.000000000013
18699.00000000001
16324.000000000015
16488.00000000002
17117.00000000002
16855.00000000001
15458.250000000018
17624.000000000015
15362.500000000016
17120.000000000015
14805.500000000015
15793.000000000016
14495.000000000015
14024.000000000015
14279.750000000013
12307.000000000007
14495.000000000018
11901.000000000011
14301.000000000016
11855.000000000011
14608.500000000015
11935.00000000001
15351.500000000015
11340.000000000013
15040.250000000015
11057.000000000011
14891.000000000015
10956.000000000011
15022.000000000015
12120.00000000001
15147.500000000013
14199.000000000016
14646.750000000016
15701.000000000016
14019.000000000015
16628.00000000001
13471.000000000011
17656.000000000022
13094.750000000013
18410.00000000001
13196.750000000013
17606.000000000015
13334.500000000013
15541.000000000015
13013.500000000013
11237.00000000001
12522.250000000013
10185.00000000001
11780.500000000013
9625.000000000011
11706.000000000013
7129.000000000006
11677.000000000015
4164.000000000005
11642.500000000013
3601.0000000000023
11332.50000000001
3827.0000000000045
10776.750000000013
3854.000000000004
10318.750000000013
3729.0000000000036
10038.500000000013
3573.000000000004
9771.500000000011
3389.000000000002
9151.50000000001
3091.000000000003
8558.500000000007
3097.0000000000027
7814.750000000007
3128.0000000000036
6877.000000000006
3133.000000000003
6531.000000000006
3167.0000000000023
6454.000000000007
3202.000000000004
6547.7500000000055
3251.0000000000036
6633.500000000006
3263.000000000002
6348.750000000006
3022.0000000000023
6166.250000000007
2789.0000000000027
5863.750000000006
2515.0000000000027
5303.7500000000055
2282.0000000000014
4879.000000000005
2105.0000000000027
4861.7500000000055
2194.0000000000023
4642.250000000005
2339.0000000000014
4426.750000000005
2621.0000000000014
4232.500000000005
2728.0000000000027
4019.750000000003
2810.0000000000027
4193.000000000004
2823.000000000003
4529.500000000005
2917.000000000003