7239.250000000008
4894.000000000002
7044.250000000007
4900.0000000000055
6814.750000000007
5035.000000000006
6567.750000000006
5061.000000000006
6520.750000000006
5120.000000000006
6505.000000000007
5412.0000000000055
6684.750000000008
5927.0000000000055
7442.750000000007
6651.0000000000055
8367.00000000001
7375.0000000000055
9646.75000000001
7983.000000000008
11039.750000000013
8653.00000000001
11965.250000000011
9472.00000000001
12412.750000000015
10057.00000000001
12055.000000000013
10057.00000000001
11378.50000000001
9949.000000000011
10889.750000000011
10085.00000000001
10593.750000000011
10473.000000000013
10341.000000000011
10786.000000000013
10183.750000000011
10760.000000000011
9971.50000000001
10364.000000000011
9793.50000000001
9669.000000000011
9612.75000000001
8635.00000000001
9477.50000000001
7365.000000000006
9175.75000000001
6492.000000000008
8989.00000000001
6186.0000000000055
8930.00000000001
6328.000000000009
9651.00000000001
6630.000000000006
9891.00000000001
7447.000000000008
8469.250000000007
8761.00000000001
7534.500000000007
9454.00000000001
6893.750000000007
9588.000000000007
6478.000000000006
9344.000000000007
6250.750000000007
8875.00000000001
9141.75000000001
8134.000000000008
11859.250000000011
7314.0000000000055
11482.25000000001
6759.000000000007
9706.75000000001
6703.000000000008
9078.500000000007
6938.000000000009
7982.500000000007
7242.000000000008
7465.000000000008
7368.000000000008
7278.000000000007
7511.000000000008
7231.500000000009
7887.000000000007
8707.25000000001
7927.000000000009
10049.750000000011
7582.000000000009
10942.500000000011
7326.000000000008
9824.25000000001
7150.000000000009
9005.00000000001
7168.000000000007
8140.500000000006
7195.000000000007
7477.250000000007
6892.000000000004
7083.000000000008
7192.0000000000055
5971.000000000006
9478.000000000005
5997.500000000006
11834.000000000007
6680.250000000007
11546.000000000011
7634.750000000008
10141.000000000011
8360.000000000007
9152.000000000005
8296.750000000007
8286.000000000007
8185.500000000006
7234.000000000008
8358.00000000001
6896.000000000007
7203.250000000007
7178.000000000006
6625.000000000008
7578.000000000008
6374.500000000006
7519.000000000007
6128.2500000000055
8111.000000000006
6612.250000000007
9446.000000000011
7091.250000000009
10233.000000000011
7322.000000000008
10329.000000000013
7746.750000000007
10783.000000000011
8155.500000000008
10923.000000000013
8309.00000000001
10564.000000000013
8017.500000000007
10671.000000000013
7904.750000000007
10266.000000000007
7692.500000000006
8332.000000000007
8011.25000000001
7057.000000000005
8142.000000000008
7212.000000000009
8019.750000000006
7722.000000000009
7929.750000000007
8232.000000000007
7549.000000000007
8702.000000000005
7229.750000000007
8976.000000000005
7403.250000000007
8894.00000000001
7598.500000000009
8443.000000000005
7566.000000000007
7667.000000000009
7576.750000000007
6629.000000000007
7798.750000000006
5608.000000000006
7776.500000000008
5000.000000000004
7422.000000000007
4990.000000000005
7336.000000000007
4860.0000000000055
7534.250000000007
4561.0000000000055
7682.000000000009
4366.000000000003
7842.500000000009
4144.000000000005
7884.250000000009
4058.0000000000036
7756.000000000008
4130.000000000003