13060.000000000015
8425.00000000001
12716.000000000013
8921.00000000001
12055.500000000013
9460.00000000001
11347.750000000011
9972.00000000001
10766.75000000001
10621.000000000011
10761.250000000011
11373.000000000013
11017.250000000011
12032.000000000013
11285.250000000011
12485.00000000001
11344.500000000011
12694.000000000011
11223.250000000013
12720.000000000013
10933.500000000011
12754.000000000011
10712.000000000011
12872.000000000013
10716.500000000011
13130.000000000013
10641.250000000011
13496.000000000013
10662.50000000001
13781.000000000015
10661.500000000013
13858.000000000013
10563.750000000011
13679.000000000013
10575.25000000001
13210.000000000011
10831.000000000011
12504.000000000007
11154.75000000001
11745.000000000013
11359.750000000011
11011.000000000011
11394.000000000011
10440.000000000011
11413.000000000011
10144.000000000011
11530.50000000001
10056.00000000001
11689.500000000011
10153.000000000013
11869.500000000013
10341.000000000011
11989.000000000011
10546.000000000011
12127.750000000015
10699.000000000011
12268.000000000011
10703.000000000013
12450.000000000015
10800.000000000013
12775.00000000001
10959.000000000011
13083.000000000013
11021.000000000011
13377.000000000015
11034.000000000011
14223.000000000013
10990.000000000007
14607.000000000016
11000.000000000013
14850.000000000013
10985.00000000001
15440.000000000018
11020.000000000011
15430.000000000013
11123.000000000013
15054.250000000016
11180.000000000013
14695.000000000013
11222.000000000011
13999.250000000016
11273.000000000011
13620.250000000016
11405.000000000011
13457.250000000016
11520.000000000013
13093.500000000013
11611.000000000011
14001.250000000013
11734.000000000011
14682.000000000016
11806.000000000013
13432.000000000013
12052.000000000005
11975.000000000015
12195.00000000001
10192.75000000001
12234.000000000015
9987.250000000011
12205.000000000011
9464.000000000011
12126.000000000013
8963.25000000001
12252.000000000011
11274.000000000015
12363.00000000001
12831.500000000013
12390.000000000015
11948.000000000011
12502.000000000011
10439.000000000011
12615.000000000015
8907.75000000001
12712.00000000001
8226.500000000007
12758.00000000001
8137.750000000008
12767.000000000015
7815.250000000007
12845.000000000011
8872.00000000001
12884.000000000018
9724.25000000001
12898.000000000015
8823.250000000011
12764.000000000007
7995.750000000008
12151.000000000013
8509.00000000001
11216.000000000013
9011.25000000001
10176.000000000011
9248.50000000001
9242.000000000005
9741.000000000007
8892.000000000005
9847.000000000011
9798.000000000005
9599.25000000001
10178.00000000001
9102.750000000011
9636.000000000011
8636.000000000007
8680.00000000001
8363.25000000001
8444.000000000011
8570.750000000011
8472.00000000001
8668.50000000001
8384.000000000007
8851.500000000007
8173.000000000008
8704.25000000001
7625.000000000008
8507.000000000007
7617.000000000008
8123.750000000009
7952.000000000009
8010.750000000008
8150.000000000008
8160.000000000007
8027.0000000000055
8072.250000000007
7597.000000000007
7944.750000000007
7630.000000000008
7912.750000000007
7459.000000000008
7805.250000000008
7366.000000000007
7635.250000000008
7363.000000000007
7708.500000000007
7263.000000000005
7840.000000000007
6871.000000000008
7911.000000000009
6502.000000000006
7865.000000000009
6125.000000000003