7528.500000000009
9992.000000000007
7932.000000000007
9399.000000000004
8001.000000000007
8712.000000000007
7836.500000000008
8073.000000000006
8379.00000000001
7372.000000000008
9114.75000000001
7034.000000000005
9359.75000000001
7580.000000000007
8903.50000000001
8241.000000000004
8468.75000000001
8804.000000000007
7378.750000000007
9074.00000000001
6526.250000000007
9709.000000000011
5717.2500000000055
10812.000000000011
6319.250000000007
11379.000000000013
7310.750000000006
11359.000000000011
10102.250000000011
10843.000000000013
11740.000000000013
10064.00000000001
9698.750000000007
9413.000000000007
7933.750000000008
9186.00000000001
7177.250000000008
9507.000000000013
6417.750000000005
10164.000000000013
6421.750000000007
10915.000000000013
7269.500000000007
11427.000000000013
6835.250000000006
11903.000000000015
6771.250000000006
12582.000000000013
7231.250000000006
13319.000000000015
8057.000000000008
13820.000000000011
9399.750000000007
14196.000000000016
10695.750000000013
13984.000000000013
11375.000000000013
13387.000000000016
11532.500000000011
12589.000000000015
11887.000000000015
11388.000000000013
12006.750000000013
10476.000000000011
12425.750000000013
9755.000000000011
11814.000000000013
9705.00000000001
11593.750000000011
10516.000000000011
11668.250000000013
11533.000000000013
11539.750000000013
12296.000000000011
12060.250000000013
12511.000000000011
11810.000000000015
11685.000000000015
11340.750000000011
11664.000000000013
11188.750000000013
11135.000000000013
10795.00000000001
9871.00000000001
10735.500000000011
9371.00000000001
11551.500000000011
8739.000000000005
12259.250000000015
7695.000000000008
12967.000000000015
7232.000000000006
13012.250000000013
7688.000000000007
12714.500000000011
10040.000000000011
12597.750000000015
12881.000000000015
12739.000000000015
14033.000000000011
12504.750000000011
14320.000000000016
11601.250000000015
13890.000000000016
10754.000000000013
13604.000000000015
10104.250000000011
11818.000000000007
10183.00000000001
11185.000000000011
9689.250000000007
11634.000000000007
9525.75000000001
11961.000000000005
9455.500000000011
11036.000000000013
10033.25000000001
10787.000000000013
10485.000000000011
11723.00000000001
11107.250000000011
13416.000000000015
10720.250000000011
12928.000000000015
10158.25000000001
11306.000000000013
9991.25000000001
9691.00000000001
10379.000000000011
10054.000000000013
10301.250000000011
10520.000000000013
10021.000000000011
10171.00000000001
9774.500000000011
8846.000000000005
9535.250000000007
7631.000000000008
9402.25000000001
7078.0000000000055
9373.00000000001
6467.000000000007
9278.75000000001
6822.000000000007
8500.250000000007
9008.000000000011
7259.750000000007
10628.000000000011
6568.0000000000055
11058.000000000013
5813.750000000006
11519.000000000015
5737.500000000006
11138.00000000001
5968.750000000007
10376.00000000001
5445.0000000000055
9370.00000000001
5553.0000000000055
8397.000000000011
5840.7500000000055
6756.000000000006
5798.000000000005
7576.000000000007
5932.000000000006
8271.000000000007
6175.5000000000055
8155.000000000009
6201.2500000000055
8461.000000000007
5845.750000000006
8818.000000000011
5546.7500000000055
8260.000000000005
7023.7500000000055
7718.000000000008
8009.750000000008
9421.000000000007
8054.500000000007
8917.000000000011