3794.000000000004
4986.000000000005
4000.7500000000036
4676.000000000004
4412.0000000000055
4662.000000000005
4913.500000000005
4716.000000000005
5373.500000000006
4775.000000000004
5522.250000000006
4696.0000000000055
5790.7500000000055
4503.000000000003
5989.000000000007
4284.000000000004
6452.250000000006
4090.000000000004
7206.250000000009
3796.0000000000045
7992.750000000009
3698.000000000004
8457.750000000007
3764.000000000004
8676.250000000007
3916.0000000000027
8877.000000000011
4247.000000000005
9228.75000000001
4768.0000000000055
9413.75000000001
5258.000000000006
9825.250000000011
5627.0000000000055
10583.750000000011
5603.0000000000055
11472.750000000013
5548.000000000006
12287.750000000016
5995.000000000007
12903.750000000011
6668.000000000007
13380.500000000016
6848.000000000007
13640.000000000015
6578.000000000007
13579.000000000015
6127.000000000007
13689.750000000016
5921.000000000006
13986.000000000011
5976.000000000005
14256.250000000015
6160.000000000004
13732.750000000013
6177.000000000006
13021.750000000011
6136.000000000005
12396.250000000013
5973.0000000000055
11771.250000000013
5957.000000000003
11122.250000000011
9063.000000000007
10607.75000000001
19681.000000000022
10878.000000000011
20940.000000000022
11186.250000000011
20821.00000000002
10778.250000000011
19498.000000000015
10086.000000000011
18478.000000000022
9854.50000000001
16581.00000000001
11240.250000000013
13540.000000000007
12934.500000000013
11794.000000000005
10742.250000000011
18112.000000000015
7359.000000000008
17094.00000000002
6438.000000000007
16221.000000000016
5921.000000000006
16390.000000000015
9211.250000000007
10215.000000000011
8007.500000000008
4902.0000000000055
6978.750000000006
4787.000000000006
7216.000000000007
5096.000000000006
9737.500000000011
4507.0000000000055
10217.250000000011
5415.000000000004
8471.00000000001
6942.000000000007
7643.000000000007
5395.000000000006
7650.2500000000055
4237.000000000003
8607.00000000001
4455.000000000004
9793.000000000011
9291.000000000007
10487.000000000011
14516.000000000018
10939.250000000011
16905.000000000015
11135.000000000011
20573.00000000001
10144.750000000011
22802.000000000022
10445.500000000011
21118.00000000002
12708.750000000015
21316.00000000002
15818.250000000015
13170.00000000001
16450.75000000002
9335.00000000001
15884.750000000018
10022.000000000011
14484.000000000013
11374.000000000011
13080.000000000013
12674.000000000013
12131.750000000011
13562.000000000011
11951.250000000011
13979.000000000015
12078.750000000015
13381.000000000016
12468.500000000013
11082.000000000011
12923.750000000013
9321.000000000011
13075.750000000015
7170.000000000007
13145.000000000013
6385.0000000000055
13108.500000000013
6306.000000000006
13126.750000000016
6103.0000000000055
12921.750000000013
5905.0000000000055
12622.500000000015
5609.0000000000055
12192.750000000013
5434.000000000006
11809.000000000015
5486.0000000000055
11534.250000000013
5793.000000000005
11133.750000000011
6054.000000000008
10848.750000000011
6073.0000000000055
10386.000000000011
5648.0000000000055
9915.000000000011
5175.000000000004
9011.50000000001
4682.0000000000055
7837.250000000009
3775.0000000000027
7239.500000000007
3036.0000000000027
7234.000000000006
2874.0000000000027
7470.250000000007
2812.0000000000027
7843.500000000006
2826.0000000000027