12606.500000000015
11348.000000000011
12029.750000000013
11229.000000000013
11255.000000000011
10598.000000000011
10684.000000000011
10538.000000000011
10070.750000000007
10634.000000000013
9691.25000000001
10607.000000000013
9644.50000000001
10603.000000000013
9591.00000000001
10776.000000000013
9247.00000000001
10889.000000000011
8819.250000000007
10771.000000000011
8627.750000000007
10836.000000000013
8804.25000000001
10882.000000000011
9160.25000000001
10854.000000000013
9514.25000000001
10562.000000000011
9108.50000000001
10094.00000000001
8793.250000000007
10051.000000000011
8427.500000000007
9720.00000000001
8305.25000000001
8598.000000000007
8143.250000000009
8241.000000000007
8285.000000000007
8638.00000000001
8564.500000000007
8537.000000000007
8592.250000000007
8731.00000000001
8356.25000000001
8633.000000000005
8282.750000000007
8346.000000000007
8538.000000000007
7584.000000000008
8881.75000000001
6683.000000000007
9204.500000000011
6423.0000000000055
9405.00000000001
6135.000000000005
9361.25000000001
5152.0000000000055
9160.250000000011
4645.000000000005
8748.500000000007
5310.000000000005
8184.250000000007
6261.000000000006
7869.000000000008
6991.000000000004
7392.000000000006
7848.000000000008
7703.250000000009
8894.000000000011
7989.750000000007
9647.000000000011
7759.250000000008
10027.000000000013
7443.250000000006
10463.000000000011
9673.250000000011
10448.000000000011
9994.250000000011
9693.000000000011
8878.50000000001
9092.00000000001
10358.750000000011
8723.00000000001
12496.750000000013
8185.000000000006
11912.500000000013
8114.000000000007
10434.50000000001
8426.00000000001
9083.25000000001
8595.000000000005
8429.75000000001
8385.000000000007
10002.25000000001
7584.000000000008
10892.50000000001
7427.000000000007
8693.00000000001
8055.00000000001
8187.250000000009
8049.000000000008
8323.750000000007
7695.00000000001
8297.750000000007
7333.000000000009
8541.75000000001
7490.000000000007
9190.00000000001
7813.000000000008
9240.00000000001
8154.000000000009
9423.750000000011
8411.00000000001
10187.000000000011
8622.000000000007
10870.000000000013
8591.000000000007
11069.50000000001
8971.000000000007
10818.75000000001
9558.000000000007
11041.750000000011
9591.00000000001
11242.000000000011
8977.000000000011
11541.000000000011
8064.000000000009
11708.500000000015
7427.000000000007
11119.000000000013
6257.000000000005
10754.500000000013
5408.000000000006
10819.750000000011
5921.000000000007
10148.000000000011
6921.000000000007
9388.00000000001
6986.000000000007
9429.50000000001
6405.000000000004
8817.75000000001
5603.0000000000055
8571.50000000001
5109.0000000000055
8484.50000000001
5239.0000000000055
8325.50000000001
5848.000000000004
8401.00000000001
6097.000000000005
8486.250000000007
5561.000000000006
8489.00000000001
5453.0000000000055
8240.000000000007
5884.000000000005
7607.750000000007
6606.0000000000055
7275.750000000008
6459.000000000006
7574.000000000008
6473.000000000004
8109.500000000009
7132.000000000007
8164.000000000008
7389.000000000008
7856.500000000009
7399.000000000007
8005.250000000007
7317.000000000006
8001.000000000007
7347.000000000007
8268.75000000001
7390.0000000000055
8814.25000000001
7636.000000000009
9521.50000000001
8365.00000000001