12775.500000000015
7212.000000000004
12234.250000000013
7051.000000000008
11887.500000000013
7189.000000000008
11239.000000000011
7338.000000000008
10831.000000000013
7542.000000000008
10635.500000000011
7721.000000000008
10645.75000000001
7772.000000000008
10965.500000000011
7812.000000000007
11511.750000000011
7747.000000000008
11880.500000000013
7600.000000000008
12005.250000000011
7521.000000000007
11703.500000000011
7417.000000000008
11286.000000000013
7485.000000000009
11108.75000000001
7741.000000000008
11052.250000000011
8189.000000000008
10931.500000000011
8896.000000000007
10574.50000000001
9387.000000000005
10550.500000000011
9708.000000000011
11005.000000000013
9895.000000000011
10977.500000000011
10852.000000000011
10035.250000000013
10472.000000000007
9438.50000000001
8755.000000000011
9968.500000000011
7257.000000000006
9129.500000000011
7115.000000000008
8987.75000000001
6660.000000000008
8722.250000000007
6530.000000000007
7828.750000000007
6362.0000000000055
7385.500000000009
5895.000000000006
7013.750000000007
5474.000000000005
7035.250000000007
6026.000000000003
7533.000000000009
7935.00000000001
9150.000000000007
8769.00000000001
8875.00000000001
8348.000000000007
6544.250000000006
8057.000000000009
5271.500000000005
6917.000000000007
5382.5000000000055
6054.000000000004
5498.5000000000055
6115.000000000004
4848.000000000005
6110.000000000003
4743.750000000005
6275.000000000004
5136.7500000000055
7697.000000000009
7982.250000000007
8204.00000000001
9641.250000000011
9188.000000000007
10042.250000000011
10548.000000000007
7802.500000000007
10675.000000000011
6408.2500000000055
11188.000000000011
5604.750000000005
11269.000000000011
5264.0000000000055
11028.000000000013
5026.750000000006
11148.000000000011
5389.2500000000055
11426.000000000013
5282.0000000000055
11889.00000000001
5710.2500000000055
12208.000000000015
6693.750000000007
12315.000000000015
8060.000000000008
12330.000000000015
7375.000000000007
12103.00000000001
6397.000000000006
11799.00000000001
6489.750000000006
12000.000000000007
6117.500000000007
12578.000000000015
5661.7500000000055
13034.000000000013
6262.0000000000055
13462.000000000015
6777.250000000007
13555.000000000016
7236.250000000006
12952.000000000011
7876.750000000009
11619.000000000007
7837.000000000008
9799.000000000005
7894.500000000007
8100.000000000007
7653.750000000007
6867.000000000005
8549.00000000001
6655.000000000006
9480.50000000001
7168.000000000007
10198.250000000011
7752.000000000008
10496.750000000011
8215.000000000005
10719.750000000011
8502.00000000001
10583.500000000011
8583.000000000007
10558.75000000001
8569.000000000011
10972.000000000011
8259.000000000005
11394.25000000001
7848.000000000008
11605.000000000011
7445.000000000006
11754.500000000015
7150.000000000006
11574.750000000011
6792.000000000007
11078.000000000015
6259.000000000004
10534.00000000001
5733.0000000000055
10198.00000000001
5280.000000000005
9300.250000000007
5028.000000000005
8282.00000000001
4825.000000000004
7350.250000000007
4598.000000000003
7346.500000000005
4558.000000000004
7580.500000000008
4582.0000000000055
7613.000000000007
4790.000000000005
7651.000000000009
5045.0000000000055
7557.250000000007
5305.000000000006
7462.000000000007
5857.000000000006
7672.250000000006
7084.000000000008