6651.250000000006
14728.000000000018
7007.500000000007
14610.000000000015
7323.250000000008
14797.000000000016
7665.500000000007
15256.000000000015
8167.750000000008
15824.000000000016
8703.00000000001
16463.000000000015
9015.75000000001
16899.00000000001
9140.50000000001
17294.00000000002
9359.75000000001
17658.00000000002
9281.500000000007
17846.00000000001
9066.75000000001
17929.000000000015
9022.50000000001
18154.000000000022
8955.50000000001
18684.00000000001
8611.75000000001
18751.000000000015
8502.000000000005
17848.000000000022
8511.750000000007
16985.000000000015
8323.75000000001
17293.00000000002
8876.750000000007
18179.00000000001
9322.250000000011
18460.000000000015
9307.50000000001
17870.00000000002
9876.25000000001
16682.000000000022
9772.00000000001
14949.000000000015
9832.000000000011
13321.000000000015
9861.250000000011
12545.00000000001
9757.50000000001
12327.000000000011
10144.500000000011
12202.000000000013
10382.500000000011
12054.000000000011
10477.250000000013
11655.000000000015
10744.250000000011
11094.000000000011
10999.750000000011
10295.000000000011
11022.250000000011
9143.000000000005
11074.00000000001
8025.000000000007
10807.750000000011
7028.000000000006
10100.750000000011
6116.000000000006
9646.00000000001
5420.000000000006
9116.50000000001
5485.000000000006
8966.25000000001
6089.000000000006
9414.75000000001
6642.000000000007
9540.00000000001
7146.000000000007
9744.25000000001
7816.000000000007
10038.000000000007
8617.000000000005
10278.25000000001
9261.000000000007
11233.500000000013
9956.000000000011
11780.500000000011
10845.000000000011
11945.750000000013
11873.000000000015
12307.750000000015
12582.000000000013
12636.250000000011
12813.000000000015
12656.000000000013
12343.000000000011
12955.000000000015
12619.000000000015
12591.500000000015
12509.000000000011
12344.000000000011
11842.000000000013
11975.250000000011
12335.000000000007
11386.750000000011
14523.000000000015
11178.750000000011
15826.000000000018
10917.25000000001
15716.000000000015
11025.000000000011
15238.000000000016
10741.75000000001
15575.000000000018
11027.000000000011
16428.00000000001
10531.000000000011
16474.00000000001
10759.250000000011
16133.000000000016
12238.250000000015
15822.000000000015
12360.250000000015
12847.000000000013
12076.000000000013
10452.00000000001
12405.500000000011
9498.000000000011
12772.250000000015
8699.00000000001
12735.750000000011
8863.000000000011
12158.000000000011
8787.000000000011
12244.500000000015
9000.00000000001
13177.500000000015
8415.000000000007
13867.250000000015
7526.000000000008
13947.750000000016
7720.000000000009
14043.750000000016
10250.000000000011
13929.500000000013
12562.000000000013
13361.500000000013
14392.000000000018
13784.000000000013
16173.000000000018
13385.500000000015
16225.000000000016
12988.000000000013
16932.000000000022
12775.250000000013
18019.000000000015
12749.750000000011
18562.000000000022
12779.250000000013
18159.000000000007
13286.500000000013
17089.000000000015
13190.750000000011
15616.000000000015
12744.750000000013
14744.000000000016
12292.250000000013
14778.000000000016
12505.750000000011
16886.00000000001
13010.000000000015
18615.00000000002
13092.000000000015
17216.00000000002
12728.750000000013
15889.000000000016
12101.250000000011
14451.000000000015
11865.50000000001
14222.000000000015