6684.750000000008
4966.000000000005
7148.2500000000055
5907.000000000005
7716.250000000007
5728.000000000006
8024.250000000007
5788.0000000000055
8321.250000000007
5784.000000000006
8205.750000000007
5046.000000000006
7597.750000000007
5402.000000000003
7291.000000000007
6065.0000000000055
7343.250000000007
6015.000000000007
8229.75000000001
6344.000000000006
7813.250000000008
6898.000000000006
7816.250000000008
6700.000000000007
6773.250000000008
6281.000000000007
7603.000000000007
6178.000000000003
8507.25000000001
6842.0000000000055
8915.250000000011
7535.0000000000055
8018.250000000007
10301.000000000013
7454.000000000006
14754.000000000018
7438.500000000007
14409.000000000018
7499.500000000006
11258.000000000013
7523.750000000008
10710.000000000013
7029.750000000006
6206.000000000004
6667.750000000006
3472.000000000003
7165.250000000008
2836.0000000000036
8618.25000000001
2756.0000000000027
11982.750000000013
2714.0000000000023
15505.000000000013
2876.000000000003
17592.75000000002
2909.000000000002
18209.50000000002
2925.000000000003
18055.25000000002
3668.0000000000036
16772.750000000015
4307.000000000004
16354.250000000016
4770.000000000003
16009.500000000015
4879.000000000005
14943.000000000016
4866.0000000000055
15255.000000000015
4663.0000000000055
16158.000000000018
5197.0000000000055
14711.500000000016
6113.000000000005
13515.000000000016
7001.000000000007
12376.000000000013
6861.000000000008
10322.500000000011
5820.000000000008
9239.750000000011
5319.0000000000055
8363.75000000001
5687.000000000006
7961.000000000007
5953.000000000005
9797.000000000011
3988.0000000000036
9893.500000000011
3238.0000000000027
10658.50000000001
3513.0000000000045
11197.50000000001
3656.000000000003
11480.500000000011
3527.0000000000036
11316.250000000013
3233.000000000003
11791.000000000013
2921.000000000003
12244.500000000011
2685.000000000003
12092.750000000015
2645.0000000000027
11981.250000000011
2913.000000000002
11450.000000000013
3292.0000000000036
10717.250000000011
3963.0000000000036
9530.00000000001
3886.000000000003
9160.00000000001
3568.0000000000027
10810.750000000013
3665.0000000000036
11248.500000000011
3756.0000000000027
10868.000000000011
3459.0000000000027
10560.750000000013
8293.000000000007
10853.00000000001
13971.000000000016
11755.000000000013
15407.000000000016
12421.250000000015
16071.000000000016
13114.250000000013
15267.000000000016
13767.000000000016
15226.000000000015
13696.500000000013
13527.000000000013
14025.750000000013
12835.00000000001
14190.750000000013
14512.000000000015
13534.500000000013
14136.000000000013
13638.250000000015
11923.000000000015
14101.250000000015
10491.00000000001
14051.750000000013
9660.00000000001
13957.500000000016
9386.00000000001
13816.250000000015
9077.00000000001
13049.000000000015
9010.000000000007
11655.000000000011
10588.000000000013
11017.250000000013
16013.000000000016
10025.000000000011
19421.000000000015
8831.250000000011
18778.000000000022
8942.75000000001
15868.00000000002
9061.75000000001
13750.000000000015
8609.50000000001
12708.000000000011
7660.000000000007
12529.00000000001
7226.250000000008
12215.000000000007
7225.000000000007
13428.00000000001
7115.0000000000055
15453.000000000015
7242.500000000006
15410.000000000015
7832.750000000006
16218.000000000015
7943.000000000008
15623.000000000015