20988.000000000022
8949.000000000004
21467.500000000022
9302.00000000001
22092.000000000022
9210.00000000001
22491.000000000025
8473.000000000005
22437.500000000022
8012.000000000008
21842.500000000022
8824.000000000005
20564.750000000022
10526.00000000001
20009.50000000002
12482.000000000015
19584.750000000022
13709.000000000013
18701.000000000022
14186.000000000011
18083.500000000015
14097.000000000015
17464.750000000022
13595.000000000013
16239.750000000015
12507.000000000013
14673.750000000015
12092.000000000016
13831.250000000015
12838.000000000016
13411.000000000015
14092.000000000016
13243.250000000015
14891.000000000018
13594.000000000013
14693.00000000001
13149.750000000013
14332.000000000016
12311.250000000011
13807.000000000015
11995.500000000011
13589.000000000016
11282.500000000011
13684.000000000011
10546.250000000011
14536.000000000011
11397.000000000011
15008.000000000015
12302.250000000011
14565.000000000015
12954.000000000013
13660.000000000015
13302.500000000013
13467.000000000015
13510.500000000013
14891.000000000018
13506.000000000013
16496.000000000015
12898.000000000013
17455.000000000015
12895.500000000016
18502.00000000002
13082.500000000015
18762.000000000022
13472.250000000015
18427.000000000022
13667.000000000015
17741.000000000022
13544.000000000015
16509.000000000015
13248.500000000015
15118.000000000018
13252.750000000011
13424.000000000011
13258.250000000015
12804.00000000001
13496.750000000015
13906.000000000007
12658.000000000013
14702.000000000015
8984.000000000007
18328.00000000002
6732.250000000007
21593.00000000001
7465.750000000006
20693.000000000022
8071.750000000008
15570.000000000016
6898.250000000007
11121.000000000013
6778.250000000007
9182.000000000005
7205.750000000006
8095.000000000008
8306.25000000001
6456.000000000005
9606.00000000001
5966.0000000000055
9537.250000000011
5738.0000000000055
8919.75000000001
5829.0000000000055
7965.500000000008
6563.000000000007
7107.5000000000055
7884.000000000008
6722.250000000007
9555.000000000005
6845.000000000006
12279.000000000015
7608.000000000008
13936.000000000007
8873.50000000001
14335.000000000016
9802.250000000011
13454.000000000011
9983.500000000011
12646.000000000015
9316.00000000001
12188.000000000005
9498.250000000011
10288.000000000011
10894.000000000011
7938.00000000001
12450.250000000015
7188.000000000008
13312.250000000015
7933.000000000007
13986.250000000013
7917.000000000009
14875.000000000013
7518.000000000009
15789.500000000015
8810.000000000011
16074.000000000015
10578.000000000011
16789.000000000015
11670.000000000015
17320.00000000002
12182.000000000013
17444.75000000002
11440.000000000013
16823.25000000002
10391.00000000001
16000.000000000016
8819.000000000007
15562.750000000016
7939.00000000001
15265.750000000015
7530.000000000007
14824.500000000015
6593.000000000005
14303.000000000016
6729.000000000007
14160.250000000011
6961.000000000006
14176.500000000016
6833.000000000007
14777.500000000015
7932.000000000009
14548.750000000015
7742.000000000009
14151.750000000011
10008.00000000001
14267.250000000015
18960.000000000022
14285.750000000015
22151.000000000022
14516.000000000013
22620.000000000015
13741.000000000015
23793.00000000002
13201.500000000015
22759.000000000022
12573.500000000011
22895.000000000022
12512.000000000013
21926.000000000022
12225.500000000013
17502.000000000015