3933.750000000004
4104.0000000000055
3881.7500000000036
3739.000000000004
3718.2500000000036
2721.0000000000027
3473.5000000000036
2256.000000000002
3318.750000000003
3869.000000000003
3134.000000000003
4001.0000000000045
3080.250000000003
3066.0000000000036
3319.5000000000036
2875.0000000000027
3497.500000000003
2932.000000000002
3562.0000000000036
3001.000000000003
3746.750000000003
3133.0000000000036
4097.250000000004
3183.000000000004
4410.750000000005
2887.000000000003
4406.750000000004
2680.0000000000023
4327.500000000004
2163.000000000002
4401.250000000005
2092.0000000000023
4665.2500000000055
2002.000000000002
4833.750000000005
2011.000000000002
4876.250000000004
2094.0000000000023
5098.5000000000055
2144.000000000002
5402.0000000000055
2313.0000000000027
5224.2500000000055
2446.000000000002
5140.5000000000055
2399.000000000002
5264.7500000000055
2559.000000000002
5320.000000000005
2947.000000000002
5697.7500000000055
3048.000000000003
6021.7500000000055
3392.000000000003
6067.500000000006
3695.0000000000027
5992.2500000000055
3023.000000000004
6346.250000000006
2947.000000000004
5887.750000000005
3170.000000000004
5452.5000000000055
3514.000000000003
4760.500000000005
3696.0000000000045
6214.0000000000055
3840.0000000000036
6775.2500000000055
4069.0000000000045
6050.250000000006
3956.0000000000045
6040.750000000007
3996.000000000004
5889.7500000000055
4437.000000000002
7147.000000000007
5016.0000000000055
7037.000000000008
5658.0000000000055
5027.250000000005
6012.0000000000055
4000.2500000000036
6519.000000000006
3572.500000000004
8296.00000000001
4602.500000000005
8539.000000000011
5536.2500000000055
8676.00000000001
5101.0000000000055
8797.000000000007
5142.7500000000055
8843.000000000011
5286.750000000005
8863.00000000001
5531.0000000000055
8383.000000000007
5662.500000000006
8456.00000000001
5595.500000000006
8213.000000000005
5419.500000000005
7899.000000000007
5119.2500000000055
7585.000000000008
5107.7500000000055
8555.00000000001
5192.0000000000055
9348.00000000001
5057.000000000005
9707.000000000011
4712.7500000000055
9194.000000000004
4729.000000000005
9292.000000000007
4592.2500000000055
9234.00000000001
4534.2500000000055
9629.00000000001
4952.750000000005
9451.000000000007
5220.250000000005
9610.00000000001
5367.7500000000055
9582.000000000013
5236.7500000000055
8605.000000000007
4989.500000000005
8320.000000000005
4685.250000000005
8552.000000000007
3930.750000000004
8569.000000000004
3465.7500000000036
8769.00000000001
3538.0000000000036
8959.00000000001
3246.000000000003
8975.000000000005
3249.2500000000027
8980.000000000007
3524.7500000000036
8918.000000000007
3758.750000000004
7682.000000000007
4167.500000000005
5479.0000000000055
4329.000000000005
5944.000000000007
4280.750000000004
5370.0000000000055
4385.500000000005
4880.000000000003
4368.000000000004
4797.0000000000055
4044.7500000000036
4332.000000000003
3738.5000000000036
3930.000000000004
3640.750000000003
3939.0000000000036
3892.7500000000036
3953.000000000004
3887.0000000000045
3527.000000000004
3695.250000000003
3635.0000000000045
3443.2500000000036
3994.0000000000045
3179.000000000003
4547.000000000004
3069.5000000000027
4616.0000000000055
2923.750000000003
4474.000000000004
2963.7500000000027
4315.0000000000055
3259.7500000000027
4377.000000000003