4236.750000000004
6558.000000000006
4360.500000000005
6391.000000000007
4482.250000000004
6454.000000000007
4427.750000000004
6489.000000000006
4416.500000000004
6451.000000000006
4473.750000000005
6422.000000000003
4314.750000000005
6287.000000000006
4113.750000000004
6169.000000000006
4069.2500000000045
6149.0000000000055
4245.250000000005
6219.000000000005
4436.250000000004
6098.000000000005
4614.750000000005
6114.000000000006
4798.000000000004
6164.0000000000055
4860.000000000005
6226.000000000006
5017.0000000000055
6080.0000000000055
5172.500000000005
5976.000000000005
5242.250000000007
5843.0000000000055
5330.500000000005
5788.0000000000055
5494.0000000000055
5854.000000000005
5559.000000000005
5893.000000000006
5650.500000000007
5781.000000000006
5706.0000000000055
5631.000000000007
5687.000000000005
5583.0000000000055
5775.7500000000055
5795.000000000006
5881.2500000000055
5891.000000000005
5914.000000000005
5827.000000000003
5926.750000000005
5942.000000000007
5891.2500000000055
5702.0000000000055
6019.0000000000055
5483.0000000000055
6143.750000000007
5372.000000000006
5955.5000000000055
5298.0000000000055
5892.000000000005
5100.0000000000055
6104.500000000006
4920.000000000004
6191.250000000006
4917.0000000000055
6124.250000000006
4774.0000000000055
6959.250000000007
4566.000000000004
7232.500000000006
4526.0000000000055
6310.500000000006
4622.000000000005
5479.5000000000055
3932.0000000000045
7727.750000000008
3566.0000000000036
9584.750000000013
4199.000000000003
9322.000000000007
4190.000000000005
9329.000000000007
3783.0000000000036
9485.75000000001
3478.0000000000027
8807.75000000001
2802.000000000003
7752.25000000001
3000.000000000002
8109.000000000007
2996.0000000000036
9040.50000000001
3006.0000000000027
10089.500000000011
3119.0000000000027
10616.250000000013
3301.000000000002
11041.750000000011
3408.000000000004
11274.500000000013
3296.0000000000023
10716.750000000011
2991.000000000004
10540.50000000001
2620.000000000002
10160.50000000001
2496.0000000000023
9749.250000000011
2640.0000000000027
9559.500000000011
2743.0000000000027
9138.000000000011
2708.0000000000023
8399.750000000007
2850.000000000003
7599.750000000008
3085.0000000000036
7075.250000000007
2892.000000000003
6370.2500000000055
1920.000000000002
6424.500000000006
1585.0000000000018
6477.500000000006
1676.0000000000018
6178.250000000006
1505.0000000000018
5906.250000000006
872.000000000001
5802.000000000006
576.0000000000005
4930.7500000000055
580.0000000000003
4280.250000000004
598.0000000000008
4147.500000000004
604.0000000000005
4535.750000000005
545.0000000000005
4987.750000000005
533.0000000000005
5266.2500000000055
561.0000000000003
5119.250000000005
552.0000000000007
4548.250000000005
590.0000000000003
4572.750000000005
622.0000000000007
4610.000000000004
590.0000000000006
4885.7500000000055
507.0000000000005
5302.7500000000055
471.0000000000005
5310.000000000005
408.00000000000045
5344.7500000000055
296.00000000000034
6136.2500000000055
256.00000000000017
7554.000000000008
216.00000000000023
8343.250000000007
146.0000000000001
8818.50000000001
112.00000000000004
8848.000000000011
102.00000000000011
8748.500000000011
78.00000000000009
8674.25000000001
66.00000000000007
8599.250000000007
71.00000000000007
8461.75000000001
90.00000000000007