6705.0000000000055
4948.000000000005
11298.750000000011
7884.000000000007
13056.750000000013
9191.000000000011
12783.000000000011
9844.000000000005
13328.000000000013
10098.00000000001
13855.500000000011
10499.00000000001
14130.500000000015
10987.000000000011
14532.000000000013
10750.000000000013
14797.000000000016
10255.00000000001
14866.750000000011
9984.000000000011
14890.750000000016
10072.00000000001
14859.750000000016
9936.000000000005
14941.250000000013
9672.000000000007
13893.250000000013
9767.00000000001
11717.250000000013
10673.00000000001
10949.250000000013
11412.00000000001
11553.750000000013
10676.000000000011
10862.500000000013
10955.00000000001
10697.750000000011
11592.000000000013
9955.00000000001
10896.000000000013
8621.500000000007
10337.000000000011
7479.250000000007
10785.000000000013
6252.500000000008
11673.000000000011
6206.2500000000055
12342.000000000011
8077.000000000007
11462.000000000013
7023.0000000000055
10445.00000000001
5279.7500000000055
9512.000000000007
4800.750000000004
10323.00000000001
5295.5000000000055
10032.00000000001
6131.250000000006
10133.00000000001
6922.500000000006
9589.000000000007
8187.500000000008
8608.00000000001
8880.000000000007
5967.000000000007
7845.0000000000055
5856.000000000004
5911.250000000007
5953.000000000005
6179.000000000007
5924.000000000007
6522.000000000007
5568.000000000005
6300.750000000006
5362.000000000006
6958.250000000007
7980.000000000008
8117.000000000008
9469.00000000001
8359.00000000001
10254.00000000001
9061.000000000007
7118.000000000005
8808.75000000001
4917.000000000005
8237.50000000001
4594.000000000005
6769.750000000007
5196.000000000005
5184.000000000005
5202.000000000006
5260.250000000005
5709.0000000000055
7441.750000000007
5890.0000000000055
8985.50000000001
8351.000000000005
9029.750000000011
11045.000000000013
10196.75000000001
11406.000000000011
11064.000000000011
11720.000000000015
10929.500000000013
10151.000000000011
11023.000000000011
10172.000000000011
11170.500000000011
9965.00000000001
11295.750000000011
10131.000000000013
11493.500000000011
10753.000000000011
11837.500000000013
10831.000000000011
12100.750000000013
11796.000000000011
12289.000000000013
12516.00000000001
12213.500000000015
13134.000000000011
12066.500000000013
13476.000000000015
12300.500000000013
13744.000000000011
12390.000000000015
13930.000000000015
12325.500000000013
13568.000000000015
12116.00000000001
13981.000000000007
11921.250000000011
15164.000000000018
11832.750000000011
15721.000000000016
11788.75000000001
16451.000000000015
11979.000000000013
16829.000000000015
12372.250000000011
16657.00000000001
12778.500000000013
15946.000000000013
13153.750000000013
14927.000000000016
13202.250000000015
14331.000000000016
13187.500000000011
13730.000000000011
13456.750000000011
13146.000000000013
13883.500000000016
12361.00000000001
14245.500000000015
11117.00000000001
14803.500000000015
10281.000000000011
15485.750000000016
10708.000000000013
15748.500000000015
11877.000000000013
15533.750000000013
11792.000000000015
15190.250000000016
11699.000000000013
15084.250000000013
12675.000000000015
15232.000000000016
13142.000000000015
15415.750000000015
13556.000000000007
15504.000000000016
14282.00000000001
15255.250000000016
14484.000000000007
10666.250000000013
10741.00000000001
5211.750000000006
5492.000000000005