13389.000000000016
11517.000000000013
13211.500000000013
11693.00000000001
12731.750000000011
13514.000000000015
12401.750000000015
14485.000000000016
12354.500000000013
14046.000000000016
12670.750000000013
13934.000000000015
12777.750000000015
14352.000000000016
13362.750000000015
14375.000000000015
13558.250000000013
13843.000000000016
13290.250000000015
13069.000000000013
13085.750000000015
13126.000000000015
13059.250000000013
13282.000000000007
12843.750000000013
13189.000000000016
12521.500000000013
12998.000000000011
12383.750000000011
12691.000000000016
12416.500000000013
12323.000000000011
11771.50000000001
12305.000000000007
10830.750000000011
13285.000000000016
11255.250000000013
13994.000000000013
12444.000000000011
14760.000000000018
13046.000000000015
15490.000000000016
13348.000000000011
16310.000000000018
13549.500000000013
16918.00000000001
14660.250000000015
16901.00000000001
15984.250000000016
16720.00000000001
16814.75000000002
16801.000000000015
18673.500000000022
15702.000000000016
18343.750000000022
13838.000000000015
18032.50000000002
12644.000000000013
18071.750000000015
11536.000000000011
16251.500000000016
11695.000000000007
15907.000000000015
11182.000000000013
15399.000000000016
11111.000000000011
16302.750000000018
12191.000000000011
17004.00000000002
13225.000000000015
15931.000000000018
14291.000000000015
14838.500000000015
15318.00000000001
14503.250000000016
15456.000000000018
13937.750000000015
15374.000000000015
13717.250000000015
15043.000000000018
15257.000000000018
14799.000000000018
14909.500000000015
14483.000000000016
13269.250000000013
15132.000000000015
11685.750000000015
15877.000000000016
10427.750000000011
17144.00000000001
10059.25000000001
17945.000000000022
11023.00000000001
18033.000000000015
12056.000000000015
18601.00000000002
12641.500000000013
19043.000000000022
13080.750000000013
19583.00000000001
12242.000000000013
19870.00000000002
12091.750000000013
19570.000000000022
12400.000000000011
18979.000000000015
12790.750000000013
17332.000000000015
12749.000000000011
16216.000000000018
12531.000000000013
16210.000000000016
12413.500000000015
16870.00000000001
12451.500000000013
16442.00000000001
12134.750000000013
16006.000000000018
12398.500000000015
13662.000000000007
13102.250000000013
6332.0000000000055
13414.500000000011
5155.0000000000055
13027.500000000013
5110.0000000000055
12436.750000000013
6996.000000000005
12415.250000000013
7806.000000000008
11774.250000000011
7880.000000000007
10547.250000000011
7785.000000000009
10380.500000000011
7831.000000000007
10842.500000000013
8904.00000000001
11581.250000000013
10739.000000000011
11802.500000000011
12001.000000000016
11981.750000000011
13702.000000000015
12208.500000000013
15118.000000000018
12076.750000000011
14710.000000000015
11938.500000000011
15656.000000000016
12095.000000000013
15857.000000000018
12010.750000000013
13769.000000000007
11549.250000000013
12975.000000000016
11210.25000000001
14636.000000000018
10880.250000000011
16021.000000000013
10671.500000000011
16324.000000000015
10448.250000000013
17031.000000000015
10329.50000000001
17828.00000000001
10134.75000000001
18340.000000000015
10354.00000000001
18877.00000000002
10389.500000000013
19009.000000000015
10400.75000000001
19000.00000000002
11157.50000000001
18990.000000000022
11877.000000000013
18884.000000000022
12099.000000000011
19044.000000000025