2958.0000000000027
1423.0000000000014
2840.2500000000027
1339.0000000000011
2794.7500000000027
1199.0000000000011
2795.2500000000027
1184.0000000000014
2855.0000000000027
1563.000000000001
2957.250000000003
2349.0000000000027
3030.750000000003
3287.0000000000036
3076.5000000000027
4291.000000000004
3093.2500000000027
5083.0000000000055
3091.250000000003
5735.000000000006
3090.250000000003
6265.000000000005
3127.5000000000027
6648.000000000008
3108.2500000000036
7030.000000000006
3021.500000000003
6977.000000000006
2896.750000000003
6677.000000000006
2851.2500000000027
6607.000000000008
2949.0000000000023
6474.000000000006
3182.750000000003
6075.000000000005
3398.7500000000036
5261.0000000000055
3502.000000000003
4413.000000000004
4099.000000000005
3905.000000000004
4900.750000000005
3396.0000000000036
5264.250000000005
3482.0000000000027
4820.500000000005
4088.0000000000045
5594.500000000006
4802.000000000004
6090.500000000006
5509.0000000000055
6540.2500000000055
6042.0000000000055
7129.250000000006
6049.0000000000055
6385.7500000000055
5667.000000000006
6113.750000000007
5359.0000000000055
6438.000000000007
5227.000000000006
7088.250000000007
5573.000000000006
8108.000000000009
6176.000000000004
7848.500000000007
7146.000000000007
7463.500000000008
7621.000000000005
7424.750000000008
7962.000000000008
9155.750000000007
8224.000000000007
7995.250000000007
8150.000000000008
7648.750000000009
8408.000000000007
7388.500000000007
7860.000000000008
7460.250000000006
7011.000000000007
8323.500000000007
6596.000000000006
9150.750000000007
6110.0000000000055
8747.250000000007
5571.000000000006
8115.7500000000055
5159.0000000000055
7699.750000000007
4656.0000000000055
7271.250000000007
4112.000000000004
7914.250000000007
3480.000000000004
8922.00000000001
2639.000000000002
9377.500000000011
2221.0000000000014
8453.250000000007
2083.000000000002
7918.250000000009
2188.0000000000023
7745.000000000008
2506.000000000003
7090.500000000006
2756.000000000003
6583.250000000008
2886.0000000000027
6546.750000000008
2915.0000000000023
6417.2500000000055
2791.0000000000027
6055.250000000006
2635.0000000000027
5888.250000000006
2464.000000000001
6053.5000000000055
2284.0000000000014
6322.750000000006
2366.0000000000027
5924.500000000006
2447.0000000000023
5595.2500000000055
2386.000000000003
5167.0000000000055
2203.000000000002
4846.000000000005
1955.000000000002
4813.5000000000055
1728.0000000000018
4947.250000000005
1516.0000000000014
4716.000000000005
1409.0000000000016
4242.250000000005
1468.0000000000016
4521.000000000005
1500.000000000001
3903.750000000004
1531.0000000000016
3526.7500000000036
1565.0000000000016
3135.2500000000027
1617.0000000000014
3031.7500000000027
1652.0000000000011
2787.2500000000027
1621.0000000000014
2341.2500000000023
1586.0000000000016
2358.5000000000027
1510.0000000000016
2590.7500000000023
1480.0000000000014
3256.000000000003
1439.0000000000011
4603.000000000005
1383.0000000000016
6097.500000000005
1355.0000000000014
7097.250000000007
1399.0000000000014
7797.250000000007
1502.000000000001
8425.50000000001
1716.0000000000018
8937.25000000001
1966.0000000000018
9315.750000000011
2209.0000000000023
9717.25000000001
2390.0000000000027
9074.00000000001
2530.0000000000027
7937.750000000009
2572.0000000000027
7617.000000000008
2629.000000000003