8761.500000000007
15929.000000000018
8408.50000000001
14044.000000000013
7888.000000000006
12065.000000000013
8322.25000000001
11755.000000000013
8743.500000000007
12016.000000000007
8508.25000000001
10933.000000000011
8466.50000000001
10374.000000000013
8414.00000000001
10252.000000000013
8374.00000000001
9239.000000000011
8302.000000000007
11204.000000000011
8126.500000000009
12933.000000000013
8357.00000000001
13591.000000000011
8445.500000000007
13191.000000000013
7897.250000000007
12042.00000000001
7458.250000000007
12133.00000000001
6871.000000000007
13003.00000000001
7258.000000000009
13073.000000000011
7542.000000000008
13214.000000000015
7371.750000000008
12817.000000000016
7050.2500000000055
12053.000000000011
6918.000000000007
12029.000000000013
7011.000000000006
12897.000000000015
7092.750000000009
12664.000000000011
6817.000000000006
12277.000000000007
6386.750000000006
12554.000000000015
5694.2500000000055
12520.000000000007
5114.7500000000055
11861.00000000001
4497.000000000005
11740.000000000013
4788.000000000005
11617.00000000001
4585.250000000005
12056.000000000015
4537.000000000005
12664.000000000011
4684.0000000000055
12548.000000000011
4473.7500000000055
11614.000000000015
4579.7500000000055
11230.000000000013
4794.0000000000055
11569.000000000011
4766.000000000005
11762.000000000015
4350.750000000005
11969.000000000013
4089.2500000000045
11625.000000000005
4237.500000000004
12413.000000000007
5648.000000000006
12680.000000000013
6579.000000000008
12677.000000000011
7321.500000000007
11311.000000000013
7299.7500000000055
9345.000000000007
6247.7500000000055
8324.000000000007
5692.2500000000055
7863.000000000008
5378.7500000000055
8318.00000000001
5072.0000000000055
9023.000000000011
5036.7500000000055
9217.000000000011
5005.250000000005
10627.000000000011
4726.750000000005
10043.000000000011
5421.2500000000055
8459.000000000005
9065.25000000001
8631.00000000001
10728.500000000011
9009.000000000007
12338.000000000013
8826.000000000007
12180.000000000013
9334.000000000005
9330.750000000007
10149.000000000005
7804.250000000008
10285.00000000001
7875.000000000008
10078.000000000011
7815.500000000008
9625.000000000011
7734.000000000009
9946.000000000013
7963.250000000009
9401.00000000001
8168.000000000009
8838.000000000005
10009.000000000011
8610.000000000005
11685.000000000015
8561.000000000007
11269.500000000011
7066.000000000007
9689.500000000011
6223.000000000006
9242.75000000001
7134.000000000006
9162.00000000001
7059.000000000006
9082.250000000007
7107.000000000007
8641.000000000005
7117.000000000006
8953.25000000001
7026.000000000009
8970.00000000001
7262.000000000007
9135.00000000001
7454.000000000007
8993.75000000001
6993.000000000007
8462.000000000007
7132.000000000006
8360.00000000001
7540.000000000008
7768.500000000008
7856.00000000001
7564.750000000006
8539.000000000011
7488.000000000008
9215.000000000007
7473.250000000006
9642.000000000007
7229.500000000007
10707.000000000011
7025.750000000006
10650.000000000013
7122.000000000007
9161.000000000007
7724.750000000007
8269.000000000011
8182.750000000006
7109.000000000007
8452.50000000001
5784.000000000006
8889.250000000011
5582.0000000000055
9105.000000000005
6515.000000000007
9125.75000000001
7512.0000000000055
8990.750000000007
8331.000000000007