12625.000000000011
10860.000000000011
11616.750000000013
8788.000000000007
10725.500000000011
7372.000000000008
10660.75000000001
6631.000000000005
11162.000000000011
6253.000000000006
11127.750000000011
7928.000000000008
10858.250000000011
9573.000000000007
11479.500000000011
8623.00000000001
11537.000000000011
8828.000000000011
12559.500000000013
9351.000000000011
12550.750000000011
9667.000000000011
12383.000000000011
10795.00000000001
11726.500000000015
11439.00000000001
11774.750000000011
11623.000000000013
11990.250000000011
12750.000000000013
12091.500000000011
13220.000000000016
12008.000000000011
13611.00000000001
12267.750000000013
13146.000000000013
12540.000000000015
13220.000000000016
12032.250000000013
13078.00000000001
11629.00000000001
12682.00000000001
11256.000000000013
12934.000000000015
10721.000000000011
13009.000000000013
10866.25000000001
13027.000000000016
11122.000000000011
11241.000000000011
11855.250000000011
10430.00000000001
12307.000000000011
11455.000000000013
13285.500000000013
11807.000000000005
14123.750000000013
11594.000000000015
14345.750000000013
10869.000000000011
14535.750000000015
9670.000000000011
13304.000000000013
9009.000000000007
11748.750000000013
8634.000000000011
11265.750000000011
9096.00000000001
11425.750000000011
9655.000000000011
13786.500000000015
8286.000000000007
15573.500000000013
9935.00000000001
15267.500000000016
12572.000000000011
13245.500000000013
11428.000000000013
11355.250000000011
11221.000000000013
10046.500000000011
12615.000000000015
10963.000000000011
13186.00000000001
12106.500000000011
12817.000000000016
10113.250000000011
14004.000000000011
8864.00000000001
13921.000000000007
7661.500000000008
14387.000000000015
7898.750000000007
13668.000000000011
10025.750000000011
13611.000000000018
10828.000000000011
14365.000000000013
9123.000000000007
16486.00000000002
8706.250000000007
18996.000000000022
8600.750000000007
16697.00000000002
8373.00000000001
14423.000000000016
8907.25000000001
13970.000000000015
9219.500000000011
11009.000000000015
9968.75000000001
12791.000000000013
10745.00000000001
15788.000000000015
10866.250000000011
17405.00000000001
11492.500000000013
15640.000000000016
13005.750000000013
15741.000000000015
13932.000000000015
21950.000000000025
14377.000000000016
23804.000000000022
12828.250000000013
20985.000000000022
12870.000000000013
19919.000000000022
12031.000000000013
16890.000000000015
10444.750000000011
17629.00000000002
10033.25000000001
18078.000000000022
10420.000000000013
20300.000000000022
10901.50000000001
22449.000000000022
11186.25000000001
20879.000000000022
10543.00000000001
18450.000000000022
10377.250000000011
18015.000000000022
10688.750000000011
18415.000000000015
10941.000000000011
20430.000000000022
11677.750000000011
21607.000000000022
11819.500000000015
20455.000000000022
10966.000000000011
18226.00000000001
10410.75000000001
15587.000000000016
10701.000000000011
14043.000000000016
10768.750000000011
14231.000000000015
10553.000000000011
14578.000000000013
9811.250000000011
14807.000000000018
8270.000000000007
13498.000000000015
7880.000000000007
14655.000000000016
8695.75000000001
17202.00000000002
9405.75000000001
19187.000000000022
9349.500000000007
19987.000000000022
9688.250000000011
21012.00000000002
10028.25000000001
18592.00000000001
9909.500000000011
17475.00000000002