12381.250000000013
22072.000000000025
12271.000000000013
21604.00000000002
12147.500000000013
21259.00000000003
12247.000000000013
21214.000000000022
12457.500000000011
21751.000000000022
12650.500000000013
22332.000000000025
12566.250000000013
22951.000000000022
12023.000000000015
23401.00000000002
11375.250000000013
23486.000000000015
10773.750000000013
22885.000000000022
10351.50000000001
21827.000000000022
10176.250000000011
20696.000000000022
10231.50000000001
19862.000000000015
10328.250000000011
19206.000000000015
10461.500000000011
18733.000000000022
10225.500000000011
18473.000000000022
10183.75000000001
18386.000000000015
10056.000000000011
18580.000000000022
9475.000000000011
18776.00000000001
8951.500000000011
18798.000000000022
8809.500000000011
18832.00000000002
8916.75000000001
19096.000000000022
9561.500000000011
19838.00000000002
10998.250000000011
20749.000000000022
12609.750000000013
21237.000000000022
12620.000000000013
21193.000000000025
12174.750000000013
20828.00000000002
12743.750000000013
20033.000000000025
12880.250000000011
19108.00000000002
11632.500000000011
18446.000000000015
10398.500000000011
17622.000000000015
10452.500000000011
16775.00000000002
10649.750000000011
16191.000000000016
12039.500000000013
15814.000000000016
12992.500000000013
15671.000000000016
11868.250000000013
15447.000000000018
9978.250000000013
15033.000000000016
8419.500000000007
14867.000000000013
7431.000000000007
14977.000000000016
6958.000000000006
14845.000000000015
6440.2500000000055
14655.000000000016
7753.000000000008
14423.000000000016
8627.00000000001
14398.000000000015
8154.000000000007
14527.000000000015
7400.500000000006
14660.000000000016
6793.250000000006
14843.000000000015
6066.7500000000055
14957.000000000018
5839.750000000007
14915.000000000016
5939.750000000005
14406.000000000015
6709.750000000007
14312.00000000001
7244.500000000007
15585.000000000016
7801.500000000007
15408.000000000018
8062.250000000007
14299.000000000015
7973.500000000009
13183.000000000015
7034.750000000007
12244.000000000016
6532.000000000006
11503.000000000013
6720.750000000006
10968.000000000013
6639.500000000006
10428.000000000011
6252.250000000007
9627.000000000007
5849.500000000006
8708.00000000001
5807.500000000006
8116.000000000007
5692.500000000006
8064.000000000008
5558.000000000006
8213.000000000005
5614.250000000006
8434.000000000005
5909.750000000005
8657.000000000005
5929.500000000006
8698.000000000007
6429.250000000006
8927.00000000001
7396.500000000008
9428.000000000007
8555.25000000001
9918.000000000013
8762.75000000001
10361.00000000001
9218.75000000001
10882.000000000011
9693.000000000011
11267.000000000011
9942.50000000001
11224.000000000013
9709.500000000011
10747.000000000011
8653.00000000001
10283.000000000013
7560.750000000007
10243.000000000011
7173.250000000008
10379.00000000001
7176.000000000007
10620.00000000001
7289.750000000007
10517.000000000011
7247.500000000007
9826.000000000013
7412.500000000008
9290.000000000011
7639.500000000008
9256.00000000001
7717.750000000008
9061.000000000011
7823.500000000008
8846.000000000005
7761.500000000008
8797.000000000007
7888.250000000007
8971.000000000007
8121.250000000008
9550.000000000007
7899.500000000007
9828.00000000001
8086.750000000008
10012.000000000011
8374.25000000001
9984.000000000013