4752.750000000005
661.0000000000007
5155.750000000005
666.0000000000007
5367.5000000000055
641.0000000000003
5649.000000000006
640.0000000000007
5793.000000000006
616.0000000000007
6026.5000000000055
592.0000000000006
6208.750000000006
573.0000000000006
6260.500000000006
546.0000000000005
6455.750000000007
564.0000000000005
6823.250000000007
572.0000000000007
7133.250000000008
574.0000000000005
7261.500000000007
597.0000000000008
7021.250000000007
627.0000000000006
6457.500000000008
644.0000000000007
6081.250000000006
676.0000000000006
6049.000000000007
685.0000000000007
6195.2500000000055
706.0000000000008
6415.500000000007
765.0000000000006
6876.750000000007
943.0000000000011
7329.750000000008
1184.0000000000014
7629.000000000007
1942.000000000002
7571.250000000007
2778.000000000002
7447.750000000007
3123.000000000003
7664.500000000007
3189.000000000003
8097.250000000007
3099.0000000000036
8138.500000000007
3248.000000000004
7867.750000000007
4586.000000000005
7626.500000000008
5989.0000000000055
7681.000000000009
7101.0000000000055
8016.250000000008
8407.000000000007
8224.50000000001
9342.000000000005
8216.500000000007
9785.000000000011
8434.50000000001
9436.000000000007
8493.00000000001
8438.000000000007
8358.750000000007
7518.000000000007
7870.250000000006
6701.000000000008
6897.000000000007
6323.000000000003
6797.750000000006
5658.0000000000055
6634.000000000008
4920.000000000004
6677.250000000007
4841.0000000000055
7249.000000000009
5302.000000000006
7177.250000000006
6136.000000000005
7874.500000000009
6588.000000000006
6644.750000000006
6741.000000000007
5810.000000000006
6841.000000000008
5641.7500000000055
7136.000000000009
5516.7500000000055
7565.000000000008
5451.000000000006
7593.000000000006
5649.500000000006
7108.0000000000055
6558.250000000006
6185.000000000006
7409.750000000007
5175.000000000006
8016.500000000007
4149.000000000003
8584.500000000011
3811.0000000000045
9016.750000000007
4118.000000000003
8483.000000000007
4148.000000000005
7829.000000000008
5168.0000000000055
7262.000000000007
7059.000000000009
6531.500000000007
8302.000000000007
6685.7500000000055
8964.000000000007
7054.750000000006
8629.000000000007
6887.0000000000055
7683.000000000008
6458.0000000000055
7355.000000000007
6484.2500000000055
7613.000000000007
6989.500000000007
8062.000000000009
7145.000000000007
7954.000000000007
7028.500000000006
7902.000000000007
6848.000000000007
8447.000000000007
6958.000000000007
7990.000000000009
6543.000000000007
7146.000000000008
5581.2500000000055
6903.0000000000055
5526.500000000006
6346.0000000000055
5492.250000000006
5421.000000000003
5980.2500000000055
4781.000000000003
6194.2500000000055
4947.0000000000055
6050.750000000006
5763.0000000000055
5746.7500000000055
6369.0000000000055
5890.500000000006
6012.0000000000055
6260.5000000000055
5683.000000000005
6084.000000000006
6107.000000000008
6055.250000000007
6170.000000000007
6277.0000000000055
6052.000000000005
6871.000000000007
6054.000000000008
6996.250000000007
6258.000000000005
7253.250000000008
6470.000000000007
7169.000000000007
6653.000000000005
6524.500000000007
6642.000000000008
5383.0000000000055
6302.000000000007
4454.0000000000055
6044.000000000005
4016.2500000000036
5645.0000000000055
3715.7500000000036
5581.000000000005