32640.000000000033
32640.000000000033
32131.00000000004
32187.000000000033
9384.250000000007
12786.000000000015
4221.750000000005
8261.000000000005
4591.2500000000055
8743.000000000007
4618.500000000005
8523.000000000007
4689.750000000005
8113.000000000008
4703.250000000005
7681.000000000007
4640.750000000004
7371.000000000008
4553.7500000000055
7158.000000000008
4457.750000000005
7141.000000000005
4368.000000000005
7337.0000000000055
4307.000000000005
7511.000000000008
4284.500000000005
7664.000000000007
4299.500000000005
7816.000000000008
4414.750000000005
7967.000000000008
4683.0000000000055
8226.000000000007
5178.5000000000055
8614.000000000007
5842.250000000006
9128.000000000005
6454.500000000006
9674.00000000001
6989.7500000000055
10213.000000000007
7525.750000000009
10719.00000000001
7935.000000000008
11163.000000000011
8217.500000000007
11455.000000000013
8368.25000000001
11551.000000000011
8342.25000000001
11471.000000000013
8113.500000000008
11421.000000000011
7798.750000000009
11626.000000000011
7461.250000000009
11882.000000000013
7202.500000000007
11924.000000000007
7117.750000000008
11846.00000000001
7204.250000000007
11756.000000000007
8261.500000000007
11645.00000000001
9142.75000000001
11603.000000000013
8803.00000000001
11533.000000000013
8279.500000000007
10801.000000000013
7560.500000000007
10051.000000000011
8005.750000000007
10785.000000000011
9676.500000000011
10070.000000000013
9233.250000000011
9058.00000000001
8778.500000000007
7818.000000000007
8843.00000000001
7410.000000000004
9738.75000000001
7563.000000000006
11049.000000000011
7807.000000000008
11736.750000000013
6817.000000000006
12416.250000000013
6046.000000000008
11649.750000000011
5832.000000000006
10241.750000000013
7079.000000000007
8772.50000000001
8429.000000000011
8036.000000000007
8562.00000000001
7523.500000000006
7389.000000000008
7648.000000000008
7413.0000000000055
7587.250000000006
7641.000000000008
7385.750000000008
6836.000000000005
7026.750000000007
6208.000000000007
6646.000000000007
5773.000000000006
5425.250000000006
5417.0000000000055
5341.5000000000055
5227.0000000000055
5693.250000000005
5258.0000000000055
5796.250000000005
5458.0000000000055
4930.5000000000055
5791.0000000000055
4555.500000000005
6127.000000000006
5141.7500000000055
6378.000000000007
6443.750000000006
6654.000000000005
7207.000000000008
6851.000000000007
7748.000000000007
7003.000000000008
8712.500000000007
7148.000000000007
9506.00000000001
7338.000000000007
9789.750000000011
7702.00000000001
10072.500000000011
8177.000000000009
10224.000000000011
8756.000000000005
9881.00000000001
9337.000000000007
9338.250000000011
9822.000000000011
9636.75000000001
9963.00000000001
10315.75000000001
9734.000000000013
10120.500000000011
9301.000000000004
8634.25000000001
8728.000000000004
8469.000000000007
8097.000000000008
8802.25000000001
7468.000000000009
9240.750000000011
6976.000000000004
9089.00000000001
6548.000000000007
9120.00000000001
6261.000000000006
9037.75000000001
6093.000000000006
9171.00000000001
6082.000000000005
9897.750000000011
6174.000000000005
9725.25000000001
6345.000000000006
8382.00000000001
6191.000000000004
15941.500000000018
14167.000000000013
32640.000000000033
28316.00000000003
32640.000000000033
29040.000000000033