11879.750000000015
12756.000000000015
12246.250000000013
12034.000000000013
12423.250000000011
10762.00000000001
12555.250000000013
10069.000000000013
12694.000000000011
9706.00000000001
12865.750000000013
9576.00000000001
13111.750000000013
9518.00000000001
13235.000000000013
9330.000000000007
13489.750000000013
9301.000000000011
13412.750000000013
9426.000000000005
13236.750000000015
9675.00000000001
12994.500000000015
10178.00000000001
12652.250000000015
10634.000000000013
12277.250000000015
10974.000000000013
12119.000000000013
11097.000000000013
12219.750000000013
11020.000000000011
12253.500000000013
10978.00000000001
12434.750000000013
10726.000000000013
12524.750000000015
10161.000000000013
12612.750000000015
9805.00000000001
12723.500000000013
9512.000000000007
13059.750000000013
9026.00000000001
13363.500000000013
8184.000000000007
13517.500000000013
7504.000000000007
13620.250000000013
7662.000000000006
13657.000000000015
8120.000000000008
13761.250000000016
8605.000000000007
13463.250000000015
8883.00000000001
13342.000000000016
9199.000000000011
13321.500000000013
9635.000000000011
13213.750000000015
9966.000000000005
13574.000000000015
10098.000000000011
13707.750000000015
9914.000000000011
13533.750000000015
9705.000000000013
13210.000000000015
9671.000000000011
12758.750000000016
9660.00000000001
12350.750000000013
9814.000000000005
12291.750000000011
9664.000000000007
11654.250000000013
9289.000000000011
10432.500000000011
8772.000000000011
9206.25000000001
8137.000000000008
9297.75000000001
6371.000000000005
10087.00000000001
5006.000000000003
9488.750000000011
4869.0000000000055
9755.00000000001
7115.000000000008
9518.750000000011
8626.000000000005
9335.75000000001
7340.000000000007
10051.250000000013
6705.0000000000055
11124.250000000011
6142.000000000007
11627.000000000011
6202.0000000000055
11564.500000000013
7639.000000000009
11351.500000000011
9755.000000000011
10928.250000000011
11905.00000000001
10838.500000000011
12403.000000000011
10932.250000000013
12096.000000000013
10095.25000000001
11531.000000000013
9770.75000000001
10811.000000000011
9753.00000000001
10221.000000000007
9264.500000000007
9215.000000000007
8192.25000000001
10124.000000000013
7707.000000000008
11794.000000000005
7738.000000000008
12931.000000000016
7955.250000000006
13594.000000000015
8464.25000000001
14512.000000000015
7443.750000000008
14733.000000000016
7635.500000000007
14187.000000000016
8423.75000000001
14210.000000000007
8424.000000000007
14513.000000000015
8702.25000000001
14913.000000000013
9228.000000000007
14128.000000000015
9229.000000000007
12956.00000000001
9035.00000000001
11138.00000000001
9148.250000000007
9024.000000000007
9188.000000000011
8745.000000000011
9056.750000000007
10001.000000000011
9326.75000000001
10007.000000000007
9690.75000000001
9068.000000000005
10027.75000000001
8697.000000000007
10339.000000000011
8977.000000000011
10565.250000000011
9428.000000000007
10868.500000000011
10190.000000000007
11182.750000000011
10629.000000000011
11323.750000000013
11189.000000000011
11379.750000000011
11614.000000000015
11116.75000000001
12104.00000000001
11164.000000000011
12604.000000000015
11173.750000000013
13261.00000000001
10931.500000000011
13680.000000000016
10873.500000000011
13677.000000000016
10750.000000000011
13649.000000000013