16155.750000000016
19504.00000000002
16003.000000000015
19500.00000000002
15899.500000000016
19524.000000000022
15831.750000000013
18305.000000000022
15742.750000000018
12343.000000000011
15657.750000000015
9273.000000000011
15556.500000000016
9779.000000000007
15451.250000000015
10549.000000000011
14926.000000000016
10384.00000000001
14014.500000000013
8520.000000000005
13599.500000000015
7765.00000000001
13450.500000000013
8274.000000000005
13111.000000000015
8711.000000000011
12434.500000000011
8626.000000000005
11983.250000000013
8960.000000000005
11729.250000000013
9632.000000000011
11925.500000000013
9025.000000000007
13249.750000000015
7542.000000000008
14232.000000000016
7919.000000000009
13796.250000000015
9839.000000000011
13200.500000000011
14373.000000000018
13401.250000000015
15436.000000000015
12209.750000000011
11021.000000000013
12138.25000000001
10191.000000000013
13080.000000000011
10844.000000000011
12987.500000000015
11404.000000000011
12384.750000000011
12076.000000000007
12521.250000000013
12658.000000000013
13620.000000000011
13273.000000000011
16175.250000000018
14092.000000000015
17727.00000000002
14736.000000000015
17533.75000000002
14965.000000000016
16367.000000000018
14907.00000000001
15745.000000000015
15003.000000000016
14227.500000000015
15053.000000000015
13507.000000000015
15021.000000000018
12982.000000000016
14859.000000000018
11895.50000000001
14618.000000000015
11087.25000000001
14283.000000000015
10647.500000000011
13842.000000000015
12291.000000000013
13312.000000000007
13165.500000000013
12517.000000000013
13099.250000000013
11413.00000000001
12009.750000000013
10402.000000000011
11476.000000000015
9613.000000000011
11000.000000000011
9076.000000000011
11044.500000000013
8702.000000000005
11087.500000000011
8199.000000000005
11329.250000000013
8633.000000000011
11429.750000000013
9009.000000000007
11279.750000000013
9066.00000000001
11471.500000000013
9148.000000000011
10530.750000000011
9465.000000000011
10221.000000000011
9340.00000000001
10880.250000000011
10017.000000000011
12262.500000000013
10026.00000000001
12968.000000000011
9571.000000000011
12326.750000000013
9687.000000000007
11558.250000000011
9885.000000000007
10205.500000000013
10049.00000000001
9645.75000000001
10720.00000000001
9579.25000000001
11417.000000000013
9533.750000000007
11987.000000000007
9658.500000000007
12413.000000000007
9270.50000000001
12788.00000000001
8865.000000000007
13054.000000000013
8717.75000000001
13338.00000000001
8935.00000000001
13474.00000000001
9426.50000000001
13571.000000000016
9528.50000000001
13766.000000000015
9486.250000000011
13794.00000000001
9493.500000000007
13981.000000000007
9506.500000000011
14123.000000000016
9607.50000000001
14313.00000000001
9915.25000000001
14612.000000000016
10286.000000000011
15944.000000000018
10674.25000000001
17535.000000000025
11086.25000000001
17663.00000000001
11493.250000000013
17741.00000000002
11756.000000000013
17631.00000000001
12065.250000000013
17269.000000000022
12553.000000000015
16611.00000000001
12807.750000000011
15856.000000000018
12868.000000000013
14637.000000000016
12832.750000000015
13636.000000000015
12603.750000000013
12455.00000000001
12435.750000000015
11187.000000000013
12203.50000000001
10039.000000000011
11751.000000000013
9099.00000000001
11139.250000000011
8806.00000000001