12234.500000000013
12326.000000000011
12524.000000000011
11870.000000000011
12948.750000000015
11027.000000000011
13349.750000000015
9586.000000000011
13664.750000000011
8659.000000000007
13820.250000000016
8326.00000000001
13583.500000000015
8339.000000000007
13076.750000000013
8856.000000000011
12581.750000000015
9377.000000000011
12305.000000000013
9732.000000000011
12273.500000000015
10028.000000000013
12382.750000000015
10329.000000000013
12351.750000000015
10440.000000000011
12162.500000000011
10174.000000000011
11915.500000000013
9866.00000000001
11706.000000000013
9507.00000000001
11786.500000000011
9285.000000000011
12006.500000000015
9109.000000000007
12092.750000000011
9066.00000000001
12041.250000000015
9056.000000000007
11878.500000000011
9083.000000000005
11699.750000000011
9221.000000000011
11780.250000000011
9362.000000000011
12040.000000000013
9611.000000000007
12295.500000000013
10087.00000000001
12518.250000000015
10714.000000000011
12681.750000000011
11195.000000000015
12718.750000000015
11502.000000000011
12613.000000000016
11737.00000000001
12396.250000000013
11938.000000000015
12088.000000000015
12004.000000000013
11721.250000000011
11965.00000000001
11306.750000000013
11652.000000000007
10862.000000000011
11129.000000000013
10462.25000000001
10440.000000000011
10264.000000000011
9738.000000000005
10106.750000000011
9022.000000000005
9865.00000000001
8284.000000000011
9634.500000000007
7623.000000000009
9473.25000000001
6898.000000000007
9433.00000000001
6156.0000000000055
9542.500000000011
5441.0000000000055
9681.500000000011
4916.000000000004
9812.250000000011
4518.000000000003
9957.25000000001
4429.000000000004
10114.000000000011
4530.000000000003
10303.75000000001
4756.000000000004
10501.500000000011
5155.0000000000055
10755.000000000011
5581.000000000006
11099.250000000011
6143.000000000009
11360.500000000011
6659.0000000000055
11632.750000000011
7130.000000000007
12095.750000000015
7414.000000000008
11894.500000000015
7928.000000000009
12513.000000000013
8535.000000000005
12212.500000000015
8101.000000000007
10937.750000000011
8179.000000000008
12602.500000000013
8333.000000000011
11531.250000000011
8980.000000000007
11218.750000000015
9982.000000000011
13288.500000000016
11055.000000000013
12268.250000000011
11976.000000000005
11665.500000000011
12556.000000000011
12306.250000000013
12822.000000000015
11934.00000000001
12632.000000000011
12229.000000000016
12141.000000000013
12060.750000000011
11349.000000000013
11916.250000000013
10532.00000000001
11669.500000000013
10012.000000000005
11022.500000000013
9738.000000000013
10358.500000000013
9539.000000000005
9496.500000000007
9417.000000000005
9425.25000000001
9563.000000000011
9537.750000000011
10062.000000000011
9322.25000000001
10672.000000000013
8917.250000000011
11188.000000000013
8677.75000000001
11818.000000000007
8770.250000000011
12149.00000000001
9133.750000000011
11893.000000000015
9541.50000000001
11532.000000000013
9845.250000000011
11422.000000000011
10085.50000000001
11505.000000000013
9950.750000000011
11705.000000000015
9744.00000000001
11746.000000000015
9580.250000000007
11731.000000000015
9493.75000000001
11481.000000000013
9403.75000000001
11077.00000000001
9506.75000000001
10705.000000000011
9783.00000000001
10567.000000000011
9939.750000000007
10469.000000000005