15968.750000000015
19873.000000000022
16436.000000000015
18750.000000000015
16846.25000000002
17870.00000000002
16849.75000000002
17442.000000000015
16462.250000000015
17093.00000000002
16101.500000000015
16825.00000000001
16143.750000000018
16521.00000000001
16172.000000000015
16429.00000000001
16515.00000000002
16816.000000000015
16737.25000000002
17308.00000000002
16793.750000000015
17504.000000000022
16863.500000000022
17285.000000000022
17491.00000000002
16702.00000000001
18074.75000000002
15931.000000000016
18178.500000000015
15465.000000000016
17920.75000000002
15290.000000000016
17701.500000000015
15390.000000000016
17371.00000000002
15584.000000000016
17408.750000000015
15703.000000000016
17479.25000000002
15676.000000000015
17034.500000000015
15639.000000000015
16582.25000000002
15717.000000000013
16646.75000000002
16049.000000000018
16849.250000000015
16242.00000000002
17291.00000000002
16250.000000000013
17167.250000000022
16270.000000000022
16723.000000000015
16167.000000000016
16486.00000000002
15909.000000000015
16361.750000000015
15566.000000000016
16341.750000000018
15206.000000000016
16207.500000000018
14858.000000000015
15739.500000000016
14614.000000000015
15447.500000000018
14423.000000000016
15505.250000000015
14228.000000000013
15635.750000000015
13946.00000000001
15854.250000000015
13485.000000000011
16386.75000000002
12764.000000000007
16205.250000000015
11799.00000000001
16289.500000000018
10771.00000000001
16112.750000000016
9727.000000000011
16351.000000000013
9209.000000000011
16162.500000000015
9451.000000000007
14639.000000000016
10482.000000000013
13738.000000000016
11052.000000000013
12705.250000000011
10984.000000000011
11603.500000000011
10146.000000000013
11461.500000000011
10770.000000000013
11724.25000000001
11629.000000000015
12414.000000000013
12261.000000000007
13190.000000000013
11598.000000000011
13289.750000000013
10960.00000000001
11291.750000000011
11657.000000000011
10028.25000000001
12304.000000000015
10349.75000000001
12440.00000000001
10761.250000000011
12213.000000000007
12499.750000000011
11377.000000000015
15706.250000000016
10436.000000000013
17213.25000000002
11167.000000000013
18137.75000000002
11896.000000000007
16403.000000000015
13148.000000000015
12366.000000000013
15129.000000000015
11183.500000000013
16585.000000000015
10893.750000000013
17202.00000000002
10950.50000000001
16840.00000000001
10794.750000000011
15799.000000000016
11824.500000000011
15072.000000000016
14333.750000000016
14787.000000000015
15184.750000000016
14575.000000000016
14106.500000000015
14272.000000000016
13102.750000000013
13799.000000000007
13131.500000000013
13096.000000000015
14043.250000000015
12272.00000000001
14885.250000000016
11644.000000000015
15286.750000000016
11308.000000000013
15906.250000000013
11267.000000000013
16024.500000000015
11503.000000000011
15402.250000000018
11747.000000000011
14717.250000000011
12055.000000000015
14584.000000000015
12356.000000000015
14586.250000000015
12633.000000000011
14767.750000000013
12996.000000000015
14880.500000000015
13360.000000000013
14638.250000000015
13501.000000000011
13946.000000000015
13444.000000000018
12935.750000000015
12982.000000000011
12185.250000000013
12083.000000000011
11592.000000000013
10900.000000000004
11239.000000000013
9582.000000000011
11200.750000000013
8504.000000000005
11177.50000000001
7773.000000000006