4255.000000000005
2403.000000000002
4381.250000000005
2499.000000000003
4400.500000000004
2897.0000000000036
4589.500000000005
3449.0000000000036
4143.500000000004
3698.0000000000045
3769.500000000004
3650.0000000000045
3975.250000000004
3252.000000000003
4007.2500000000036
2925.0000000000014
3875.0000000000045
4228.000000000005
4060.0000000000045
6128.000000000005
4044.500000000004
7737.000000000008
3754.500000000003
7540.000000000008
3765.750000000004
6671.000000000004
4557.750000000005
5990.000000000005
5261.0000000000055
3606.000000000002
5233.5000000000055
4868.000000000005
5518.7500000000055
6247.0000000000055
5735.0000000000055
4434.000000000005
5416.2500000000055
3463.000000000004
4979.0000000000055
4882.000000000004
4560.000000000005
5791.000000000006
4278.250000000005
5484.000000000005
4199.000000000005
4244.000000000003
3858.750000000004
3221.000000000002
3579.0000000000027
2765.0000000000023
3272.0000000000027
3066.000000000004
2924.5000000000027
3201.0000000000023
2653.2500000000027
3293.000000000003
2916.0000000000027
3556.000000000004
4050.0000000000036
3805.000000000004
4868.750000000006
4059.000000000004
5295.2500000000055
4257.000000000004
5849.250000000005
4371.000000000004
6744.7500000000055
4346.000000000005
6432.500000000006
4296.000000000005
6573.500000000007
4170.000000000004
6658.250000000006
4017.000000000004
6094.250000000006
3876.000000000004
5771.7500000000055
3782.0000000000036
5663.750000000006
3622.0000000000036
5652.5000000000055
3447.0000000000036
6216.750000000006
3244.000000000004
8159.7500000000055
3049.0000000000023
8435.500000000007
2943.000000000002
9499.50000000001
2929.0000000000014
8830.75000000001
2907.0000000000027
6208.750000000007
2904.0000000000023
5864.750000000006
2855.0000000000023
5632.0000000000055
2793.0000000000023
5151.500000000005
2690.0000000000027
4972.5000000000055
2601.0000000000023
5984.7500000000055
2653.0000000000027
9445.500000000007
2874.000000000003
10302.250000000011
2948.0000000000036
10703.00000000001
3064.0000000000023
11764.000000000011
3350.0000000000036
8171.500000000008
3330.0000000000036
5954.500000000006
3675.000000000003
5844.5000000000055
5547.0000000000055
5734.5000000000055
6759.000000000007
5730.0000000000055
6723.000000000007
5523.250000000006
5701.0000000000055
5717.750000000006
5997.000000000007
5839.500000000006
6951.000000000005
6836.000000000007
7003.000000000007
7752.500000000008
7039.000000000008
6429.500000000007
7056.000000000006
4556.750000000005
7253.0000000000055
3892.500000000004
7134.000000000006
3701.250000000003
6655.000000000006
3617.750000000003
5991.000000000005
3769.2500000000045
5346.0000000000055
3667.5000000000045
5315.0000000000055
3333.5000000000027
5322.000000000003
3159.500000000003
4860.000000000005
2848.250000000003
4198.000000000003
2970.0000000000027
4211.000000000004
3486.5000000000023
4041.0000000000045
2589.2500000000027
3839.0000000000045
1758.7500000000016
1495.0000000000018
1445.7500000000014
0.0
1026.750000000001
0.0
693.2500000000007
0.0
746.7500000000006
0.0
811.2500000000009
0.0
875.750000000001
0.0
916.7500000000008
6.000000000000007
875.000000000001
23.00000000000001
806.2500000000008
76.00000000000007
773.5000000000008
190.00000000000017