5946.2500000000055
8173.000000000008
6276.500000000005
7800.000000000009
6741.250000000006
7163.000000000009
6920.750000000007
6533.000000000007
6967.750000000007
6181.000000000005
7127.750000000007
5913.0000000000055
7632.500000000008
5902.000000000004
8024.250000000008
5974.0000000000055
8065.750000000009
6077.000000000006
7994.000000000007
6203.000000000008
7902.500000000009
7409.000000000006
7558.750000000006
9434.000000000011
6908.000000000008
10760.000000000011
6451.5000000000055
11201.000000000013
6274.000000000007
10684.000000000011
6047.5000000000055
10232.00000000001
5986.500000000006
10040.000000000013
6387.7500000000055
10028.000000000011
6793.250000000007
10057.000000000013
6909.750000000006
9493.00000000001
6887.0000000000055
8097.000000000007
6849.7500000000055
7065.000000000009
6691.000000000006
7062.000000000008
6326.000000000007
6865.0000000000055
6078.500000000005
5976.000000000005
7129.000000000008
4834.000000000005
8182.250000000008
4208.000000000002
8682.000000000011
4502.0000000000055
9940.25000000001
5795.000000000004
10522.750000000011
6874.000000000009
10084.50000000001
6847.000000000006
10329.000000000011
5916.000000000004
10297.500000000011
5262.000000000005
10195.500000000013
5133.000000000004
11559.250000000013
5315.0000000000055
12240.500000000013
5510.0000000000055
11900.500000000013
6677.000000000007
12433.250000000016
8034.000000000009
12727.250000000011
8567.000000000007
14058.000000000013
8495.000000000005
16429.000000000022
8421.000000000005
16835.000000000015
9563.000000000005
15092.000000000013
11323.000000000011
14576.750000000015
12356.000000000015
14368.250000000016
11163.000000000011
15306.500000000015
8677.00000000001
14734.500000000016
5766.000000000006
12435.000000000011
3994.0000000000045
11686.75000000001
3598.000000000004
11706.500000000011
3632.0000000000036
10893.000000000011
4203.000000000005
11197.500000000013
5052.0000000000055
10707.000000000011
5884.000000000005
9074.00000000001
6009.000000000006
8304.250000000007
5486.000000000006
8473.250000000007
4955.0000000000055
8470.250000000007
4496.000000000003
8424.50000000001
4434.000000000005
9513.500000000011
4489.000000000005
10899.000000000013
4590.000000000005
11388.00000000001
4658.0000000000055
10696.500000000011
4518.000000000003
10808.750000000011
4593.000000000005
12855.750000000015
4717.0000000000055
14029.250000000013
4844.000000000004
15894.250000000015
4824.000000000004
16813.50000000002
4875.0000000000055
16545.750000000015
5244.0000000000055
15617.000000000015
5690.000000000006
14162.500000000016
5891.000000000005
12721.000000000011
5832.000000000007
10553.75000000001
5741.0000000000055
10767.500000000013
5694.0000000000055
11084.500000000011
5595.000000000006
10753.750000000011
5589.000000000005
11009.25000000001
5613.0000000000055
12295.750000000013
5545.000000000006
13215.750000000013
5307.0000000000055
13574.500000000018
4934.0000000000055
13094.000000000013
4668.000000000005
12395.250000000013
4446.000000000003
12170.750000000011
4425.000000000004
12997.000000000011
4500.0000000000055
13560.500000000015
4502.0000000000055
13823.250000000015
4358.000000000003
14370.250000000016
4142.000000000005
14199.500000000013
3957.0000000000036
13314.250000000013
3702.000000000004
13115.000000000016
3520.0000000000027
13744.500000000016
3228.0000000000023