11383.75000000001
11955.000000000007
11429.500000000013
11555.000000000013
11220.750000000011
11393.000000000011
11051.250000000011
11613.000000000011
10987.000000000011
11613.000000000011
10973.500000000011
11415.000000000013
10990.500000000011
11115.00000000001
11227.750000000011
10943.000000000011
11542.250000000013
10898.000000000011
11907.750000000013
10637.000000000011
12177.500000000016
10292.00000000001
12052.250000000011
9998.000000000011
12022.500000000013
9905.000000000005
12146.250000000011
9782.00000000001
12074.250000000013
9649.000000000007
12047.000000000013
9381.000000000011
12073.000000000015
9158.000000000005
12259.500000000011
8991.000000000005
12344.500000000013
9150.00000000001
12444.750000000015
9227.000000000005
12411.750000000011
9068.000000000005
12120.750000000013
8859.00000000001
11932.250000000011
8754.000000000005
12011.000000000013
8620.000000000007
11948.000000000011
8380.00000000001
11833.500000000011
8112.000000000009
11717.750000000013
7802.000000000008
11518.750000000013
7541.000000000008
11079.25000000001
7428.0000000000055
10528.250000000011
7431.000000000007
11181.50000000001
7580.00000000001
11756.000000000011
7556.000000000008
11053.750000000013
7179.000000000009
10666.00000000001
6700.000000000007
10404.75000000001
6272.000000000005
9809.000000000011
5868.000000000007
9767.250000000011
5449.0000000000055
11720.000000000013
4913.000000000005
13672.500000000016
4352.000000000004
12032.250000000013
3912.000000000004
10450.000000000011
3562.0000000000036
10571.500000000013
3548.0000000000036
9493.00000000001
3786.000000000004
8188.250000000009
4002.0000000000045
8450.000000000007
4216.000000000005
10769.250000000013
4289.000000000005
12049.50000000001
4322.000000000004
12151.500000000015
4388.000000000005
10035.000000000011
4515.000000000003
8757.50000000001
4693.000000000005
7893.250000000009
5066.000000000005
7561.750000000007
5472.0000000000055
7562.500000000008
6075.000000000005
7702.250000000008
7673.000000000007
7746.750000000009
8766.000000000007
8970.250000000007
9151.000000000005
10885.00000000001
8701.000000000005
10165.25000000001
8524.000000000004
8964.25000000001
7647.000000000006
8599.25000000001
6870.000000000006
8325.50000000001
7704.000000000007
8457.500000000007
8642.000000000011
8279.250000000007
9062.000000000007
7831.500000000007
8999.000000000011
7476.500000000009
9071.000000000007
7438.500000000007
9716.000000000011
7811.250000000009
10149.000000000005
8180.500000000008
10101.00000000001
9222.75000000001
10545.000000000005
10405.00000000001
13399.00000000001
10942.75000000001
16340.000000000015
10925.500000000011
19181.000000000025
10628.75000000001
22482.000000000022
10393.750000000011
24700.000000000025
9931.250000000011
26059.000000000033
9795.250000000007
26627.00000000002
10378.500000000011
24931.000000000015
10374.750000000011
21807.000000000025
9785.00000000001
20004.000000000022
9378.00000000001
20668.000000000022
8737.25000000001
20963.000000000025
8100.750000000007
20338.000000000022
7477.000000000006
20310.00000000002
7009.250000000006
20327.000000000025
6837.250000000007
19908.000000000025
6768.750000000007
19886.000000000022
6595.250000000006
19561.000000000022
5722.2500000000055
18489.000000000022
5335.2500000000055
17577.000000000015
5226.250000000006
16984.000000000015