12311.750000000013
17970.000000000022
12541.500000000011
19493.000000000022
12630.000000000011
19479.000000000022
12598.250000000011
19045.00000000002
12426.250000000013
20001.00000000002
12151.500000000011
19744.00000000002
11723.500000000011
19037.000000000022
11189.500000000013
16171.000000000018
10818.250000000011
15503.000000000018
10631.750000000011
15343.000000000016
11542.000000000011
13182.000000000015
13191.000000000013
12367.000000000007
13769.000000000016
11118.000000000011
13557.750000000011
11378.000000000013
13226.000000000015
11500.000000000011
12644.000000000013
10873.000000000011
11702.000000000015
10597.00000000001
10775.500000000011
11324.000000000011
10121.500000000011
12119.00000000001
9855.75000000001
12575.00000000001
9981.25000000001
12622.00000000001
9985.750000000011
12616.000000000011
10375.50000000001
12965.000000000015
10922.250000000011
12605.00000000001
11151.750000000011
11544.000000000011
11167.000000000013
10772.000000000013
11211.250000000011
10739.000000000011
10986.500000000011
11584.000000000013
10751.500000000011
12029.000000000015
11658.500000000013
12101.000000000015
12451.500000000013
11961.000000000011
12888.250000000013
11613.000000000011
13455.000000000015
11276.000000000013
13916.000000000015
10857.000000000011
13895.250000000016
10392.00000000001
12993.500000000015
9876.000000000011
10497.750000000011
9747.000000000011
8245.25000000001
10018.00000000001
6535.250000000006
10286.000000000011
6513.5000000000055
10526.000000000013
6776.500000000006
10658.00000000001
8640.250000000007
12234.000000000015
8377.250000000007
13786.000000000013
7806.000000000008
13967.000000000007
7559.500000000009
13870.00000000001
7790.250000000008
13265.000000000016
9006.00000000001
12164.00000000001
10121.500000000013
11677.00000000001
10935.750000000011
11352.000000000013
10803.250000000011
11123.000000000013
10004.000000000011
10956.000000000013
9337.50000000001
11556.000000000013
8672.00000000001
12238.000000000015
8032.000000000007
12389.000000000011
7858.000000000007
11764.000000000011
8163.25000000001
10851.000000000011
8397.000000000007
10374.000000000013
8926.000000000007
10436.000000000013
9200.25000000001
10497.000000000013
9742.750000000011
10375.000000000013
10054.000000000011
11841.000000000011
9994.000000000011
15635.000000000015
9970.750000000011
16739.000000000015
9777.50000000001
17370.00000000002
10690.250000000011
17709.00000000001
11614.250000000011
17371.00000000002
12136.750000000013
17168.000000000015
12825.000000000013
17248.00000000002
13080.500000000011
17638.000000000015
13475.000000000015
17619.00000000002
14245.750000000016
16319.000000000016
14848.750000000015
15566.000000000016
16360.000000000016
17296.00000000001
17140.250000000015
17654.000000000015
16907.75000000002
16611.00000000001
16003.00000000001
16810.00000000001
15414.000000000018
19050.000000000022
15236.250000000013
19657.000000000022
15211.250000000016
19707.000000000022
15597.750000000015
20151.000000000015
15499.500000000016
19476.000000000025
14636.500000000015
16829.000000000015
14630.500000000016
17291.000000000022
14468.250000000015
17805.000000000015
14684.000000000016
18543.00000000002
15183.000000000018
19021.00000000002
14524.250000000016
18514.00000000002
14182.250000000016
17439.000000000015
14416.000000000016
16744.00000000002
14924.250000000018
16262.000000000018