8315.75000000001
6451.000000000006
8365.75000000001
6782.000000000008
8325.25000000001
7256.000000000007
8491.500000000007
7566.000000000008
8609.750000000007
7698.000000000007
8682.50000000001
7667.000000000007
8718.00000000001
7618.000000000008
8739.00000000001
7508.000000000008
8736.750000000011
7248.000000000009
8767.50000000001
7031.000000000008
8796.50000000001
6981.000000000005
8752.25000000001
7510.000000000006
8735.750000000011
8104.000000000009
8919.000000000007
7577.000000000009
9232.250000000007
7205.000000000006
9329.50000000001
7219.000000000008
9323.25000000001
7436.0000000000055
9440.25000000001
7285.000000000009
9467.00000000001
7005.000000000006
9412.250000000011
6744.000000000007
9449.500000000011
6603.000000000006
9516.00000000001
6858.000000000008
9521.50000000001
7729.000000000009
9738.25000000001
8861.000000000005
10012.25000000001
9347.00000000001
10226.000000000011
9280.000000000005
10369.500000000011
9456.000000000005
10559.750000000011
9775.00000000001
10749.750000000011
9717.000000000011
10948.000000000011
9300.000000000011
11276.500000000011
8886.000000000011
11486.000000000013
8502.00000000001
11452.000000000013
8153.000000000009
11460.750000000013
7893.000000000008
11408.000000000011
7842.000000000009
11296.500000000011
7964.000000000009
11171.000000000011
8152.000000000008
11010.250000000013
8405.000000000005
10981.50000000001
8802.00000000001
11211.750000000013
9121.000000000005
11324.500000000013
9367.000000000007
11172.750000000013
9450.000000000011
11166.250000000011
9246.000000000007
11313.250000000015
9083.000000000005
11154.500000000013
9055.000000000007
11263.000000000011
8899.000000000005
11160.500000000015
8958.00000000001
11053.000000000013
9010.000000000007
10827.000000000011
8901.000000000011
10362.000000000011
8669.00000000001
10107.250000000011
8422.000000000007
9743.500000000011
8146.000000000007
10445.250000000013
8038.000000000008
10883.000000000011
8130.000000000009
10535.500000000011
8247.000000000007
10266.750000000011
8359.000000000011
10686.250000000013
8356.000000000011
11812.500000000013
8241.000000000007
11051.000000000013
8015.000000000008
10365.00000000001
7921.000000000008
10754.750000000011
8261.000000000005
11115.250000000013
8755.000000000005
10550.50000000001
9406.000000000007
9913.25000000001
10022.000000000011
9830.000000000011
10351.000000000011
9985.25000000001
9937.000000000011
10078.250000000011
9261.000000000007
10084.25000000001
8828.000000000011
9912.750000000011
8605.000000000007
9617.00000000001
8330.00000000001
9506.00000000001
8236.000000000005
9821.75000000001
8313.000000000005
10407.500000000011
8495.000000000005
10794.25000000001
8786.000000000005
10750.000000000011
9240.000000000011
10469.250000000011
9254.000000000007
10333.250000000011
8959.00000000001
10229.00000000001
8663.000000000005
10258.750000000011
8578.00000000001
10488.250000000011
8210.000000000007
10546.250000000011
8321.000000000005
10365.75000000001
8592.00000000001
10147.00000000001
8387.00000000001
9891.00000000001
8126.000000000006
9996.75000000001
7780.000000000007
9860.000000000011
6584.000000000007
9852.25000000001
6008.000000000004
10018.00000000001
5932.000000000004
10081.000000000011
5645.000000000006
9997.750000000013
6096.000000000006