14862.500000000016
17433.00000000001
14596.000000000016
16551.000000000022
14435.500000000016
16311.000000000018
14395.750000000016
15992.000000000018
14459.000000000016
15398.000000000013
14507.500000000016
14837.000000000013
14518.500000000015
13727.000000000016
14469.750000000015
13824.000000000015
14276.500000000015
13599.000000000013
13944.500000000013
12243.000000000013
13424.000000000015
11639.000000000013
12820.250000000015
11872.000000000011
12302.250000000015
14110.000000000011
11952.750000000013
14112.000000000016
11635.750000000011
13585.000000000018
11361.25000000001
12075.000000000013
11301.250000000013
12089.00000000001
11112.750000000011
13056.000000000015
10971.000000000011
13438.000000000015
10856.500000000013
12596.000000000007
10592.500000000007
13471.000000000011
10395.500000000011
14565.000000000016
10350.000000000013
14222.000000000015
10347.000000000011
13721.000000000015
10349.25000000001
17072.000000000022
10320.750000000011
19592.000000000025
10663.750000000011
19822.00000000002
10678.50000000001
22167.000000000022
10887.500000000011
21930.000000000022
10685.750000000011
21201.000000000022
10101.250000000011
24358.00000000002
9854.75000000001
25928.000000000025
9495.250000000011
25821.000000000025
9278.250000000011
26152.000000000033
8257.250000000011
22987.000000000025
7642.250000000006
20355.000000000022
7335.000000000007
19434.000000000022
6481.250000000006
18427.000000000022
7358.000000000007
16235.000000000018
9659.000000000011
15144.000000000016
9090.50000000001
14766.000000000015
8477.25000000001
13969.000000000013
7817.000000000008
13340.000000000015
8318.00000000001
12968.000000000011
9635.50000000001
12347.00000000001
10493.500000000011
12559.000000000015
11260.250000000013
14549.000000000016
11353.250000000011
16298.000000000013
10898.750000000011
16956.00000000002
10576.500000000011
16080.000000000018
9661.750000000007
15393.000000000015
8524.750000000007
16432.00000000002
7932.500000000009
17464.000000000022
7262.000000000007
18866.000000000025
7192.0000000000055
20373.00000000002
7616.500000000006
21481.000000000025
7636.000000000009
21818.000000000022
7326.000000000008
21664.000000000025
7777.000000000008
21233.000000000022
8538.50000000001
20345.000000000022
7860.750000000007
18774.00000000001
6130.750000000006
16463.000000000015
6148.250000000006
13261.00000000001
6408.0000000000055
9771.000000000007
6627.750000000006
7025.000000000006
6300.7500000000055
5380.0000000000055
6232.500000000007
4356.000000000004
6153.500000000006
3955.0000000000045
6019.5000000000055
4093.000000000004
6238.000000000006
4298.000000000003
6399.500000000007
4523.000000000005
6390.500000000006
4670.000000000005
6254.000000000007
4725.0000000000055
6053.2500000000055
4685.000000000005
6004.0000000000055
4640.000000000003
6143.750000000005
4585.000000000004
6020.2500000000055
4544.000000000005
6125.750000000006
4585.000000000004
6576.2500000000055
4753.000000000005
6906.250000000007
5473.000000000006
6930.750000000007
6820.000000000007
6800.500000000006
8417.00000000001
6856.0000000000055
9785.000000000011
6935.000000000007
10747.000000000011
7015.500000000008
11301.000000000011
7142.750000000007
11350.000000000013
7301.750000000007
10990.000000000007
7463.000000000008
10618.000000000013
7648.750000000009
10593.000000000011
7866.000000000008
10918.000000000015