8624.250000000007
4175.000000000005
8680.75000000001
3924.000000000004
8721.000000000007
4551.0000000000055
8623.75000000001
5587.0000000000055
8371.00000000001
6282.000000000008
7891.750000000006
6864.000000000007
7454.500000000008
7483.000000000007
7629.750000000008
7905.000000000008
8878.75000000001
8239.000000000007
9754.000000000011
8501.000000000011
10091.750000000011
8742.000000000007
10200.250000000011
8962.000000000011
10343.75000000001
9506.00000000001
10449.250000000011
11168.000000000013
10767.750000000011
12964.000000000013
11480.750000000011
13598.000000000015
11807.250000000013
13032.00000000001
11576.000000000013
11995.000000000015
11357.750000000011
11219.00000000001
11235.000000000013
10862.000000000013
11294.750000000013
10796.000000000011
11841.750000000013
10641.000000000013
12152.250000000013
9984.000000000011
12732.000000000013
9033.000000000007
12785.500000000013
8148.000000000009
12726.250000000011
7917.000000000007
12562.750000000013
7843.000000000008
11780.750000000013
6705.0000000000055
11516.750000000011
7668.000000000009
10968.250000000011
8255.000000000007
9061.50000000001
7950.00000000001
8400.50000000001
6212.000000000005
7704.250000000008
5627.0000000000055
7118.250000000007
5485.000000000005
6168.2500000000055
4947.0000000000055
5618.000000000006
5344.0000000000055
6488.000000000008
6266.000000000006
7532.750000000007
6420.000000000004
6328.750000000006
5592.000000000006
6036.000000000006
6188.000000000006
5840.000000000006
6900.000000000006
5179.5000000000055
6727.0000000000055
4543.000000000005
5646.0000000000055
4406.000000000005
5381.000000000006
5818.500000000006
5066.000000000005
7823.250000000009
4001.0000000000036
9449.000000000007
4343.000000000003
10723.750000000011
5035.000000000006
11083.750000000011
5689.000000000005
9704.250000000011
5718.000000000006
8473.250000000007
5127.000000000005
7938.50000000001
4451.000000000004
7735.750000000008
3557.000000000003
7174.750000000007
3047.0000000000036
6216.000000000007
3597.0000000000045
5698.5000000000055
4130.000000000003
5942.5000000000055
3944.0000000000036
5993.250000000006
3658.0000000000023
6232.7500000000055
3746.0000000000036
6306.000000000006
3791.0000000000036
6191.000000000006
4041.0000000000045
6639.500000000006
4483.000000000005
6128.000000000006
4726.000000000004
4779.250000000005
5061.000000000004
4301.750000000004
5588.000000000005
4056.500000000004
5180.000000000006
4352.250000000005
4531.000000000004
4773.250000000004
4741.000000000004
5674.250000000006
5251.0000000000055
8558.75000000001
5786.0000000000055
10418.25000000001
6568.0000000000055
10670.00000000001
6980.000000000008
10296.750000000011
6493.000000000005
10033.00000000001
6119.000000000007
10506.25000000001
6577.000000000005
10997.75000000001
6727.0000000000055
12549.500000000011
6960.000000000008
13957.000000000015
7572.000000000008
14255.000000000013
7676.000000000008
14986.750000000016
8341.00000000001
15669.750000000016
9418.000000000005
15803.750000000018
9789.000000000011
15795.500000000015
10156.000000000011
15455.500000000015
10732.000000000013
15102.000000000016
10786.000000000011
14794.500000000015
10524.00000000001
14642.000000000016
10311.000000000011
14523.750000000015
10342.00000000001
14317.000000000013
10509.000000000011
14125.250000000013
10647.000000000007