7630.000000000008
6368.000000000008
7783.250000000007
5912.0000000000055
8030.250000000008
5770.000000000006
8215.00000000001
5678.000000000006
8296.00000000001
5497.0000000000055
8192.25000000001
5233.0000000000055
8006.750000000008
5164.000000000006
8054.500000000009
5053.000000000004
8048.000000000009
5154.000000000005
8022.500000000007
5708.0000000000055
7727.750000000008
6211.000000000005
7310.500000000008
6337.000000000006
7325.250000000008
6579.000000000009
7642.250000000008
7050.000000000006
7842.750000000008
7503.000000000008
7902.750000000008
7799.000000000008
7974.000000000008
7793.000000000008
8159.000000000008
7712.000000000009
8566.75000000001
7971.000000000009
9064.00000000001
7628.000000000007
9539.00000000001
6608.000000000005
9605.50000000001
6189.000000000005
9620.500000000011
6749.000000000008
9957.750000000011
7678.000000000008
10273.500000000011
7882.000000000008
10458.000000000013
6071.000000000007
10087.750000000011
4482.000000000004
9794.750000000011
5030.0000000000055
9426.500000000011
5607.0000000000055
9150.50000000001
5995.000000000007
8999.25000000001
6223.000000000006
8545.250000000007
6527.000000000006
8114.000000000007
6901.000000000007
8428.500000000011
7000.000000000008
8321.500000000007
7185.000000000007
7186.500000000007
7657.000000000008
6332.0000000000055
7778.000000000008
7805.000000000008
7784.000000000006
9389.500000000007
9027.000000000004
8738.25000000001
9407.000000000004
8048.000000000009
8181.000000000008
7055.000000000008
7302.000000000007
6983.500000000008
7402.000000000008
8200.75000000001
7253.0000000000055
9388.25000000001
7375.0000000000055
10167.750000000011
7492.000000000007
10725.750000000011
7877.000000000008
10820.000000000011
8091.000000000008
10816.500000000013
7800.000000000008
10496.750000000011
7105.000000000004
10233.750000000011
7190.000000000006
10100.750000000011
7272.000000000009
9547.250000000007
6773.0000000000055
8959.500000000007
5331.0000000000055
8711.000000000007
4349.000000000004
8230.75000000001
4594.000000000005
8311.750000000007
4875.0000000000055
8916.75000000001
4877.0000000000055
9025.00000000001
4738.000000000005
7773.000000000007
4681.0000000000055
6937.250000000008
4710.0000000000055
6299.250000000006
5145.0000000000055
6284.0000000000055
5765.000000000006
6130.250000000006
6372.000000000005
5974.500000000006
6836.000000000005
6028.7500000000055
7050.000000000007
5890.750000000006
7136.000000000006
5002.5000000000055
7017.0000000000055
5002.2500000000055
6625.000000000008
5455.2500000000055
6066.000000000007
5565.2500000000055
5404.000000000006
5843.0000000000055
4818.0000000000055
6139.750000000005
4435.000000000003
6141.5000000000055
4130.000000000003
5839.7500000000055
3921.0000000000036
5503.7500000000055
3685.0000000000045
5232.250000000005
3483.0000000000023
5095.0000000000055
3349.0000000000036
4991.2500000000055
3270.0000000000036
4904.250000000005
3135.0000000000027
4834.2500000000055
2992.000000000003
4708.250000000005
2784.000000000003
4544.000000000005
2699.000000000003
4332.750000000005
2678.000000000003
5190.500000000005
2516.0000000000023
6317.250000000006
2288.0000000000027
6127.500000000005
2079.000000000002
4999.0000000000055
1909.0000000000011
4536.000000000005
1776.0000000000018
4721.7500000000055
1743.0000000000018