12348.000000000013
14525.000000000015
12533.250000000013
13295.000000000016
12686.000000000013
12006.000000000011
12529.000000000015
11901.000000000011
12505.000000000011
12936.000000000011
12329.000000000011
14466.000000000015
12125.750000000011
16089.00000000002
11766.000000000013
17384.00000000002
11923.750000000013
18049.000000000015
11465.000000000013
17993.00000000002
10447.500000000011
17559.000000000022
10634.250000000011
16718.00000000001
10760.000000000011
15167.000000000015
10775.75000000001
13245.00000000001
10551.750000000011
11700.000000000013
10160.00000000001
10437.00000000001
10071.75000000001
9976.000000000011
10283.250000000011
10177.000000000011
10496.50000000001
10251.000000000007
10742.00000000001
10544.00000000001
11129.500000000011
10786.000000000011
11608.000000000011
10818.00000000001
11528.750000000011
10778.000000000011
11302.000000000013
10531.000000000015
10525.50000000001
10076.000000000007
10467.000000000011
9320.00000000001
10653.00000000001
8638.00000000001
10918.25000000001
8334.00000000001
10988.750000000013
8484.000000000007
11253.500000000011
8846.000000000005
11337.250000000011
9479.000000000005
10978.500000000011
10350.000000000007
10786.250000000011
11140.000000000011
10627.750000000011
11727.000000000007
10511.750000000011
12067.000000000011
10361.75000000001
12136.000000000013
9999.500000000011
11841.000000000011
9821.75000000001
11638.000000000013
9847.50000000001
11539.000000000013
10093.750000000007
11580.000000000013
10062.50000000001
11577.000000000013
10253.750000000011
11777.000000000015
10404.750000000007
12143.000000000015
10301.500000000011
12460.000000000011
9698.750000000011
12585.000000000015
8266.25000000001
12722.000000000015
8098.250000000009
12751.000000000016
6692.500000000006
12835.00000000001
6703.250000000007
12242.00000000001
6966.7500000000055
12150.00000000001
7116.000000000008
12618.000000000011
6884.750000000006
12991.000000000016
7031.750000000007
12023.000000000011
8057.000000000009
10727.000000000011
9196.50000000001
10455.000000000011
9618.00000000001
10344.000000000011
9488.50000000001
10725.000000000011
8866.25000000001
11198.000000000013
9233.25000000001
10872.000000000011
9310.750000000011
10670.000000000007
9342.75000000001
10647.000000000007
9396.25000000001
10883.000000000011
9342.75000000001
10957.000000000011
9476.50000000001
10586.000000000011
9325.75000000001
10227.000000000011
8766.00000000001
10192.000000000011
8631.00000000001
9730.000000000011
8909.75000000001
9299.000000000007
9244.25000000001
10118.00000000001
9171.50000000001
10453.00000000001
8668.50000000001
10169.000000000011
8843.750000000011
9769.000000000011
9157.00000000001
10001.000000000011
10356.250000000013
10607.000000000011
10860.500000000013
11001.000000000013
11588.000000000013
11248.000000000011
11788.750000000011
11563.000000000013
11894.250000000013
12041.00000000001
11978.750000000013
12411.000000000015
12428.000000000013
12521.000000000013
12184.500000000013
12280.000000000016
11802.250000000013
11751.000000000015
11633.500000000011
11172.000000000013
11628.000000000011
11127.000000000011
11619.250000000013
11455.000000000013
11406.750000000013
11673.000000000011
11102.750000000011
11744.000000000007
10763.750000000011
11761.000000000013
10415.000000000011
11697.000000000007
10196.50000000001
11812.000000000013