3460.750000000004
2450.0000000000027
3683.0000000000036
2627.0000000000027
4110.000000000005
2611.000000000003
4274.750000000005
2966.000000000002
4337.000000000004
2776.000000000003
4542.000000000005
2779.0000000000027
4810.7500000000055
3397.0000000000027
4945.2500000000055
3474.0000000000027
5147.0000000000055
3527.0000000000036
5961.000000000006
3746.0000000000036
5798.750000000006
4383.000000000004
6232.750000000004
6386.000000000006
6606.0000000000055
9373.000000000011
7093.500000000007
8699.000000000011
7326.750000000007
6688.000000000008
7358.750000000006
4577.000000000004
7170.000000000007
4102.000000000005
6913.000000000007
3368.000000000004
6791.7500000000055
2796.000000000003
6838.500000000008
2780.000000000003
6676.000000000007
3009.0000000000014
6803.0000000000055
2683.0000000000027
7804.750000000008
1524.0000000000018
8231.75000000001
1581.0000000000014
8635.250000000007
2079.000000000002
9323.50000000001
3413.0000000000027
9635.50000000001
4320.000000000003
10365.500000000011
4803.000000000006
11706.000000000013
6932.000000000008
11960.250000000013
7687.000000000008
11290.250000000013
6468.0000000000055
10802.00000000001
7273.000000000008
10483.000000000015
6471.000000000005
9657.000000000011
4739.000000000003
9574.750000000011
4112.000000000004
11191.750000000011
4096.000000000003
11926.000000000013
4124.000000000004
10450.250000000011
4610.000000000003
9419.500000000011
6775.000000000005
9565.750000000011
6593.000000000005
9531.750000000011
5541.0000000000055
11135.750000000011
9000.00000000001
11349.750000000011
8229.000000000005
9875.000000000011
8096.000000000009
9420.75000000001
6926.000000000007
9702.50000000001
6668.000000000007
9514.500000000011
5766.000000000006
10249.50000000001
5138.000000000005
9699.000000000011
3981.000000000004
8794.25000000001
3642.000000000003
9403.00000000001
3046.000000000002
9774.50000000001
3716.000000000004
9545.250000000007
4315.0000000000055
9942.750000000011
5473.0000000000055
10443.000000000013
5234.000000000005
10475.500000000011
5086.0000000000055
9933.000000000011
7077.000000000007
9706.50000000001
7798.000000000006
9638.25000000001
7952.000000000011
10021.500000000011
7478.000000000008
10274.000000000013
7229.000000000009
10307.00000000001
7666.000000000007
10930.00000000001
7054.000000000008
10900.000000000011
6547.000000000005
10219.750000000011
6383.0000000000055
9138.25000000001
4902.000000000005
8444.25000000001
3991.000000000004
8377.000000000007
4798.000000000004
8147.500000000009
5372.0000000000055
8554.25000000001
6067.000000000005
9178.75000000001
6901.0000000000055
9088.250000000007
7023.000000000008
9652.750000000007
6535.000000000006
10627.250000000011
5759.000000000005
11035.250000000011
5425.000000000006
10512.250000000011
5142.000000000006
9558.250000000011
4668.0000000000055
9703.250000000011
3370.000000000003
10043.500000000011
2447.0000000000023
10369.500000000011
2602.0000000000014
10298.50000000001
3545.000000000004
9864.500000000011
4639.000000000006
9328.25000000001
5537.000000000006
9562.500000000011
6778.000000000004
9555.500000000011
5842.000000000006
9265.00000000001
4680.000000000004
9319.25000000001
5019.000000000004
9920.25000000001
4560.000000000003
10839.00000000001
3529.0000000000036
11160.250000000013
3306.0000000000036