8217.25000000001
18124.000000000015
8341.00000000001
18475.000000000015
8562.50000000001
18551.000000000015
8811.00000000001
18596.000000000022
9055.75000000001
18669.000000000025
9294.750000000011
18664.00000000002
9552.500000000007
18736.000000000015
9930.500000000011
18832.00000000002
10456.500000000011
18851.00000000001
11118.000000000013
18792.00000000002
11803.50000000001
18738.000000000007
12435.750000000013
18711.00000000002
13069.250000000011
18601.000000000025
13435.250000000013
18408.00000000001
13559.500000000015
18114.000000000007
13459.250000000015
17694.00000000001
13039.750000000015
17037.00000000002
12439.500000000011
16402.000000000015
11727.500000000013
15878.000000000016
10767.750000000011
15491.000000000016
10598.750000000011
15200.000000000016
9739.750000000007
15040.000000000015
9261.75000000001
14831.000000000015
9074.500000000007
14788.000000000016
8212.00000000001
14964.000000000016
8134.750000000009
15065.000000000013
8167.000000000008
15066.000000000015
6897.500000000007
14378.000000000007
6698.250000000006
12951.000000000011
6529.0000000000055
12264.000000000015
6748.250000000007
11311.000000000013
7557.000000000007
11695.000000000007
8445.75000000001
13078.00000000001
9350.50000000001
12955.000000000015
8244.25000000001
12318.00000000001
7267.500000000007
11795.000000000011
6014.2500000000055
11321.000000000011
5454.5000000000055
11075.000000000011
5722.500000000007
10433.000000000011
6397.750000000006
9454.00000000001
6754.750000000007
9253.000000000007
7142.500000000006
9360.000000000007
6428.750000000007
8697.000000000007
5017.0000000000055
8377.000000000007
5151.000000000005
7974.000000000009
5430.750000000006
8132.000000000009
5811.250000000005
8505.000000000011
5929.500000000005
9888.000000000011
5308.000000000006
9800.000000000011
5288.0000000000055
9634.000000000007
6035.0000000000055
9478.000000000005
7099.750000000006
9373.000000000011
7420.250000000008
9202.000000000011
7724.500000000007
9037.000000000013
7881.000000000008
8858.000000000007
7928.250000000009
8706.00000000001
7882.000000000008
8594.000000000005
7816.50000000001
8399.000000000007
7720.000000000006
8100.000000000007
7668.750000000007
7818.000000000009
7555.500000000006
7729.000000000006
7376.250000000006
7670.000000000008
7211.500000000008
7541.000000000008
7100.500000000008
7450.000000000008
6958.250000000007
7323.00000000001
6787.750000000007
7153.000000000007
6710.000000000006
7035.000000000007
6572.5000000000055
6775.000000000005
6761.750000000007
6577.000000000005
7382.500000000008
6337.000000000006
7524.750000000007
6069.000000000004
7371.000000000006
5855.0000000000055
6920.000000000007
5643.0000000000055
6605.250000000006
5446.000000000005
6331.750000000006
5351.0000000000055
6079.5000000000055
5285.0000000000055
5949.000000000006
5253.000000000005
6170.250000000007
5227.000000000003
6678.500000000008
5175.000000000004
6987.250000000006
5082.000000000003
7096.000000000007
5043.000000000005
7086.500000000007
5022.0000000000055
6967.000000000007
5119.000000000005
6822.500000000006
5198.000000000004
6658.250000000007
5399.0000000000055
6545.750000000008
5643.0000000000055
6275.750000000006
5835.000000000007
6126.500000000007
6098.000000000005
5986.750000000006
6392.0000000000055
5880.750000000005
6586.000000000006