6284.5000000000055
6011.0000000000055
6116.5000000000055
6082.000000000005
6191.0000000000055
6580.000000000006
6239.500000000007
6814.000000000007
6542.750000000006
6784.000000000006
6430.0000000000055
6763.0000000000055
6117.250000000006
7136.000000000008
5940.500000000006
7554.000000000008
5772.750000000006
7767.000000000008
5481.5000000000055
7830.000000000008
5219.000000000005
8330.000000000011
7002.250000000008
8621.000000000007
8620.000000000007
8613.000000000007
8564.25000000001
8862.000000000011
8055.000000000007
8975.000000000005
7725.750000000009
9121.000000000005
7609.750000000007
9339.00000000001
7529.500000000007
9332.00000000001
7180.750000000007
9266.000000000005
6999.500000000008
9343.000000000011
7024.500000000008
9647.000000000011
7224.750000000007
9634.000000000007
7550.250000000006
9187.000000000011
7523.000000000007
9101.000000000007
8057.25000000001
9514.000000000011
8989.75000000001
9750.000000000011
8856.500000000007
9797.00000000001
8541.00000000001
9714.00000000001
8207.00000000001
9803.000000000004
8142.250000000009
10080.000000000011
8440.00000000001
10177.000000000011
8852.750000000007
9904.00000000001
8787.25000000001
10050.000000000011
8669.250000000007
11075.000000000013
7573.500000000007
11188.000000000013
7852.000000000009
10829.000000000011
7722.250000000007
8882.00000000001
7699.750000000007
8726.00000000001
7491.250000000007
10052.000000000011
6545.000000000007
11670.000000000015
5900.000000000005
12081.000000000015
5766.0000000000055
12120.00000000001
7916.750000000008
12333.00000000001
9533.75000000001
12329.000000000011
10780.750000000011
11558.000000000011
9196.50000000001
10584.00000000001
8397.500000000011
9488.000000000011
8477.250000000007
8611.000000000005
8886.75000000001
6880.0000000000055
9493.25000000001
6331.0000000000055
11229.00000000001
6222.000000000006
12795.500000000013
5939.000000000004
13946.750000000011
6245.000000000004
14426.500000000015
6580.000000000006
13986.000000000011
5913.0000000000055
12840.500000000013
5123.0000000000055
11518.250000000013
5172.000000000006
9489.00000000001
5663.0000000000055
8157.750000000009
4204.000000000004
7637.2500000000055
3258.0000000000023
8602.00000000001
3727.000000000003
8691.500000000011
3856.0000000000036
7993.000000000009
3763.000000000004
8202.25000000001
4044.000000000004
6459.500000000007
4208.000000000004
5669.2500000000055
3920.000000000004
5819.750000000006
3656.000000000003
5928.750000000006
4064.000000000005
5913.0000000000055
3936.000000000005
5729.5000000000055
4501.000000000004
5530.250000000006
4319.0000000000055
5340.0000000000055
4637.0000000000055
5543.7500000000055
5734.0000000000055
5811.000000000006
9809.000000000007
5802.7500000000055
15144.000000000015
6306.750000000007
12585.000000000015
6900.750000000006
9107.000000000011
7173.000000000008
7734.000000000007
7438.750000000007
6762.000000000008
7597.500000000007
6333.000000000005
7545.250000000008
6100.000000000006
7634.750000000006
5914.000000000005
7633.750000000008
5563.0000000000055
7707.500000000006
5140.0000000000055
7766.000000000007
5112.000000000005
8006.250000000007
5305.000000000006
8119.250000000009
4688.0000000000055
8028.500000000008
3974.0000000000045
8105.750000000008
4070.000000000003
8427.75000000001
4034.000000000004