6454.250000000006
6997.000000000006
6550.5000000000055
5445.000000000005
6820.500000000007
4499.000000000005
6835.500000000009
4588.0000000000055
6386.000000000006
4406.000000000004
6350.2500000000055
4353.0000000000055
7551.750000000006
4210.000000000003
9004.500000000007
4209.000000000005
10159.75000000001
5702.000000000006
10971.00000000001
9410.000000000013
10659.000000000011
13352.000000000018
10171.00000000001
16804.000000000022
10266.750000000011
15999.000000000016
11102.000000000011
15302.000000000018
12757.500000000011
14480.00000000001
13344.000000000013
12493.000000000016
13106.750000000015
11331.000000000013
13586.000000000013
10378.000000000011
13307.750000000013
10995.000000000013
12559.500000000013
12230.000000000007
12112.250000000011
12959.000000000015
12263.500000000013
14736.000000000015
11364.250000000013
15584.000000000018
10733.250000000011
16793.00000000002
10728.250000000013
18581.000000000022
10558.00000000001
19236.000000000022
10501.00000000001
18864.00000000002
10160.500000000011
18841.000000000015
10507.500000000011
18661.000000000022
11273.50000000001
18552.000000000015
11504.500000000011
18963.000000000015
11920.750000000013
17955.000000000022
12147.500000000011
17473.000000000022
11648.750000000011
17388.00000000001
8927.00000000001
17618.00000000001
9310.000000000007
18085.00000000002
9167.75000000001
17650.000000000022
10075.75000000001
16633.000000000015
9260.25000000001
16704.00000000001
8683.50000000001
17611.000000000022
8077.250000000008
17376.000000000022
7371.500000000006
15736.000000000016
7627.500000000006
14079.000000000011
8834.000000000011
13175.000000000016
9651.75000000001
12673.000000000013
10164.75000000001
13490.00000000001
10921.750000000011
15912.000000000018
10965.500000000011
16632.000000000015
10565.750000000011
15492.000000000013
10708.750000000011
13594.000000000013
10694.000000000011
12458.000000000016
10348.000000000011
12381.000000000007
9688.50000000001
11770.00000000001
9201.75000000001
11054.000000000011
8446.00000000001
10715.000000000011
8420.25000000001
10591.000000000013
8817.750000000007
10641.000000000013
9228.75000000001
9954.000000000007
9384.00000000001
8952.00000000001
9193.750000000007
7646.000000000008
9277.750000000011
6845.000000000006
9874.75000000001
7255.000000000009
9555.000000000011
7358.000000000008
9413.000000000007
7195.000000000007
10131.750000000011
6905.000000000009
9882.75000000001
6092.000000000004
9677.25000000001
5149.000000000006
10034.25000000001
4582.0000000000055
9732.000000000011
3365.0000000000023
9694.00000000001
3429.000000000004
9750.000000000011
4233.0000000000055
9946.250000000013
4764.000000000004
9446.50000000001
4628.000000000005
8934.500000000007
3966.0000000000045
8166.500000000007
3325.0000000000036
7082.750000000007
3022.0000000000023
6005.500000000006
3016.000000000003
5799.250000000006
2765.000000000003
5420.500000000005
2556.0000000000023
4814.500000000005
2812.0000000000027
4094.500000000004
3047.0000000000036
3533.250000000004
3368.000000000003
3090.000000000003
3890.0000000000045
2937.0000000000027
4940.0000000000055
2870.7500000000027
5369.0000000000055
2779.250000000003
4407.000000000005
2672.5000000000036
4167.000000000005
2645.0000000000023
4121.000000000002
2632.2500000000027
4135.000000000004
2833.000000000003
4068.000000000004