2218.5000000000023
15513.000000000016
2344.5000000000023
15862.000000000011
2786.750000000003
17079.00000000002
3286.750000000004
17396.000000000015
3484.250000000004
16807.00000000001
4821.250000000005
16619.000000000015
6296.500000000006
16799.000000000015
8310.50000000001
14989.000000000013
8457.500000000007
12265.000000000016
9211.50000000001
10022.000000000011
9762.250000000013
8402.00000000001
9218.75000000001
6736.000000000007
9474.00000000001
5753.0000000000055
9923.25000000001
4491.000000000005
10706.750000000011
2084.0000000000014
10919.000000000011
1781.0000000000018
10347.50000000001
3854.000000000004
10108.00000000001
5014.000000000006
9195.25000000001
3740.000000000004
8166.500000000007
3341.0000000000027
7869.500000000008
3955.0000000000045
7822.750000000009
4567.000000000005
7186.250000000006
6324.0000000000055
6819.250000000008
6624.000000000007
7245.000000000007
7118.000000000009
7623.750000000007
7078.0000000000055
6969.250000000009
6856.000000000008
6557.5000000000055
6474.000000000006
6240.250000000006
6159.000000000005
6387.500000000006
6236.000000000006
6390.750000000006
5825.000000000004
6552.000000000007
5386.0000000000055
6372.750000000007
4294.000000000003
7465.750000000007
5946.000000000006
8336.750000000007
6365.000000000007
8512.750000000011
6217.0000000000055
8108.000000000009
5572.0000000000055
8238.000000000007
4479.000000000005
7505.250000000008
4846.000000000003
6774.750000000006
5067.000000000006
5927.250000000006
4470.000000000005
5674.2500000000055
5197.0000000000055
8144.500000000008
5462.000000000006
9248.75000000001
4950.000000000005
10905.250000000013
4527.0000000000055
8961.50000000001
4726.000000000004
7183.250000000007
5350.000000000005
7268.2500000000055
5603.000000000005
6656.750000000009
6256.000000000006
6212.250000000007
5764.0000000000055
7187.750000000008
3943.000000000004
9157.00000000001
4004.0000000000036
10204.25000000001
2966.000000000004
10639.000000000011
1511.0000000000011
8801.75000000001
1114.0000000000011
7644.250000000007
832.0000000000005
7314.500000000007
901.0000000000008
7001.250000000006
1134.0000000000005
5670.7500000000055
974.0000000000009
4823.0000000000055
860.0000000000007
4839.0000000000055
779.0000000000003
4899.500000000005
627.0000000000006
5444.7500000000055
602.0000000000007
5945.2500000000055
655.0000000000005
5920.5000000000055
649.0000000000006
6849.250000000006
636.0000000000006
6310.250000000006
596.0000000000002
5023.7500000000055
672.0000000000007
4622.500000000004
688.0000000000006
5390.250000000006
811.0000000000005
5981.0000000000055
896.0000000000003
6005.250000000006
1051.0000000000005
5446.5000000000055
1194.0000000000016
5692.2500000000055
1467.0000000000016
6398.750000000006
1671.0000000000011
6425.2500000000055
1672.0000000000018
6497.250000000006
1468.000000000001
6591.000000000006
1546.0000000000016
6788.000000000007
1454.0000000000011
7060.250000000007
1361.0000000000014
6977.000000000006
1371.0000000000016
7352.000000000007
1257.0000000000011
7549.250000000009
1180.0000000000011
7674.750000000008
843.0000000000009
7640.750000000007
3292.000000000003
8080.750000000007
12546.00000000001
8017.750000000008
13277.00000000001
6910.250000000008
2442.0000000000027
6292.750000000006
825.0000000000006
6105.2500000000055
979.0000000000007