4371.750000000005
11865.000000000007
4245.250000000005
11447.000000000011
4208.250000000005
11330.000000000011
4106.750000000005
11267.000000000011
4086.250000000004
11177.000000000011
4050.7500000000036
10932.000000000011
3939.000000000004
10743.000000000005
3893.250000000004
10540.000000000011
3955.7500000000045
10364.000000000011
4049.500000000004
10245.000000000011
4172.750000000005
10090.000000000011
4306.750000000004
9971.000000000011
4436.250000000003
9998.000000000011
4487.000000000005
10059.000000000011
4664.500000000005
10098.00000000001
4841.750000000005
10055.000000000013
4972.750000000005
9912.00000000001
5091.500000000005
9665.000000000007
5181.5000000000055
9369.00000000001
5277.750000000006
8913.00000000001
5359.000000000006
8275.000000000005
5415.5000000000055
7403.000000000006
5398.750000000005
6462.000000000007
5339.0000000000055
5572.0000000000055
5531.5000000000055
4875.000000000006
4869.250000000004
4478.000000000004
5885.000000000006
4294.000000000003
6250.2500000000055
4134.000000000003
5269.250000000004
3909.0000000000036
5176.250000000005
3720.000000000003
3872.250000000003
3507.000000000004
3437.750000000003
3590.0000000000036
5858.250000000006
3612.0000000000036
7273.250000000007
3643.0000000000023
6965.000000000006
3927.0000000000036
6670.500000000008
4972.0000000000055
6106.0000000000055
6277.000000000007
5743.5000000000055
7164.000000000005
5457.5000000000055
6557.000000000004
6176.000000000006
6544.000000000007
7630.500000000008
7076.000000000008
8867.25000000001
7291.00000000001
9540.750000000011
7640.000000000008
9717.500000000011
8290.000000000005
8730.250000000011
8924.000000000011
7755.750000000008
7737.000000000009
6683.750000000006
7366.000000000007
6034.5000000000055
7451.0000000000055
5661.5000000000055
7820.000000000009
5063.750000000005
8110.000000000008
4759.5000000000055
7950.000000000009
5047.000000000005
6724.000000000004
5438.2500000000055
6611.000000000006
5858.7500000000055
7322.000000000006
5598.750000000006
8241.000000000007
5574.7500000000055
10521.00000000001
5517.2500000000055
12098.000000000011
4248.0000000000055
12211.00000000001
4314.500000000004
12373.000000000011
4909.7500000000055
12433.000000000011
6052.500000000005
12431.000000000013
6744.750000000008
12534.000000000007
8087.0000000000055
12640.000000000007
10179.500000000011
12564.000000000007
11216.75000000001
12363.00000000001
12845.750000000013
11961.000000000005
14032.750000000015
11280.000000000013
14060.000000000013
10405.000000000013
13912.500000000013
9668.00000000001
13782.000000000013
9337.000000000007
13299.750000000011
9334.000000000011
12994.000000000013
9482.000000000007
13268.500000000013
9714.00000000001
13384.250000000015
9955.000000000013
13404.000000000016
10198.000000000007
13410.000000000011
10364.000000000011
13258.000000000015
10380.000000000011
12908.500000000011
10300.00000000001
12435.250000000011
10147.00000000001
12238.500000000013
9990.000000000011
12459.500000000013
9896.00000000001
12773.250000000011
9861.000000000011
12988.500000000015
9791.000000000011
13357.750000000015
9688.000000000007
13753.750000000015
9647.000000000011
14402.500000000013
10072.00000000001
15287.000000000013
11966.00000000001
16124.750000000013
15439.000000000018
16974.75000000002
19192.000000000015
17361.250000000015
21584.000000000015