18981.250000000022
29778.000000000033
18988.00000000002
29872.000000000036
18896.75000000002
29856.000000000025
18541.50000000002
29847.000000000033
18150.50000000002
29818.000000000033
17775.750000000022
29431.00000000003
17525.50000000002
28492.00000000003
18186.50000000002
27721.000000000025
19788.250000000022
28165.000000000025
21344.750000000022
29120.000000000033
22335.000000000025
29312.000000000033
21928.500000000025
28908.000000000036
20829.25000000002
28527.000000000036
20047.25000000002
28546.000000000025
19359.25000000002
28549.00000000002
18558.00000000002
28302.000000000025
17710.50000000002
28443.000000000033
16997.75000000002
28777.000000000033
16719.00000000002
29191.000000000036
17252.50000000002
29291.000000000033
17942.25000000002
29619.00000000003
18238.00000000002
30243.000000000033
18276.75000000002
30367.00000000003
18956.00000000002
29937.000000000033
20437.25000000002
29217.00000000003
21348.000000000022
28736.000000000033
21510.250000000022
28719.000000000033
21096.750000000022
28763.00000000002
20833.75000000002
29041.00000000003
20707.75000000002
29268.00000000003
19943.500000000022
28987.000000000025
19010.75000000002
28229.000000000033
18526.75000000002
27332.00000000003
18541.00000000002
26973.000000000015
15316.000000000015
26707.00000000003
13756.750000000015
26950.00000000002
12393.500000000011
26598.000000000025
11664.000000000013
23090.000000000022
12066.500000000013
19852.000000000025
13582.750000000016
19415.00000000001
14932.000000000016
19787.000000000015
14521.250000000013
19059.000000000025
14267.250000000013
17750.00000000002
13617.750000000015
15790.000000000018
13211.500000000011
14090.000000000013
13545.250000000013
13908.000000000013
12558.750000000013
13429.000000000018
11023.500000000011
12069.000000000011
10592.250000000011
10580.000000000011
10498.750000000013
10972.000000000013
11787.250000000015
10892.000000000013
14414.500000000016
15705.000000000018
15959.000000000018
19613.00000000001
16956.250000000015
19888.000000000022
19239.25000000002
19965.000000000022
19291.50000000002
19801.000000000015
18781.750000000022
19615.000000000022
18187.250000000015
19382.00000000002
17505.50000000002
19123.00000000002
16684.250000000015
18996.000000000022
15830.250000000016
18922.000000000025
15347.500000000016
19084.000000000022
15040.250000000015
19356.000000000022
14947.500000000016
19498.000000000015
14846.500000000016
19038.000000000022
14809.500000000015
18327.00000000002
14683.500000000015
18472.000000000022
14417.500000000016
19254.000000000015
13865.500000000013
19749.00000000001
13073.500000000013
19551.00000000001
12536.500000000013
19099.000000000022
12128.750000000013
19022.00000000002
12067.750000000013
18973.000000000025
12067.250000000011
18989.00000000001
11981.250000000011
19157.000000000022
11654.000000000013
18966.000000000022
11106.000000000013
18552.000000000015
10733.750000000011
18329.00000000002
10624.500000000011
18268.00000000002
10656.750000000011
17985.00000000002
10520.50000000001
17595.00000000002
10296.000000000011
17587.00000000001
9939.250000000011
17993.000000000022
9589.00000000001
18497.00000000002
9566.75000000001
18748.000000000022
9915.000000000011
18373.000000000022
10374.250000000011
17809.00000000002
10447.50000000001
17299.000000000022
10444.750000000011
17311.00000000002
10798.000000000011
17241.000000000015