9248.00000000001
9248.00000000001
9248.00000000001
9248.00000000001
8825.250000000007
8881.000000000007
7864.250000000009
7985.000000000008
5978.750000000005
6321.000000000004
4032.0000000000045
5300.0000000000055
3622.2500000000036
5277.0000000000055
3617.000000000004
5384.0000000000055
3726.7500000000036
5547.000000000006
3651.7500000000027
5163.0000000000055
3987.7500000000036
4787.0000000000055
4289.750000000005
4305.000000000003
4411.500000000005
4088.0000000000045
4558.5000000000055
3743.000000000002
4626.500000000005
3454.000000000003
4692.500000000005
3680.000000000004
4337.750000000005
4547.000000000004
4263.750000000005
4700.000000000006
4333.250000000004
4292.000000000004
4993.000000000005
3975.000000000004
5699.0000000000055
3939.000000000004
5517.500000000006
4180.000000000003
5082.0000000000055
4522.000000000003
4718.500000000005
5153.000000000006
4399.250000000005
5880.000000000006
3982.0000000000036
5955.000000000004
4262.750000000005
5954.000000000006
4873.5000000000055
5965.0000000000055
4853.000000000005
5897.0000000000055
4531.0000000000055
5842.000000000006
4630.5000000000055
5694.000000000006
5078.750000000005
5651.000000000006
5239.250000000005
6119.000000000007
5407.5000000000055
5543.0000000000055
5407.0000000000055
5035.000000000005
5193.750000000006
4731.000000000005
5152.2500000000055
4615.000000000004
5459.000000000006
4596.000000000004
5757.2500000000055
4466.0000000000055
5150.7500000000055
3966.0000000000045
4682.000000000004
3465.000000000004
3504.000000000004
3664.0000000000027
4859.750000000005
3479.0000000000023
6683.250000000008
2928.000000000002
5456.500000000005
3124.0000000000027
4843.750000000005
3261.0000000000027
4314.250000000004
3042.000000000004
3965.0000000000036
2945.0000000000027
6489.750000000007
3104.0000000000036
6631.500000000006
3102.0000000000023
5465.250000000006
3289.0000000000036
5059.7500000000055
3550.000000000004
5335.7500000000055
3721.000000000004
6564.750000000007
3724.000000000004
5420.7500000000055
3794.000000000004
5371.2500000000055
3792.0000000000045
5153.7500000000055
3882.000000000005
4702.250000000005
4074.000000000004
4648.2500000000055
3922.000000000004
5000.7500000000055
3766.000000000003
4688.750000000005
3794.000000000004
4759.750000000005
3863.0000000000036
5363.000000000005
3763.000000000004
5907.7500000000055
3274.0000000000036
5699.5000000000055
3140.0000000000023
5434.250000000006
3361.0000000000023
5494.0000000000055
3364.0000000000036
5629.7500000000055
3245.0000000000036
5642.5000000000055
3153.000000000003
5476.5000000000055
3333.0000000000027
5071.0000000000055
3483.0000000000045
5062.000000000005
3554.0000000000027
4975.500000000005
3636.000000000004
4611.7500000000055
3613.0000000000036
4398.750000000005
3602.000000000004
4214.2500000000055
3555.0000000000036
4014.5000000000036
3684.0000000000036
3716.500000000003
4116.000000000004
3907.000000000003
4672.000000000004
3874.5000000000036
5074.000000000005
4014.2500000000045
5291.000000000005
4130.500000000005
4934.0000000000055
3903.000000000004
4158.000000000004
3695.2500000000036
3427.000000000004
3487.500000000004
2801.000000000003
3179.5000000000027
3722.000000000004
4577.250000000004
5040.000000000003
6538.250000000008
6814.000000000007
8183.750000000008
8298.000000000005
8976.25000000001
9009.000000000007