6558.250000000007
15499.000000000018
7787.750000000006
15859.000000000016
7154.000000000007
17195.000000000015
3547.0000000000036
17436.000000000022
3474.7500000000036
16752.00000000002
4797.500000000005
16642.00000000001
6297.2500000000055
16848.000000000015
8251.750000000007
15042.000000000015
8468.75000000001
12244.000000000007
9236.250000000011
10005.000000000011
9678.00000000001
8353.000000000011
9232.750000000011
6689.0000000000055
9490.250000000011
5663.000000000006
9964.500000000011
4361.0000000000055
10723.000000000007
1922.000000000002
10894.750000000013
1857.0000000000014
10349.500000000011
3902.0000000000036
10106.750000000011
5044.0000000000055
9222.500000000011
3655.000000000004
8207.25000000001
3328.000000000004
7889.500000000006
3849.0000000000036
7817.250000000006
4582.0000000000055
7184.250000000006
6207.000000000004
6786.250000000007
6562.000000000005
7261.250000000008
7134.000000000007
7586.750000000007
7040.0000000000055
6924.250000000006
6693.000000000007
6521.7500000000055
6369.0000000000055
6197.250000000007
6087.0000000000055
6362.0000000000055
6177.000000000006
6294.250000000006
5792.000000000006
6453.250000000006
5194.000000000004
6321.250000000005
4216.000000000005
7420.750000000009
5818.000000000006
8240.000000000011
6302.000000000007
8407.250000000007
6177.000000000006
8093.750000000008
5593.000000000006
8191.500000000009
4518.000000000005
7459.000000000007
4871.000000000005
6728.250000000006
5052.0000000000055
5839.500000000006
4515.000000000006
5669.5000000000055
5266.000000000005
8106.250000000008
5422.0000000000055
9221.00000000001
4929.000000000005
10934.250000000013
4553.0000000000055
8917.00000000001
4770.0000000000055
7154.000000000008
5414.0000000000055
7215.250000000009
5646.0000000000055
6621.000000000005
6327.000000000007
6200.0000000000055
5838.000000000005
7143.000000000008
4044.0000000000055
9124.250000000011
4037.000000000004
10158.500000000011
3034.000000000003
10622.000000000011
1569.0000000000016
8813.00000000001
1168.000000000001
7586.500000000007
995.000000000001
7310.250000000007
1035.0000000000011
6974.750000000007
1201.0000000000007
5641.7500000000055
1104.0000000000007
4785.5000000000055
992.000000000001
4767.750000000005
917.0000000000009
4855.000000000006
767.0000000000006
5444.750000000005
696.0000000000007
5910.500000000006
713.0000000000007
5907.7500000000055
717.0000000000008
6812.250000000008
739.0000000000007
6299.750000000006
674.0000000000006
4986.500000000005
684.0000000000007
4670.7500000000055
710.0000000000007
5447.7500000000055
843.0000000000009
5977.250000000007
920.000000000001
5959.500000000006
1101.0000000000011
5460.7500000000055
1224.0000000000014
5742.5000000000055
1464.000000000001
6410.750000000007
1642.0000000000014
6415.500000000007
1691.0000000000018
6451.500000000006
1534.0000000000011
6576.750000000006
1566.0000000000018
6779.500000000007
1490.0000000000011
7041.000000000007
1319.0000000000011
6993.500000000007
1294.0000000000011
7359.000000000007
1260.0000000000014
7541.250000000009
1104.0000000000007
7683.75000000001
1025.0000000000007
7665.250000000008
1086.0000000000014
7597.250000000009
965.0000000000011
7397.500000000008
1102.0000000000014
6883.000000000007
1191.000000000001
6329.250000000007
950.000000000001
6148.000000000007
1016.000000000001