32639.000000000033
32640.000000000033
16300.750000000016
18332.000000000022
15843.750000000016
17762.000000000015
9861.00000000001
13192.000000000013
9502.750000000011
12792.000000000015
9960.500000000011
12830.000000000011
10416.25000000001
12730.000000000015
10880.750000000011
12577.000000000015
11330.000000000013
12433.000000000011
11787.000000000013
12315.000000000015
12167.000000000015
12189.000000000011
12400.250000000013
11912.000000000013
12569.750000000013
11717.000000000011
12624.250000000015
11742.000000000016
12610.000000000013
11913.000000000013
12486.250000000013
12245.000000000007
12334.750000000011
12527.000000000015
12199.500000000015
12744.00000000001
12077.250000000013
13013.000000000011
11908.25000000001
13218.000000000015
11732.750000000013
13346.000000000016
11330.750000000011
13427.000000000015
11039.000000000013
13357.000000000016
11225.750000000011
13321.000000000015
11105.750000000011
13386.000000000013
10653.500000000013
13515.000000000011
10419.250000000011
13626.00000000001
11364.250000000011
13815.000000000016
12499.00000000001
14072.000000000016
10865.750000000013
14358.00000000001
11008.000000000011
14472.000000000016
11084.000000000013
14488.000000000016
12152.750000000013
14316.000000000016
11743.250000000013
13878.000000000016
11117.250000000013
13412.000000000015
10841.750000000011
13059.000000000011
10934.750000000011
12753.000000000011
11001.250000000011
12604.000000000015
10825.500000000011
12724.000000000011
10175.000000000011
13128.000000000016
10006.75000000001
13504.000000000018
10242.250000000011
14038.00000000001
10898.750000000011
14520.000000000015
11477.000000000013
14572.000000000018
11928.500000000013
14650.000000000015
11455.000000000013
14372.000000000015
11456.250000000011
13207.000000000013
11330.250000000013
12631.000000000011
10889.75000000001
12237.000000000011
10641.500000000011
11726.000000000015
10349.00000000001
11711.000000000007
10444.250000000011
11829.00000000001
10626.750000000011
11831.000000000015
10448.50000000001
12763.000000000007
10928.25000000001
13335.000000000013
11324.500000000011
13083.000000000016
11516.750000000011
13379.000000000011
11677.00000000001
12794.000000000007
11931.500000000013
12730.000000000015
11924.000000000011
12554.000000000015
11971.750000000015
12556.000000000011
11913.250000000011
11942.000000000013
10987.750000000013
12302.00000000001
10536.750000000011
12094.000000000007
10587.50000000001
12180.00000000001
10202.75000000001
12448.000000000011
10167.250000000011
10619.000000000013
10411.000000000013
10483.00000000001
11246.500000000011
12301.00000000001
11838.750000000013
12998.000000000011
11579.250000000011
12712.00000000001
11041.250000000013
12279.000000000015
10838.750000000013
12389.000000000011
10382.750000000011
11977.000000000011
10413.000000000011
10633.000000000011
10527.500000000011
9773.000000000011
10502.750000000011
9846.000000000011
10202.75000000001
9906.000000000013
10043.500000000011
11291.000000000013
10033.50000000001
12316.00000000001
10046.250000000011
12653.00000000001
10143.000000000011
11018.000000000011
10903.000000000013
10282.000000000007
10432.75000000001
10135.000000000011
9177.00000000001
8424.000000000007
8559.500000000007
6259.000000000007
11740.000000000013
9584.00000000001
15215.750000000016
12645.000000000015
15013.500000000016
12865.00000000001
32638.750000000036
32637.000000000036