12436.750000000013
8247.000000000007
11597.750000000013
8787.000000000011
10909.500000000013
9534.000000000011
10734.500000000011
10272.000000000011
11018.250000000013
10949.000000000011
11321.000000000011
11485.000000000011
11373.500000000011
11872.000000000011
11246.000000000011
12273.000000000013
11023.250000000011
12525.000000000011
10898.250000000011
12782.000000000015
10739.250000000011
13055.000000000013
10678.000000000013
13207.000000000013
10647.750000000011
13280.000000000016
10591.000000000011
13274.000000000015
10463.750000000011
13057.000000000015
10472.250000000011
12763.000000000007
10690.25000000001
12374.000000000011
10877.000000000011
11871.000000000011
10981.000000000011
11488.000000000013
10955.500000000013
11294.000000000011
10893.500000000011
11260.00000000001
11027.500000000011
11317.000000000011
11228.750000000013
11370.000000000011
11468.750000000011
11409.000000000013
11765.000000000011
11456.00000000001
11958.500000000015
11580.000000000013
12063.250000000013
11773.000000000013
12156.750000000015
12055.000000000015
12245.250000000015
12311.000000000011
12532.000000000013
12483.00000000001
12836.000000000013
12672.000000000016
13172.000000000015
12873.000000000015
13595.250000000015
12996.000000000016
13927.250000000013
13073.000000000011
14249.000000000015
13328.000000000013
14471.750000000015
13578.000000000015
14674.500000000013
13757.000000000016
14751.750000000015
13488.000000000015
14481.250000000015
13168.000000000015
13657.000000000015
13067.000000000007
12510.000000000015
11610.000000000011
11695.500000000015
10112.000000000011
11397.500000000013
10381.000000000007
11098.50000000001
9047.000000000007
10737.750000000011
8502.00000000001
10706.750000000011
8649.000000000005
11455.500000000013
8875.00000000001
13693.000000000016
9936.000000000005
13062.500000000013
11998.00000000001
10766.25000000001
11962.000000000011
10807.500000000011
11241.000000000015
10165.75000000001
9697.000000000011
9142.250000000011
10331.000000000013
9919.50000000001
10808.000000000013
11798.250000000015
10444.000000000011
12699.250000000015
11327.000000000013
11268.25000000001
12296.000000000011
10123.750000000011
13188.000000000015
9980.250000000011
14788.000000000018
8689.000000000007
15159.000000000016
7814.750000000007
15215.000000000016
7791.000000000006
15091.000000000015
8498.75000000001
14873.000000000015
9521.00000000001
14549.000000000016
10432.750000000011
14191.000000000018
9841.750000000011
13794.00000000001
9256.00000000001
13376.000000000016
9448.25000000001
12948.000000000013
9553.50000000001
12427.000000000007
9406.00000000001
11989.000000000013
9654.75000000001
11506.000000000011
9529.500000000011
11094.000000000011
9603.00000000001
10799.000000000011
9553.250000000011
10499.000000000011
9320.50000000001
10163.00000000001
8822.250000000007
9790.00000000001
8630.00000000001
9450.000000000011
8500.75000000001
9100.000000000011
8242.75000000001
8738.00000000001
8100.500000000009
8325.000000000007
8416.250000000007
7800.000000000008
8454.250000000007
7257.000000000006
8436.50000000001
6793.000000000008
8168.000000000009
6486.000000000005
7831.000000000008
6274.000000000006
7760.500000000008
6086.000000000006
7776.000000000009
5926.000000000006
7824.000000000008
5871.000000000004
7817.750000000008
5749.0000000000055
7829.750000000007
5600.000000000006