32640.000000000033
32640.000000000033
32640.000000000033
32640.000000000033
32640.000000000033
32640.000000000033
32640.000000000033
32640.000000000033
32640.000000000033
32640.000000000033
32640.000000000033
32640.000000000033
32638.000000000033
32640.000000000033
32640.000000000033
32640.000000000033
30850.250000000033
32640.000000000033
28505.25000000003
32640.000000000033
27139.500000000033
32640.000000000033
26917.000000000025
32640.000000000033
26642.250000000033
32640.000000000033
25631.750000000025
32636.000000000033
24941.500000000025
32327.000000000036
24586.500000000025
22797.000000000022
23972.000000000025
15822.000000000018
22794.750000000022
15996.000000000016
21832.250000000022
15275.000000000016
20764.250000000015
12477.000000000015
20588.50000000002
11233.000000000011
20714.000000000022
10997.000000000011
20423.000000000022
10444.000000000011
19764.750000000022
10494.000000000011
19944.25000000002
10659.000000000011
18784.50000000002
9959.000000000011
18584.750000000022
9485.00000000001
19198.25000000002
10905.000000000011
17259.25000000002
11731.000000000015
14977.500000000016
10396.000000000007
14129.250000000015
10409.000000000011
13762.250000000016
12353.000000000013
13173.250000000013
15315.000000000016
11913.750000000011
18089.000000000022
11229.750000000011
17782.00000000002
11493.750000000011
15024.000000000011
12578.750000000011
15419.00000000002
14103.750000000015
16372.000000000016
15196.500000000015
17212.000000000015
14108.500000000015
18145.000000000022
12499.500000000013
19188.000000000022
11797.000000000013
20142.00000000002
10871.000000000011
20922.000000000022
9976.25000000001
21666.000000000022
9319.25000000001
22593.000000000025
8588.000000000007
23778.00000000002
11245.000000000011
25760.00000000002
13471.500000000013
27134.00000000003
12373.00000000001
27487.00000000003
11930.500000000013
28443.000000000033
11917.750000000015
29874.00000000002
11835.000000000011
31828.00000000003
11938.500000000011
32636.000000000033
12994.250000000013
32640.000000000033
20146.50000000002
32640.000000000033
22279.50000000002
32640.000000000033
23093.500000000022
32640.000000000033
19129.50000000002
32640.000000000033
11998.250000000013
32640.000000000033
10536.500000000011
32640.000000000033
10111.75000000001
32638.000000000033
10188.000000000011
32638.000000000033
10336.250000000011
32638.000000000033
10822.000000000011
32640.000000000033
11055.500000000011
32640.000000000033
12165.000000000013
32638.000000000033
14774.750000000016
32638.000000000033
19760.750000000022
32634.000000000033
19976.25000000002
32640.000000000033
17607.50000000002
32640.000000000033
15600.000000000016
32640.000000000033
16451.75000000002
32640.000000000033
17677.25000000002
32640.000000000033
19056.75000000002
32640.000000000033
20638.00000000002
32640.000000000033
22126.00000000003
32640.000000000033
24175.250000000025
32640.000000000033
26800.500000000025
32640.000000000033
29594.000000000033
32640.000000000033
32512.000000000033
32640.000000000033
32638.000000000033
32640.000000000033
32636.500000000033
32640.000000000033
32640.000000000033
32640.000000000033
32640.000000000033
32640.000000000033
32640.000000000033
32632.000000000036
32639.000000000033
32624.000000000036
32255.000000000033
29540.00000000002
29488.000000000033
21812.000000000022
28875.00000000003
21064.000000000022
32149.000000000036
30912.000000000036