2162.0000000000023
4952.000000000005
2235.0000000000027
5885.000000000005
2352.7500000000027
6545.0000000000055
2472.7500000000027
6740.000000000004
2414.2500000000027
6597.000000000007
2590.2500000000023
6286.0000000000055
3349.250000000003
5735.000000000006
4251.750000000004
5137.000000000004
5017.7500000000055
4515.0000000000055
5619.2500000000055
3842.0000000000045
6006.000000000006
3440.0000000000027
6089.2500000000055
3022.0000000000023
6534.500000000006
2200.0000000000014
7435.250000000007
1785.0000000000018
7736.750000000008
1693.000000000002
8217.25000000001
1774.0000000000016
8167.00000000001
1735.0000000000018
7727.750000000007
1604.0000000000016
7081.500000000009
1642.0000000000014
6524.750000000007
1673.0000000000011
6239.000000000007
1762.0000000000018
6126.7500000000055
1842.000000000002
6844.2500000000055
1945.0000000000018
7548.500000000007
2211.0000000000023
7683.750000000007
2552.000000000003
6988.250000000006
2251.000000000003
6194.000000000007
1249.000000000001
5447.5000000000055
1989.0000000000018
5718.2500000000055
2500.000000000002
5013.500000000005
3493.0000000000027
4949.500000000005
7433.000000000008
4898.000000000005
10068.000000000007
4791.250000000005
9379.00000000001
5223.7500000000055
8798.000000000004
6685.250000000007
10138.000000000011
7972.750000000007
10621.000000000013
8065.750000000007
10196.000000000013
8085.000000000007
9920.000000000005
7763.750000000009
9039.000000000011
8516.00000000001
7868.000000000009
8436.25000000001
6970.000000000008
7453.250000000007
7388.000000000006
7160.250000000007
7454.000000000007
6372.500000000007
8190.00000000001
6662.2500000000055
9964.000000000011
8212.25000000001
11098.000000000013
8347.25000000001
11701.000000000015
6829.000000000007
12175.000000000011
5885.000000000006
12042.00000000001
5142.250000000006
9694.000000000011
5743.250000000006
3762.000000000004
5057.250000000005
1824.000000000002
5089.250000000005
2187.0000000000014
7808.750000000006
2457.0000000000023
9339.000000000011
3690.0000000000045
11008.750000000013
4646.000000000004
10100.50000000001
5128.000000000003
6594.500000000006
4645.0000000000055
6288.250000000007
4814.000000000005
5951.750000000006
5190.0000000000055
5358.500000000005
4580.0000000000055
5051.250000000005
5597.000000000006
5020.750000000006
6239.000000000008
5749.0000000000055
6548.000000000007
5935.000000000007
6402.000000000005
4011.000000000004
6410.000000000005
3623.7500000000036
6361.000000000008
3674.000000000003
5815.000000000005
3539.000000000004
4800.000000000003
3693.250000000004
4305.000000000003
3957.750000000004
4025.0000000000045
4180.500000000004
2722.0000000000027
3163.250000000003
547.0000000000002
3332.750000000004
371.00000000000034
3974.0000000000045
344.00000000000034
4067.750000000004
343.00000000000034
3925.500000000003
312.00000000000034
3916.2500000000036
304.0000000000003
3768.7500000000036
301.0000000000003
3464.5000000000027
281.00000000000017
3265.750000000003
266.00000000000017
3020.2500000000036
267.0000000000002
3116.5000000000027
250.00000000000023
3384.000000000003
252.0000000000002
3741.7500000000036
248.00000000000028
3716.750000000004
249.0000000000003
3768.0000000000036
263.0000000000002
3963.5000000000045
269.0000000000003
4083.750000000004
265.0000000000003
3993.5000000000045
264.0000000000003