6883.7500000000055
9409.00000000001
6840.000000000007
10172.000000000011
7089.250000000008
9794.000000000007
7466.250000000008
8895.000000000007
7671.250000000006
8485.000000000007
7628.750000000007
7496.000000000008
7429.250000000008
6293.000000000003
7039.250000000006
5436.0000000000055
7399.000000000007
4687.0000000000055
8526.500000000011
4846.000000000006
9251.500000000011
4767.000000000005
9563.50000000001
4821.000000000004
9484.25000000001
4808.000000000006
9204.25000000001
4601.000000000005
9005.500000000007
4374.000000000003
8898.750000000007
4147.000000000004
8645.75000000001
4200.000000000004
8643.25000000001
4460.0000000000055
9000.000000000007
4773.000000000005
9325.50000000001
4743.0000000000055
9508.00000000001
4945.000000000003
9718.25000000001
5270.0000000000055
9069.000000000007
5642.0000000000055
8543.25000000001
6401.000000000006
8692.50000000001
6503.000000000008
8689.75000000001
6876.000000000009
8621.75000000001
6693.000000000006
8792.75000000001
6748.0000000000055
8952.750000000007
7756.000000000008
8863.50000000001
9773.000000000011
8693.25000000001
8076.000000000008
8636.750000000011
7644.000000000007
8427.500000000007
9110.00000000001
8596.75000000001
8693.00000000001
8872.50000000001
8838.000000000005
9024.75000000001
8991.000000000005
9077.50000000001
8430.000000000007
11225.250000000011
7299.0000000000055
11034.000000000011
6412.000000000008
10171.00000000001
6545.0000000000055
9463.75000000001
6679.000000000004
10716.50000000001
7026.000000000009
11716.750000000013
7136.000000000008
12021.500000000013
7610.00000000001
10916.500000000011
7845.000000000006
9540.500000000011
8119.000000000008
8578.250000000007
8380.00000000001
7543.250000000008
8675.000000000004
7800.500000000007
8628.000000000007
7762.750000000007
8235.000000000004
7320.000000000008
7621.000000000005
6795.000000000007
7126.000000000005
6228.500000000007
6755.000000000004
6184.5000000000055
6428.000000000006
6148.0000000000055
5995.000000000003
6180.250000000006
5726.0000000000055
6346.000000000007
5505.0000000000055
6462.000000000006
5236.000000000004
6679.500000000006
4859.000000000004
6525.500000000007
4937.000000000005
6624.250000000007
5143.000000000006
6663.000000000006
5185.0000000000055
6707.2500000000055
5236.000000000004
7167.250000000006
5381.0000000000055
6971.5000000000055
5434.000000000006
7070.750000000008
5148.0000000000055
7133.000000000009
5045.0000000000055
7004.750000000007
4961.0000000000055
7376.750000000006
4792.000000000005
7373.500000000007
4905.000000000005
7264.000000000007
5119.000000000006
6963.5000000000055
5344.0000000000055
6804.000000000007
5284.0000000000055
6947.000000000007
5568.000000000006
7084.750000000007
5776.000000000006
6986.500000000007
5418.0000000000055
6833.750000000007
5187.000000000005
6773.500000000007
5066.000000000005
6733.0000000000055
4957.0000000000055
6742.5000000000055
4991.0000000000055
6824.750000000007
4982.0000000000055
7063.000000000007
4989.000000000006
7440.250000000007
4906.000000000005
7422.000000000007
5017.0000000000055
7707.750000000007
5016.0000000000055
7647.750000000009
5022.0000000000055
7416.000000000007
5335.000000000004
7538.7500000000055
5027.000000000006
7980.000000000008
5070.000000000005
8175.000000000007
5199.0000000000055