10540.75000000001
4446.000000000003
11858.00000000001
5361.0000000000055
13123.250000000011
5960.000000000005
13928.250000000011
5990.000000000005
13967.000000000013
5839.000000000005
13184.500000000013
5115.000000000002
12451.000000000013
3972.000000000003
12325.250000000011
3317.000000000003
11983.250000000013
3160.000000000002
11776.000000000011
3092.000000000002
12407.750000000013
3193.0000000000036
12295.250000000013
3411.0000000000036
10353.000000000011
3721.0000000000036
7757.750000000008
3778.000000000004
6360.250000000007
3750.0000000000036
5875.500000000006
3816.000000000004
6145.000000000006
3819.0000000000045
6999.250000000007
3831.000000000003
7829.500000000008
3829.000000000003
8358.750000000007
3726.0000000000036
8675.000000000007
3552.000000000003
9289.75000000001
3555.0000000000036
9920.000000000011
3665.000000000004
10404.250000000013
3804.000000000002
10879.500000000007
4205.000000000005
11139.250000000013
4918.0000000000055
10783.250000000013
5626.000000000005
9984.750000000011
6476.0000000000055
8670.50000000001
7073.000000000007
7017.250000000006
7469.000000000006
5595.500000000005
7527.000000000007
4986.000000000005
7699.000000000008
5469.750000000006
8458.000000000005
6379.7500000000055
9925.000000000011
7711.000000000007
10535.000000000011
8034.500000000008
9507.00000000001
8764.25000000001
8360.000000000005
9521.75000000001
8373.00000000001
10114.250000000011
8363.000000000007
11239.500000000011
8800.000000000005
12293.500000000013
8931.000000000005
14778.750000000016
9405.000000000007
14915.500000000015
10375.000000000011
9999.250000000011
9834.000000000011
8243.75000000001
8699.00000000001
8048.000000000007
8101.000000000009
7715.000000000006
7996.000000000008
7651.250000000008
9239.000000000013
7313.500000000008
10925.000000000013
9565.25000000001
14356.000000000015
11247.250000000011
15687.000000000018
12485.250000000015
16313.000000000016
11381.250000000011
14856.000000000011
8988.75000000001
11057.000000000015
7348.500000000008
7401.000000000007
7351.750000000008
4825.000000000004
7214.750000000008
4052.0000000000036
7010.750000000006
4038.000000000005
7647.250000000009
4110.000000000005
8753.50000000001
4274.000000000005
9690.75000000001
4550.0000000000055
9058.75000000001
4865.000000000003
7625.500000000007
5210.000000000005
8134.000000000008
5708.0000000000055
8582.500000000007
6216.000000000008
9088.75000000001
6554.000000000005
10339.250000000011
6998.000000000006
10643.500000000011
7644.000000000007
11169.000000000011
8167.000000000008
12366.250000000013
8632.00000000001
12424.500000000015
9337.000000000007
12541.000000000011
9561.00000000001
12431.250000000013
9031.000000000011
12527.000000000015
8293.000000000007
12636.250000000011
7803.000000000009
12464.250000000013
7737.000000000008
11928.500000000013
8210.000000000007
11407.250000000015
9091.000000000005
11532.500000000013
9708.000000000011
11573.250000000013
9367.000000000007
11518.000000000011
8651.000000000007
11733.500000000011
8350.00000000001
11561.500000000013
8503.00000000001
11049.000000000011
9093.000000000007
10235.500000000013
9946.000000000007
9530.50000000001
10336.000000000011
9133.00000000001
10723.000000000011
9038.00000000001
11200.000000000013
9149.750000000011
10284.000000000013
9587.00000000001
9329.000000000007