16311.750000000016
19366.00000000002
16010.000000000018
18835.000000000022
15752.000000000016
17925.000000000022
15583.750000000016
16729.00000000002
15621.000000000018
15236.000000000016
15930.000000000018
13950.000000000016
16269.250000000016
13146.000000000013
16596.750000000015
12938.000000000011
16925.00000000002
12845.000000000011
17353.75000000002
13191.000000000013
17825.50000000002
14107.000000000015
18212.25000000002
15315.000000000016
18556.00000000002
16424.00000000002
18814.75000000002
17357.00000000001
18975.25000000002
18133.00000000002
18894.25000000002
18685.000000000022
18656.000000000022
19037.000000000022
18483.25000000002
19632.000000000022
18204.75000000002
20237.000000000022
17731.75000000002
20655.000000000015
17106.00000000002
21004.000000000022
16452.75000000002
21207.00000000002
15955.750000000018
21333.000000000022
15683.000000000013
21525.00000000002
15676.750000000016
21867.000000000025
15942.000000000018
22357.00000000003
16252.75000000002
22864.000000000022
16911.50000000002
23253.000000000015
17297.75000000002
23391.000000000022
17644.75000000002
23416.00000000002
17999.500000000022
23399.00000000002
18513.75000000002
23275.00000000002
19315.75000000002
23153.000000000025
19487.00000000002
23039.000000000022
18120.25000000002
22972.000000000025
16535.25000000002
22846.00000000003
12971.250000000011
22730.000000000025
9360.250000000011
22511.000000000022
8162.500000000009
22168.000000000025
8280.750000000007
19729.00000000002
7623.000000000006
16667.00000000002
6270.000000000007
15139.000000000018
5697.500000000006
15134.000000000018
5654.2500000000055
14645.000000000015
5939.000000000006
13864.000000000015
6391.750000000006
12459.000000000013
6665.500000000008
11350.000000000013
6822.000000000006
10398.000000000013
6616.250000000008
9995.00000000001
6348.750000000006
9924.000000000007
6111.750000000006
10414.00000000001
5550.250000000005
10719.00000000001
5104.5000000000055
11075.000000000011
4984.5000000000055
11948.000000000011
4835.500000000005
13052.000000000016
5122.500000000005
14837.000000000013
6015.000000000007
15743.000000000015
7234.250000000007
15945.000000000013
8415.750000000007
15975.00000000002
9523.50000000001
17722.00000000002
9622.50000000001
22188.000000000025
11319.250000000011
24192.00000000001
12228.000000000011
23241.000000000022
12349.250000000015
22107.000000000025
13540.000000000013
20069.00000000001
13907.500000000015
18018.000000000015
15744.750000000016
16919.00000000002
18624.00000000002
15639.000000000018
18799.50000000002
14915.000000000016
18511.00000000002
14391.000000000015
17992.00000000002
14251.00000000001
17422.000000000015
14687.000000000015
16772.25000000002
14113.000000000013
16176.750000000016
13241.000000000011
15698.000000000018
13043.000000000011
15334.000000000015
12877.000000000011
14975.000000000016
12659.000000000013
14642.750000000015
12391.000000000015
14225.500000000015
11547.000000000013
13983.250000000015
10635.00000000001
14048.000000000015
10437.00000000001
14084.250000000013
10686.000000000013
13837.500000000018
11026.000000000011
13284.500000000015
11251.000000000013
12689.500000000013
11660.00000000001
12223.250000000011
12171.000000000013
11883.500000000013
12717.000000000016
11567.500000000011
13352.000000000018
11221.250000000013
13862.000000000013
10720.000000000011
14297.00000000001