8857.25000000001
6813.000000000005
9537.00000000001
6235.000000000005
10412.250000000011
6340.000000000008
10969.750000000011
7019.000000000005
10274.250000000011
7478.000000000008
10456.25000000001
7612.000000000008
10376.50000000001
8766.000000000007
10095.250000000013
9372.000000000005
9855.25000000001
9731.00000000001
9457.00000000001
10182.000000000011
9613.50000000001
9471.000000000005
10039.000000000011
8778.000000000005
9816.25000000001
8284.000000000011
9723.500000000011
8886.000000000011
9585.75000000001
8791.00000000001
9469.00000000001
8377.000000000007
8752.75000000001
8474.000000000005
8253.75000000001
8512.000000000005
8769.000000000007
9317.00000000001
8678.00000000001
9992.000000000007
7367.250000000006
10008.00000000001
6048.750000000007
10524.000000000011
5940.500000000006
10760.000000000011
6219.250000000006
11105.00000000001
6091.5000000000055
12112.000000000015
5760.5000000000055
12362.00000000001
5479.0000000000055
11776.000000000013
5500.250000000006
10153.000000000011
5783.0000000000055
9178.00000000001
6134.2500000000055
8988.000000000011
6096.2500000000055
9531.00000000001
6352.500000000006
9937.000000000011
6712.5000000000055
10903.000000000005
6695.500000000008
10797.000000000013
6940.750000000008
12082.000000000015
6610.000000000006
11730.000000000013
6741.5000000000055
11450.00000000001
6518.000000000006
8482.000000000011
6095.000000000007
6275.000000000008
5970.0000000000055
6458.000000000006
5528.2500000000055
6941.0000000000055
6652.250000000006
6660.000000000007
7075.000000000008
5572.000000000006
5906.7500000000055
3761.0000000000023
4859.5000000000055
3336.000000000003
4526.000000000005
3145.000000000002
4763.500000000005
2752.0000000000027
5073.500000000005
2456.000000000002
7165.750000000007
2235.0000000000023
9171.250000000011
1831.0000000000011
9971.750000000011
1905.0000000000023
9542.250000000011
2255.0000000000023
9792.50000000001
2766.000000000003
9518.50000000001
2780.000000000003
9865.50000000001
2538.000000000002
10138.50000000001
2895.000000000003
10949.25000000001
3190.000000000003
11993.000000000011
3121.0000000000023
11428.000000000015
3348.0000000000036
9665.25000000001
3297.000000000003
9188.25000000001
2725.000000000003
9212.25000000001
2723.000000000003
9650.75000000001
2658.000000000002
9664.25000000001
2483.0000000000027
9850.25000000001
2677.000000000002
9108.25000000001
2265.0000000000014
8463.750000000007
2618.000000000002
9349.25000000001
5816.000000000005
10234.000000000011
5742.0000000000055
13094.000000000013
10720.000000000011
14039.750000000016
13200.00000000001
14353.750000000015
13937.000000000016
14164.750000000016
14221.00000000001
12679.250000000011
14899.000000000015
11883.500000000013
13185.00000000001
11811.000000000011
10169.000000000011
12150.250000000013
9010.000000000007
12059.750000000013
6575.0000000000055
11757.500000000015
5290.000000000006
11166.750000000011
5289.0000000000055
11694.500000000011
5179.000000000004
12536.500000000013
6636.0000000000055
13462.500000000015
6809.000000000006
13900.000000000013
7046.000000000007
14163.750000000011
7649.0000000000055
13304.500000000013
7289.000000000006
11877.000000000013
4917.0000000000055
11460.25000000001
3720.000000000003
11635.750000000011
1773.0000000000018
12634.250000000011
1140.0000000000007