5395.500000000006
5162.0000000000055
5522.750000000005
6404.000000000008
5330.750000000005
8087.000000000008
5100.750000000005
8232.000000000007
5339.5000000000055
8909.00000000001
5705.250000000005
10341.000000000011
5691.5000000000055
12024.000000000011
5406.2500000000055
10923.000000000013
5175.500000000005
8935.000000000011
5087.750000000005
8701.000000000005
5129.2500000000055
8269.000000000011
5185.2500000000055
7542.00000000001
5201.000000000005
6378.000000000007
5210.2500000000055
5492.000000000006
5200.750000000005
5443.0000000000055
5209.0000000000055
5835.000000000007
5253.0000000000055
6172.0000000000055
5454.7500000000055
6260.000000000004
5616.2500000000055
6601.000000000006
5678.500000000006
7346.000000000009
5676.000000000006
9566.000000000007
5625.000000000006
12810.000000000007
5701.250000000006
14088.000000000007
6150.250000000006
12286.00000000001
6902.000000000008
10285.00000000001
7711.750000000006
8519.000000000005
8569.25000000001
7799.000000000006
9364.25000000001
7581.000000000007
9880.500000000011
7742.000000000009
10251.500000000013
7558.000000000007
10988.000000000015
9115.00000000001
11368.000000000011
10971.000000000013
11558.250000000013
10939.000000000013
10663.500000000011
10211.000000000011
10457.000000000013
10490.000000000011
11010.250000000013
11492.000000000013
12237.750000000013
12561.00000000001
13550.500000000011
12752.000000000015
11182.75000000001
12544.00000000001
8767.25000000001
10987.000000000005
7646.250000000007
10907.00000000001
10851.000000000011
10897.000000000011
11537.000000000011
10604.000000000011
10018.00000000001
8173.000000000008
9750.75000000001
7164.000000000005
10273.00000000001
6595.000000000008
12143.500000000013
6151.000000000005
13711.250000000013
6685.000000000007
13239.250000000016
7871.000000000008
11674.250000000011
8752.000000000004
10272.500000000011
8054.000000000009
9786.750000000011
7145.000000000008
9793.250000000013
7347.000000000009
10492.50000000001
9388.000000000005
11007.750000000007
12982.000000000011
10991.500000000011
15931.000000000018
11538.250000000011
16845.000000000015
11619.750000000011
14338.000000000011
9956.25000000001
11369.000000000013
9486.50000000001
9236.000000000011
9928.500000000011
9372.000000000005
10486.500000000013
9326.000000000005
9937.500000000011
8302.000000000007
10538.000000000011
8168.000000000009
11638.500000000013
9452.000000000007
10348.750000000013
10116.000000000011
9743.25000000001
10198.000000000007
10023.500000000011
12683.00000000001
10841.00000000001
14344.000000000015
12708.750000000013
12294.000000000013
10867.00000000001
14005.000000000015
7299.250000000008
17192.00000000001
6330.250000000006
16139.000000000018
6282.750000000006
15261.000000000018
6603.000000000006
15587.000000000016
7292.250000000006
16649.000000000015
7564.500000000008
16247.000000000015
7796.000000000009
12085.000000000011
8381.750000000007
8849.000000000007
8600.25000000001
9423.000000000011
8341.750000000007
10358.000000000007
8166.250000000007
10237.000000000013
8564.00000000001
10688.000000000011
9249.25000000001
11478.000000000011
10134.750000000011
11578.00000000001
10850.000000000011
10349.000000000011
11330.250000000013
9564.000000000011
11772.000000000013
10144.000000000011
12081.250000000011
10651.00000000001
12003.750000000011
11017.000000000013