19609.500000000022
18078.00000000002
19634.25000000002
18031.000000000022
19676.250000000022
18112.000000000007
19724.75000000002
18286.00000000002
19802.75000000002
18478.000000000022
19974.25000000002
18618.00000000002
20056.250000000015
18743.00000000001
20014.75000000002
18781.000000000015
19749.000000000022
18787.00000000002
19376.000000000015
18816.000000000022
19100.000000000022
18861.000000000022
19059.00000000002
18948.000000000015
19387.75000000002
19032.00000000001
19931.750000000022
19065.00000000001
20506.000000000022
19103.000000000022
20954.000000000022
19091.00000000002
21329.500000000022
19074.000000000022
21714.25000000002
19002.000000000022
22095.50000000002
18896.00000000001
22235.750000000025
18772.00000000002
22533.750000000022
18634.00000000002
22600.500000000025
18538.000000000015
22421.500000000022
18440.00000000001
22404.500000000022
18380.00000000001
22179.000000000025
18323.000000000015
21855.750000000022
18304.000000000022
21572.25000000002
18298.00000000002
21583.000000000022
18333.00000000001
21395.000000000022
18351.00000000002
20829.000000000022
18387.00000000002
20392.250000000022
18465.000000000022
19133.00000000002
18612.000000000015
16248.750000000016
18893.00000000002
15384.000000000016
19286.00000000002
13811.250000000016
19729.000000000025
12487.000000000015
20138.000000000025
11870.500000000013
20440.000000000022
11576.500000000013
20660.000000000022
11132.500000000011
20849.000000000022
11148.250000000013
20995.000000000022
12026.250000000015
21170.000000000022
11853.000000000011
21380.00000000003
10741.750000000011
21643.00000000003
10386.750000000011
21947.000000000022
9745.500000000011
22382.000000000022
8933.500000000011
22791.000000000025
8907.75000000001
23044.000000000022
10852.500000000011
22383.000000000025
12807.000000000013
21396.000000000022
13903.500000000015
20113.00000000002
14350.000000000016
18781.000000000015
14403.500000000011
17219.00000000002
13407.750000000015
15989.000000000018
11380.500000000013
15170.000000000007
10642.50000000001
14234.000000000016
11294.50000000001
13389.000000000013
11532.000000000011
12806.000000000013
11914.000000000011
12256.00000000001
12244.750000000016
11645.00000000001
12301.750000000011
11253.000000000011
12268.000000000011
10747.000000000011
12227.750000000011
10298.000000000013
12361.500000000011
9676.00000000001
12879.250000000015
9035.00000000001
13944.000000000013
9032.000000000007
15121.500000000015
9104.00000000001
15587.000000000015
9493.00000000001
15779.750000000015
10242.000000000011
15897.750000000018
11214.00000000001
16457.25000000002
12650.000000000013
17816.00000000002
15861.000000000015
19874.250000000015
20729.000000000022
20863.00000000002
22242.000000000025
20961.50000000002
22419.000000000025
21041.250000000025
22650.000000000022
21081.75000000002
22889.000000000022
21078.250000000022
23089.000000000025
21037.25000000002
23308.000000000025
20959.75000000002
23392.000000000033
20865.500000000022
23437.000000000015
20768.25000000002
23503.000000000015
20642.50000000002
23595.000000000025
20486.00000000002
23628.00000000002
20330.500000000022
23587.00000000003
20167.75000000002
23457.00000000002
20053.000000000022
23374.000000000022
19951.500000000022
23293.000000000025
19822.750000000022
23207.000000000022
19658.000000000022
23079.000000000025
19489.500000000022
22974.000000000025