1787.000000000001
1768.0000000000016
5091.000000000004
4996.000000000004
13720.000000000011
12988.00000000001
30178.000000000036
27908.000000000025
31925.000000000033
29484.000000000033
31924.000000000033
29484.000000000033
31924.000000000033
29484.000000000033
31924.000000000033
29473.000000000033
15981.000000000016
17992.000000000022
7967.250000000007
11901.000000000011
8982.250000000011
12056.000000000013
9120.750000000011
12183.000000000007
9226.750000000011
12138.000000000016
9231.75000000001
11972.000000000007
9204.250000000011
11844.00000000001
9120.25000000001
12166.000000000015
9008.00000000001
11926.000000000007
8906.50000000001
11808.000000000011
8822.75000000001
11626.000000000011
8744.50000000001
11689.000000000011
8659.750000000011
11583.000000000013
8611.50000000001
11298.000000000013
8696.000000000011
11291.00000000001
8795.750000000007
11138.00000000001
8747.750000000007
11200.000000000011
8707.75000000001
11602.00000000001
8686.75000000001
12071.000000000013
8735.500000000007
12129.000000000005
8899.50000000001
12194.00000000001
9014.50000000001
12202.000000000013
9136.000000000007
12108.000000000016
9243.50000000001
12078.000000000007
9408.750000000007
11943.000000000013
9218.25000000001
11895.000000000007
9375.25000000001
11841.000000000011
9218.00000000001
11782.00000000001
9100.75000000001
11662.00000000001
8694.75000000001
11586.00000000001
8317.500000000007
11570.000000000011
8247.000000000007
11563.00000000001
8275.00000000001
11494.000000000011
8455.00000000001
11485.000000000011
8448.750000000007
11613.000000000011
8289.25000000001
11827.000000000015
8027.250000000007
12085.000000000011
7634.750000000006
12369.000000000013
7365.250000000007
12682.00000000001
7100.750000000006
13091.000000000016
8488.500000000007
13519.000000000015
10865.250000000013
13929.000000000015
9787.750000000011
14312.00000000001
7303.500000000008
14610.000000000015
7325.250000000007
14833.000000000013
7251.000000000006
14981.000000000018
7159.250000000007
15065.000000000013
7080.500000000006
15086.000000000016
6985.500000000008
15141.000000000016
6753.250000000007
15155.000000000016
6700.500000000006
15149.000000000015
6589.5000000000055
15060.000000000018
6493.2500000000055
14879.000000000016
6392.250000000006
14648.00000000001
6435.500000000006
14363.000000000016
6311.500000000006
14027.000000000007
6228.2500000000055
13619.000000000011
6230.0000000000055
13177.000000000011
6300.0000000000055
12694.000000000011
6464.2500000000055
12274.000000000015
6762.250000000007
11886.000000000011
7037.000000000006
11430.000000000013
7387.500000000006
11055.000000000011
8187.000000000009
10779.000000000013
9122.75000000001
10587.000000000011
9728.00000000001
10491.000000000013
10050.000000000011
10453.000000000011
10123.500000000011
10479.000000000011
10094.25000000001
10517.000000000011
10067.000000000011
10534.000000000011
10086.00000000001
10578.00000000001
9925.750000000011
10459.000000000013
10954.50000000001
12025.000000000015
27568.25000000003
26360.000000000022
31924.000000000033
29484.000000000033
31924.000000000033
29484.000000000033
31924.000000000033
29484.000000000033
31924.000000000033
29484.000000000033
31930.000000000033
29516.000000000033
19204.000000000007
17932.000000000007
4717.000000000002
4656.000000000001
1660.0000000000014
1652.0000000000011