7491.500000000007
9995.00000000001
7353.500000000009
10085.000000000013
7278.250000000007
10412.000000000011
7005.750000000008
10968.000000000013
6722.000000000006
10572.000000000013
6452.7500000000055
10595.000000000011
6062.750000000006
10960.000000000013
5671.250000000007
11384.000000000011
5360.750000000005
11262.000000000011
5223.250000000005
10449.000000000007
5040.7500000000055
10756.000000000013
4901.500000000006
10564.000000000013
4903.0000000000055
10297.000000000007
5592.500000000007
9695.000000000007
6368.250000000005
9160.000000000011
6960.000000000008
9013.00000000001
7750.500000000007
9356.000000000005
8746.50000000001
9463.000000000011
9949.250000000011
9406.000000000007
10752.75000000001
8997.00000000001
10997.750000000011
8298.000000000005
11081.000000000015
7738.000000000008
11084.250000000011
7334.000000000006
11215.75000000001
7281.000000000006
10569.000000000011
7545.000000000009
8943.00000000001
8007.00000000001
8396.00000000001
8755.000000000011
7935.750000000007
9195.00000000001
7625.000000000007
9315.000000000007
7971.250000000007
9259.000000000011
7878.250000000008
8915.000000000005
7303.250000000007
8456.00000000001
7002.500000000007
8254.000000000011
6734.0000000000055
8369.000000000007
6183.2500000000055
8498.000000000011
5524.5000000000055
8684.00000000001
4940.750000000005
9180.00000000001
4271.750000000005
9540.000000000005
3695.500000000003
9597.000000000011
4020.750000000004
9411.00000000001
3855.250000000004
8773.000000000007
4571.7500000000055
7784.000000000006
3921.500000000005
7017.0000000000055
3245.0000000000027
6093.000000000006
3708.500000000004
5467.0000000000055
4559.750000000005
5377.000000000004
5205.0000000000055
6703.0000000000055
6097.500000000006
8115.000000000009
7128.500000000006
7890.000000000006
7361.750000000008
7654.000000000006
7223.000000000008
8058.000000000008
6897.250000000007
7933.000000000007
6919.000000000007
8089.000000000008
7210.000000000009
8498.000000000011
7267.750000000007
8715.00000000001
7665.250000000008
9497.000000000007
7072.000000000007
9698.00000000001
6462.500000000007
10034.000000000011
6390.0000000000055
10026.00000000001
6211.500000000006
10092.000000000011
6110.500000000007
9944.000000000011
5852.2500000000055
9145.000000000011
5377.0000000000055
9157.00000000001
5255.250000000005
9880.000000000011
5306.7500000000055
10249.000000000011
5553.5000000000055
10604.000000000013
5604.250000000007
10752.000000000011
5801.7500000000055
11101.000000000011
5689.750000000006
11276.000000000013
5362.750000000005
11779.000000000011
5209.000000000006
11649.000000000013
4669.750000000005
11732.000000000005
4360.500000000005
12134.00000000001
4332.750000000005
12412.000000000016
4250.000000000004
12248.000000000013
3762.500000000003
12658.000000000013
3585.2500000000036
13375.000000000013
3502.500000000003
13527.000000000013
3494.750000000003
13152.000000000015
3503.250000000004
12780.000000000013
3632.2500000000045
12309.000000000013
3953.500000000004
12154.000000000013
4360.500000000004
12937.000000000011
4885.500000000004
13180.000000000011
5236.5000000000055
12998.000000000011
5543.0000000000055
13940.000000000015
5832.5000000000055
16827.00000000002
6116.750000000007
15782.000000000016
6115.5000000000055
11722.00000000001
6331.7500000000055
11446.000000000013