30630.50000000003
30669.000000000033
30622.500000000033
30725.000000000025
30621.000000000036
30673.000000000022
30525.75000000003
30657.000000000036
30359.500000000033
30632.00000000003
30350.25000000003
30649.00000000003
30284.25000000003
30607.000000000033
30332.250000000033
30619.00000000003
30374.000000000033
30619.000000000036
30385.000000000033
30595.000000000036
30388.50000000003
30558.000000000033
30380.500000000033
30544.000000000036
30363.00000000003
30510.00000000003
30394.000000000036
30523.000000000033
30387.50000000003
30519.000000000033
30377.000000000036
30520.000000000033
30382.00000000003
30532.000000000033
30357.75000000003
30505.000000000033
30347.50000000003
30489.000000000033
30345.00000000003
30477.000000000033
30354.25000000003
30534.000000000033
30383.50000000003
30546.00000000003
30401.750000000036
30565.000000000033
30427.750000000033
30565.000000000033
30401.500000000033
30583.000000000033
30355.000000000036
30585.00000000003
30324.25000000003
30557.000000000036
30310.750000000033
30555.00000000003
30271.500000000025
30550.000000000033
30134.25000000003
30575.000000000033
29678.25000000003
30518.00000000003
28453.00000000003
30441.00000000003
28215.000000000025
30446.000000000033
28434.50000000003
30639.000000000033
25856.000000000025
29702.000000000033
22522.750000000025
24939.00000000003
16066.500000000016
21613.000000000022
11556.750000000013
19208.000000000015
9232.750000000011
17203.00000000002
8299.25000000001
15521.000000000018
7674.000000000007
14012.000000000016
7207.000000000008
12793.000000000007
6896.250000000006
11709.00000000001
6593.500000000006
11069.000000000011
6351.750000000006
10806.000000000011
5979.5000000000055
10605.00000000001
5771.2500000000055
10521.00000000001
5801.7500000000055
10455.000000000011
6045.7500000000055
10480.000000000007
6119.500000000007
10028.000000000011
6813.500000000006
9906.000000000011
7919.500000000006
10291.000000000013
8936.500000000007
10533.000000000007
9637.75000000001
10963.000000000011
9572.500000000011
11535.000000000011
9295.500000000011
12344.000000000011
8984.500000000011
13584.000000000013
8419.75000000001
15181.000000000018
7875.500000000008
16631.000000000015
7919.500000000006
18850.000000000022
7640.750000000009
20639.000000000015
7403.500000000007
22110.000000000022
7300.250000000006
24462.000000000015
7506.250000000007
27722.000000000025
8280.75000000001
29548.000000000033
9766.000000000011
30143.000000000033
11086.250000000013
30296.00000000003
11588.50000000001
30340.000000000033
12038.75000000001
30363.000000000033
12440.500000000011
30355.000000000033
12802.750000000015
30336.000000000033
13286.000000000015
30336.000000000033
13839.500000000013
30367.00000000003
14573.500000000015
30385.000000000033
15866.000000000015
30329.000000000025
17830.25000000002
30338.000000000036
20515.250000000022
30470.00000000003
24725.000000000025
30522.000000000036
27572.25000000003
30499.00000000002
29222.25000000003
30514.00000000002
29940.25000000003
30494.000000000033
30141.50000000003
30423.000000000036
30131.000000000036
30478.000000000033
30095.75000000003
30437.000000000036
30086.500000000022
30409.000000000036
30101.750000000025
30373.00000000003
30080.000000000033
30248.000000000033
30105.750000000025
30162.00000000003
30080.25000000003
30102.00000000003
30083.000000000033
30001.000000000033