1500.7500000000014
2499.0000000000023
1644.7500000000014
3663.000000000004
1914.5000000000018
5134.000000000006
2321.0000000000027
6529.0000000000055
2825.0000000000027
7352.0000000000055
3345.0000000000036
7762.000000000007
3817.2500000000036
7967.000000000008
4256.750000000005
8182.00000000001
4554.000000000004
8514.000000000007
4799.5000000000055
8671.000000000005
5027.250000000005
8755.000000000005
5146.5000000000055
8711.000000000011
5689.250000000006
8884.000000000005
6367.750000000006
9060.000000000011
6696.7500000000055
8937.00000000001
6957.250000000006
9011.000000000011
7123.500000000008
9334.000000000005
7063.750000000008
9609.000000000011
7043.750000000007
9768.000000000011
6969.250000000007
10130.000000000011
7020.250000000007
10478.000000000015
7366.500000000008
10881.000000000011
7859.750000000007
10920.000000000011
8302.250000000011
11021.000000000011
8630.25000000001
11210.000000000011
8979.50000000001
11394.000000000013
9350.00000000001
11497.000000000011
9608.00000000001
11774.000000000007
9838.25000000001
12055.000000000013
10080.000000000011
12444.000000000007
10275.250000000011
12592.00000000001
10485.500000000011
12621.00000000001
10771.500000000011
12793.000000000016
11226.750000000011
13168.000000000015
9825.000000000011
13437.000000000015
8177.500000000009
13551.00000000001
7538.250000000007
13807.000000000015
7150.750000000007
13774.000000000011
6668.750000000007
13632.000000000016
6552.000000000008
13624.000000000016
6514.750000000006
13679.000000000013
6377.0000000000055
13814.000000000007
6670.7500000000055
13696.000000000016
8218.250000000005
13447.000000000013
9481.25000000001
12902.000000000013
10392.250000000011
12019.000000000013
10427.750000000011
10744.000000000011
8611.75000000001
9806.000000000013
7827.500000000007
9339.00000000001
7751.000000000007
9272.00000000001
7720.500000000007
9344.000000000007
7574.000000000008
9596.000000000007
7503.250000000007
10228.000000000007
7660.000000000007
10777.000000000013
8281.25000000001
11275.000000000013
8954.00000000001
11870.000000000011
9570.50000000001
12745.000000000015
10637.000000000011
13343.000000000007
11940.500000000011
12767.000000000016
12448.750000000013
12271.00000000001
12614.500000000013
12271.00000000001
12759.250000000013
12443.000000000016
12918.500000000013
12542.000000000011
13125.250000000013
12398.000000000013
13117.500000000013
12340.000000000016
13178.500000000013
12296.000000000011
13323.000000000015
11667.000000000007
13361.250000000013
10809.000000000011
13419.750000000011
10123.000000000013
13331.000000000015
9294.00000000001
13200.250000000015
8373.000000000005
13149.250000000013
7671.000000000008
13047.00000000001
7362.000000000009
12903.250000000011
7199.000000000007
12784.500000000013
7080.000000000005
12590.250000000015
7054.000000000008
12376.250000000015
7070.0000000000055
12158.000000000011
7582.000000000007
11949.750000000011
7995.000000000007
11768.500000000011
8329.000000000005
11552.25000000001
8488.00000000001
11384.500000000011
8331.000000000007
11162.750000000011
8529.000000000007
11022.750000000011
8974.00000000001
10831.50000000001
8212.00000000001
10402.50000000001
7734.00000000001
10130.25000000001
7211.000000000006
9942.000000000013
6238.000000000006
9809.000000000007
5259.000000000004
9573.500000000011
4595.000000000003