17069.50000000002
17536.00000000002
17205.750000000015
17636.000000000022
17323.75000000002
17657.00000000002
17409.75000000001
17498.000000000022
17370.25000000002
17246.00000000002
17276.00000000002
17091.000000000015
17157.500000000015
17143.00000000001
17140.00000000002
17283.00000000001
17212.75000000002
17588.00000000001
17213.75000000002
17841.00000000002
17248.00000000002
17922.00000000001
17246.00000000002
17816.000000000022
17238.25000000002
17724.000000000022
17197.50000000002
17638.000000000015
17122.000000000015
17606.000000000015
17071.500000000015
17356.00000000002
16956.00000000002
16917.00000000001
16011.250000000018
16521.000000000022
15178.250000000015
16375.000000000016
15075.750000000016
16508.000000000022
13971.750000000015
16669.00000000002
13554.000000000013
17054.00000000001
13018.000000000013
17457.000000000007
11712.500000000013
17643.00000000002
11485.250000000011
17545.000000000015
10906.750000000011
17168.000000000015
10505.500000000011
16772.000000000015
10147.000000000011
16583.000000000022
9530.750000000011
16769.000000000015
8840.75000000001
16973.00000000002
9512.750000000007
17339.00000000002
10779.750000000011
17773.000000000022
9892.75000000001
18088.00000000001
9010.25000000001
18019.000000000015
9050.75000000001
17854.00000000002
9042.50000000001
17780.00000000002
7768.750000000009
17786.00000000001
6713.000000000005
17446.00000000002
5821.500000000007
16982.000000000015
5343.250000000006
16750.00000000001
5707.5000000000055
16566.00000000001
6413.750000000006
16123.000000000018
7135.250000000008
15968.000000000016
7503.000000000008
15842.000000000013
7919.500000000009
15393.000000000018
8847.25000000001
14844.000000000018
10305.00000000001
14734.00000000002
12852.000000000013
14627.000000000016
14775.750000000015
14778.000000000016
15245.750000000011
15461.000000000016
15350.500000000016
15961.000000000018
15174.750000000016
16034.000000000018
15117.250000000011
16057.000000000018
14899.250000000016
16016.000000000016
14873.500000000018
15937.000000000016
14891.500000000016
16204.000000000018
14857.000000000013
16493.00000000002
14688.500000000016
16650.000000000015
14444.500000000016
16717.00000000001
14189.500000000013
16882.00000000002
13982.750000000011
17043.000000000015
13924.250000000016
17221.00000000001
14198.250000000013
17240.000000000015
14480.250000000015
16986.000000000022
14586.250000000011
16798.000000000015
14698.750000000015
16586.000000000015
14846.250000000015
16387.000000000015
14971.750000000016
16275.000000000016
14968.250000000016
16257.000000000016
14924.000000000015
15997.00000000002
15160.750000000015
15423.000000000018
15205.250000000016
14683.000000000016
15209.000000000015
14402.000000000015
15213.750000000016
14515.000000000016
15231.750000000016
14899.000000000015
15251.750000000018
15709.000000000016
15220.500000000015
16250.000000000016
15139.500000000016
16250.000000000013
14996.000000000015
16069.000000000018
14831.000000000015
16018.000000000018
14501.500000000015
16009.000000000016
14158.250000000015
16235.000000000018
13826.750000000013
16340.000000000015
13406.500000000015
16228.000000000016
12846.000000000015
15996.000000000016
12389.500000000013
15907.000000000016
12063.750000000015
15789.000000000018
11898.750000000011
15719.000000000016
11812.250000000011
15890.000000000016
11812.500000000007
16120.000000000016