27441.00000000003
27152.000000000022
27395.250000000022
27152.000000000022
27397.750000000033
27145.000000000025
27339.750000000025
27136.000000000025
27303.750000000025
27136.000000000025
27366.00000000003
27039.000000000022
27407.500000000025
26992.000000000022
27388.000000000025
26992.000000000022
27309.750000000025
26797.000000000033
27258.25000000003
26757.000000000025
27178.750000000033
26764.000000000036
27322.750000000025
26772.000000000025
27268.25000000003
26772.000000000025
27268.000000000025
26736.00000000002
27249.000000000025
26700.000000000025
27292.500000000036
26700.000000000025
26927.75000000003
26636.000000000022
24768.500000000025
26626.000000000025
23457.250000000025
26594.000000000025
22561.250000000025
26990.000000000015
21865.750000000022
24959.000000000025
21219.250000000022
16141.000000000018
20286.500000000022
12768.000000000011
19312.75000000002
11710.000000000015
18666.25000000002
10870.000000000011
18091.50000000002
10144.00000000001
17655.500000000022
9506.000000000011
17417.50000000002
9167.000000000011
17150.50000000002
8872.000000000007
16793.750000000015
8636.000000000007
16331.500000000015
8797.000000000007
15919.000000000016
8928.00000000001
15517.000000000015
9305.000000000011
14763.000000000015
9670.00000000001
14035.500000000011
10123.00000000001
13305.000000000013
10478.000000000011
12576.250000000015
11188.000000000011
12089.750000000013
11501.000000000013
11881.750000000015
12077.000000000016
11555.250000000011
12739.000000000011
11419.000000000013
13690.000000000015
10960.750000000013
14480.00000000001
9983.500000000011
15803.000000000018
8879.000000000007
17214.000000000022
8380.250000000007
17945.00000000002
8002.500000000007
17528.000000000022
7538.250000000007
17509.00000000001
7212.500000000006
18119.000000000022
6713.500000000007
18445.000000000015
6153.250000000007
19422.000000000015
6268.750000000006
20603.000000000022
6435.000000000006
21653.000000000025
7025.000000000007
22744.000000000025
8709.75000000001
23983.00000000003
7931.0000000000055
25397.00000000003
10078.250000000011
27422.000000000033
13637.250000000013
27528.00000000002
16481.250000000015
27186.00000000003
16780.75000000002
26980.00000000002
16142.250000000018
26951.00000000003
16696.75000000002
27072.000000000036
16927.500000000015
27415.000000000033
15642.000000000016
27288.00000000003
14263.250000000011
27405.000000000025
12593.250000000013
27348.00000000003
10351.25000000001
27164.00000000002
9146.25000000001
27140.000000000015
9367.000000000011
26834.000000000033
9845.25000000001
26660.000000000033
10422.500000000011
26668.000000000022
11143.250000000011
26273.000000000033
11768.250000000011
26204.00000000003
12492.500000000013
26092.000000000025
13253.500000000015
25536.00000000001
14133.500000000011
25536.00000000001
15212.000000000018
25420.00000000003
16620.75000000002
25292.000000000033
18030.00000000002
25292.000000000033
19806.500000000022
24856.000000000033
22974.750000000022
24768.000000000025
24849.750000000022
24704.000000000036
24703.25000000003
24308.000000000025
24676.250000000022
24308.000000000025
24571.50000000003
24152.00000000003
24639.25000000003
23908.000000000015
24629.500000000025
23844.00000000002
24754.250000000022
23564.00000000002
24645.75000000003
23444.00000000002
24617.750000000025
23429.00000000002
24485.500000000025
23353.000000000025