14414.750000000015
13846.000000000013
14454.250000000015
14132.000000000015
14544.000000000018
14700.000000000013
14682.000000000016
15180.000000000018
14861.750000000016
15703.000000000016
15127.500000000015
15800.000000000016
15458.750000000015
15347.000000000018
15619.750000000015
14268.000000000015
15745.000000000015
13410.000000000011
15845.000000000015
13640.000000000016
15664.000000000016
13585.000000000016
15248.250000000016
13125.00000000001
14953.750000000013
12535.000000000013
14757.000000000016
11756.000000000007
14683.500000000015
11742.000000000007
15036.750000000015
12775.00000000001
15721.250000000016
13434.000000000007
16619.50000000002
13966.000000000018
17190.25000000002
14791.000000000013
17271.75000000002
15203.000000000016
16893.500000000022
15096.000000000013
16859.750000000022
15010.000000000015
17249.500000000015
15358.000000000016
17319.000000000015
15862.000000000011
17334.25000000002
16486.00000000002
17107.000000000015
17184.000000000022
16858.500000000015
17385.00000000002
16533.500000000015
17330.000000000022
16323.500000000016
17243.000000000015
16713.75000000002
17359.00000000001
16966.750000000022
17394.000000000015
17086.000000000015
17305.000000000015
16979.000000000022
16822.00000000002
16130.750000000015
15939.000000000015
15980.000000000015
15467.000000000015
16344.250000000018
15197.000000000015
15346.500000000013
14528.000000000015
14533.750000000015
14008.000000000018
14194.750000000015
14428.000000000015
13655.000000000016
14841.000000000011
13116.500000000015
14853.000000000016
12492.500000000013
14860.000000000018
11949.500000000007
14990.000000000016
11957.750000000011
15152.000000000015
12653.00000000001
15173.000000000016
12718.750000000011
15057.000000000015
11601.500000000015
14649.000000000013
9889.75000000001
14124.000000000016
9708.75000000001
13625.000000000016
9378.00000000001
13434.000000000016
9225.25000000001
13598.000000000015
9773.50000000001
14009.000000000013
11011.000000000011
14516.000000000013
11716.250000000013
14762.000000000016
12373.000000000011
14652.000000000007
13203.500000000011
14606.000000000007
13680.500000000015
14675.000000000015
13831.250000000015
14674.000000000011
13760.500000000013
14612.000000000015
13405.250000000016
14698.000000000018
13341.250000000013
14327.000000000015
13392.750000000015
14571.00000000001
13216.500000000015
15343.000000000016
12744.750000000013
15776.000000000018
12301.250000000015
16071.000000000016
11829.500000000013
16065.000000000015
11532.250000000013
15029.000000000015
11446.250000000011
14653.000000000016
11283.500000000011
15478.000000000016
10881.750000000013
16347.000000000015
10592.25000000001
16228.000000000016
10963.250000000013
15916.000000000016
11610.000000000011
16278.000000000013
12196.500000000011
16194.000000000015
12545.750000000013
15568.000000000022
12589.250000000011
15013.000000000018
12759.250000000013
14660.000000000015
13559.500000000015
14195.000000000016
14540.250000000015
14014.000000000013
14724.750000000013
13365.000000000015
14564.500000000013
11973.000000000013
14533.750000000016
11396.000000000013
14560.250000000015
11460.000000000013
14475.500000000013
11634.000000000015
14337.000000000016
12035.000000000013
14414.500000000016
12603.000000000011
14914.750000000015
13279.000000000015
15390.250000000015
13797.000000000015
15470.500000000015
13757.000000000016
15359.000000000016
13399.00000000001