10191.000000000013
5413.0000000000055
10433.000000000011
5897.000000000003
10718.50000000001
6702.000000000006
11179.000000000013
7776.000000000008
11674.250000000015
9121.000000000005
11715.000000000011
10593.000000000011
11358.750000000011
11893.000000000007
10814.500000000011
12614.000000000015
10323.750000000011
12950.000000000016
9998.75000000001
13394.000000000011
9583.25000000001
13626.00000000001
8949.75000000001
13244.000000000015
8335.00000000001
13352.00000000001
7996.750000000009
13426.000000000015
8086.75000000001
11608.000000000013
8191.250000000008
10022.000000000011
7994.250000000008
9411.00000000001
7629.500000000006
8360.000000000005
7417.750000000007
5877.000000000005
7579.250000000006
4030.000000000004
7932.750000000008
3045.0000000000023
8277.500000000007
2723.000000000003
8603.25000000001
3069.000000000002
8969.75000000001
3820.000000000004
9513.75000000001
4885.0000000000055
10655.750000000011
5745.0000000000055
11877.500000000011
6424.000000000007
12601.250000000011
7201.000000000007
12836.250000000015
8174.00000000001
12628.750000000015
9190.000000000005
12407.750000000011
10397.000000000011
12163.750000000011
12275.000000000007
12347.000000000013
12117.000000000015
12610.750000000011
11399.000000000011
12586.000000000015
12083.000000000011
12738.250000000016
12340.000000000015
12303.500000000011
11522.000000000011
11468.500000000011
11550.000000000013
11290.750000000011
11029.000000000013
12306.75000000001
10922.000000000013
12746.500000000011
11319.000000000013
12625.750000000015
12005.000000000015
12816.750000000013
12667.00000000001
12901.750000000015
12409.00000000001
12753.750000000013
13087.000000000016
12857.500000000013
13952.000000000016
12789.750000000013
14565.000000000016
12824.250000000013
15091.000000000015
17364.00000000002
14620.000000000016
20907.750000000025
14663.00000000001
21299.250000000022
14336.000000000016
20887.00000000002
14822.000000000013
16362.750000000018
14768.000000000015
11997.250000000015
13904.000000000016
11914.750000000013
12793.000000000007
12169.000000000013
11112.000000000007
12069.00000000001
9447.00000000001
12278.750000000015
7834.000000000009
12383.750000000011
6396.000000000007
12207.750000000013
4732.000000000003
12437.750000000013
4515.000000000003
12690.000000000013
4553.000000000003
12641.000000000013
4581.000000000004
12375.500000000013
4545.0000000000055
12220.500000000013
4537.000000000005
12384.250000000013
4448.000000000004
12314.250000000015
4227.000000000004
12060.000000000013
3987.000000000004
11086.000000000011
3782.0000000000045
8995.00000000001
3599.000000000004
7941.500000000007
3462.0000000000036
8042.500000000008
3312.0000000000036
8933.750000000011
3198.0000000000036
9352.75000000001
3096.000000000003
9471.25000000001
2994.0000000000027
9541.500000000011
2911.000000000003
9677.500000000011
2844.0000000000027
9914.000000000011
2944.000000000003
10273.500000000011
3247.0000000000023
10539.250000000011
3735.0000000000045
10760.75000000001
4372.000000000005
11308.500000000011
4928.000000000006
12249.500000000013
5594.000000000006
13131.250000000013
6714.000000000005
14172.250000000015
8500.000000000007
14785.750000000016
10428.00000000001
14974.500000000015
12312.000000000011
15218.750000000015
13961.000000000015
15561.750000000018
15377.000000000018
16193.250000000016
16568.000000000022