29876.00000000003
30488.000000000036
29866.00000000003
30492.000000000036
29863.000000000025
30504.000000000033
29880.000000000033
30474.00000000003
29895.250000000033
30512.00000000003
29906.00000000003
30583.000000000033
29905.500000000033
30532.000000000033
29590.25000000003
30497.000000000036
29438.25000000003
30426.00000000003
29567.250000000033
30430.000000000033
29653.000000000033
30482.00000000003
29699.75000000003
30506.000000000033
29704.000000000025
30510.000000000036
29714.50000000003
30494.000000000033
29736.75000000003
30484.00000000002
29759.500000000033
30420.00000000003
29769.750000000033
30446.000000000033
29792.000000000033
30460.000000000033
29769.750000000033
30414.000000000022
29767.75000000003
30422.00000000002
29775.500000000036
30461.00000000003
29777.750000000033
30464.000000000033
29804.250000000036
30469.000000000036
29786.50000000003
30491.00000000003
29759.00000000003
30499.00000000002
29769.750000000033
30434.000000000033
29766.500000000025
30353.000000000033
29668.000000000033
30360.000000000036
29640.000000000036
30292.000000000022
29606.750000000033
30259.00000000003
29555.00000000003
30258.000000000033
29476.75000000003
30314.000000000025
28923.25000000003
30337.000000000022
28137.75000000003
30315.000000000036
27927.750000000033
30246.000000000033
27881.250000000025
30192.000000000025
28126.75000000003
30131.00000000003
27813.50000000003
30152.00000000003
21954.500000000022
30135.00000000003
12688.250000000013
30161.00000000003
9920.000000000011
28778.00000000002
9342.50000000001
24966.00000000002
9397.750000000011
21877.000000000022
8831.000000000011
19744.00000000002
8131.500000000009
17917.00000000002
7830.500000000008
16280.000000000018
7592.750000000008
14826.000000000011
7443.000000000007
13787.000000000015
7111.000000000007
12814.000000000011
6889.500000000006
12223.000000000015
7028.750000000006
11717.000000000011
8225.750000000007
11507.000000000013
9803.00000000001
11567.000000000013
10681.00000000001
11442.000000000011
10804.250000000011
11357.000000000013
10503.250000000011
10989.000000000013
10032.500000000011
10839.000000000013
9180.750000000011
10968.000000000013
8678.50000000001
11095.000000000011
7904.250000000007
11438.000000000013
7224.750000000007
11790.000000000013
6829.250000000008
12442.000000000007
6858.750000000006
13552.000000000015
7035.750000000007
15042.000000000018
7223.750000000006
16887.00000000001
7718.750000000009
18532.000000000022
8617.250000000007
20387.00000000002
9807.750000000011
22576.000000000025
10992.75000000001
24919.00000000003
11994.00000000001
26111.00000000002
12885.750000000015
27222.00000000002
14189.750000000013
28227.000000000025
15883.750000000016
29010.00000000003
18199.25000000002
29510.00000000003
22465.000000000022
29795.000000000025
26596.50000000003
29953.000000000036
28768.500000000033
29989.000000000033
29465.00000000003
29980.000000000033
29571.500000000033
29968.00000000003
29558.25000000003
29966.000000000036
29553.250000000033
29888.000000000036
29542.750000000033
29868.000000000033
29548.750000000025
29860.000000000033
29517.75000000003
29808.00000000003
29481.500000000025
29792.000000000033
29452.25000000003
29756.00000000003
29435.750000000033
29728.000000000033
29385.750000000033
29692.000000000036
29353.25000000003
29628.00000000003
29297.000000000033
29504.000000000025