7127.000000000009
6048.000000000003
7270.750000000007
5973.0000000000055
7231.000000000008
5986.000000000004
7175.250000000006
6100.000000000004
7313.750000000006
6259.000000000007
7522.250000000007
6452.000000000007
7674.750000000008
6700.000000000007
7722.500000000008
6957.000000000007
7769.250000000007
7242.000000000004
7775.250000000008
7466.000000000008
7783.25000000001
7746.000000000006
7734.750000000008
8048.000000000009
7657.000000000008
8267.00000000001
7525.250000000007
8409.00000000001
7500.000000000007
8607.000000000011
7406.250000000008
8676.000000000011
7393.000000000007
8796.000000000007
7373.750000000007
8883.00000000001
7391.250000000006
9065.00000000001
7459.250000000009
9229.000000000011
7514.000000000009
9408.00000000001
7313.750000000008
9549.000000000011
7031.000000000007
9693.000000000011
6843.500000000007
9878.000000000007
6593.500000000006
9957.00000000001
6463.750000000007
9974.000000000011
6685.7500000000055
9889.00000000001
7112.750000000007
9768.000000000005
7458.750000000008
9682.000000000013
7789.000000000006
9617.000000000011
7984.000000000008
9573.000000000007
7834.500000000007
9602.000000000011
7642.250000000008
9707.000000000005
7448.500000000006
9870.000000000007
7336.250000000006
10017.000000000011
7417.250000000007
10099.000000000007
7455.000000000008
10241.000000000011
6942.250000000006
10311.000000000011
6243.000000000006
10369.000000000011
5993.000000000006
10394.000000000011
5969.7500000000055
10357.000000000013
6898.000000000007
10433.000000000011
7217.250000000007
10433.000000000011
6909.750000000007
10487.000000000007
6756.000000000006
10561.000000000011
7003.250000000006
10691.000000000011
7061.500000000007
10802.000000000011
6131.750000000005
10719.00000000001
5511.5000000000055
10658.00000000001
5583.5000000000055
10619.000000000013
5776.0000000000055
10584.000000000011
6194.250000000006
10513.00000000001
6432.750000000007
10410.000000000011
6732.500000000006
10359.000000000013
7026.750000000007
10354.000000000011
7095.250000000007
10342.000000000011
7044.750000000007
10315.00000000001
7168.000000000007
10300.00000000001
7245.750000000008
10271.000000000011
7102.750000000007
10153.000000000011
6997.750000000007
10017.000000000011
7117.750000000006
9954.000000000007
7170.000000000007
9833.000000000013
7127.500000000008
9703.000000000007
7081.750000000007
9636.000000000011
6924.000000000007
9551.000000000007
6835.500000000007
9497.000000000013
7079.750000000006
9520.000000000007
7213.500000000008
9566.000000000007
7282.250000000007
9516.000000000005
7420.500000000007
9396.000000000011
7583.500000000006
9313.000000000011
7763.500000000008
9271.00000000001
7778.250000000008
9177.000000000007
7707.500000000006
9072.000000000011
7706.250000000008
9029.000000000005
7668.500000000008
8912.000000000011
7678.250000000007
8946.000000000011
7526.250000000007
8870.000000000005
7468.000000000007
8784.00000000001
7406.250000000008
8827.000000000007
7065.000000000006
8780.000000000007
6948.750000000006
8750.000000000007
6840.000000000007
8749.000000000011
6671.250000000006
8687.000000000005
6545.0000000000055
8590.000000000007
6419.500000000006
8509.00000000001
6285.5000000000055
8390.000000000005
6162.750000000006
8374.000000000005
6046.750000000006
8353.00000000001