7177.000000000008
7532.000000000008
7208.500000000007
7379.000000000006
7175.750000000006
7151.000000000004
6985.750000000006
6864.000000000008
7033.250000000006
6483.000000000007
7485.250000000008
6009.000000000004
7922.000000000008
5588.000000000005
8223.75000000001
5375.0000000000055
8365.750000000007
5378.000000000006
8193.25000000001
5496.0000000000055
7845.250000000007
5590.000000000007
7478.750000000008
5662.0000000000055
7093.500000000007
5684.000000000006
6724.000000000008
5720.000000000006
6261.750000000006
5857.000000000006
5813.250000000006
6147.000000000006
5371.0000000000055
6492.000000000007
4938.250000000005
6788.0000000000055
4483.500000000005
7061.000000000008
4431.250000000005
7246.000000000007
5052.250000000005
7350.000000000006
5730.750000000006
7362.000000000005
6475.500000000007
7326.000000000008
6886.750000000006
7260.000000000008
6969.500000000007
7216.000000000007
7320.000000000007
7230.0000000000055
7674.000000000009
7346.000000000009
7939.250000000008
7415.000000000009
8016.750000000008
7399.000000000007
8373.00000000001
7352.0000000000055
8227.750000000007
7291.0000000000055
7532.000000000008
7151.000000000004
7829.250000000007
7016.000000000008
8602.50000000001
7050.000000000007
8831.75000000001
7128.000000000008
8658.500000000011
7196.000000000009
8769.25000000001
7244.000000000007
8863.75000000001
7268.0000000000055
8149.250000000007
7328.000000000008
7659.250000000007
7361.000000000007
6700.250000000007
7353.000000000008
5662.5000000000055
7336.000000000008
5658.250000000006
7286.000000000009
5936.500000000006
7260.000000000008
5938.2500000000055
6575.0000000000055
6260.750000000006
6103.0000000000055
6783.750000000007
6381.000000000008
7088.500000000007
6852.000000000005
6970.500000000007
6248.0000000000055
6989.750000000007
5786.000000000006
6939.750000000007
6008.000000000004
6843.750000000006
6419.000000000004
7057.750000000007
6534.000000000008
8577.250000000007
6335.000000000006
10250.250000000013
6149.0000000000055
12071.000000000013
6202.0000000000055
13478.250000000013
6307.000000000007
14201.750000000015
6464.000000000006
13335.250000000015
6685.000000000007
10878.250000000011
7029.000000000008
9188.250000000007
7222.000000000008
9155.000000000007
7422.000000000009
9413.00000000001
6926.000000000007
9295.500000000007
6651.0000000000055
8471.750000000007
6440.000000000005
7149.500000000007
6112.000000000005
6115.250000000006
5905.0000000000055
5683.5000000000055
5896.000000000007
5648.5000000000055
6102.000000000007
5790.250000000006
6402.000000000005
5996.0000000000055
6570.000000000005
6211.000000000005
6557.000000000004
6286.500000000006
6427.000000000008
6327.7500000000055
6388.000000000007
6623.000000000006
6381.000000000004
6948.500000000008
6183.000000000008
7161.250000000007
5997.000000000007
7415.000000000009
6216.000000000008
7482.000000000008
6350.0000000000055
7304.750000000007
6176.000000000004
7113.250000000008
5468.0000000000055
6467.000000000007
4390.000000000004
5568.500000000005
3675.000000000003
5273.0000000000055
3375.0000000000027
4996.7500000000055
2959.000000000003
4517.000000000005
2568.0000000000027
3898.2500000000036
2496.0000000000023
3674.000000000003
2550.0000000000023
3786.000000000004
2687.0000000000023
3788.500000000004
2788.000000000003