16913.25000000002
3802.0000000000036
16668.500000000015
3901.000000000005
16581.000000000015
4101.000000000004
16673.25000000002
4435.000000000003
16829.250000000015
4952.000000000005
17161.750000000015
5625.000000000006
17472.250000000015
6595.000000000008
17463.50000000002
7580.000000000008
17173.25000000002
8226.000000000007
17014.500000000015
8664.000000000005
17068.75000000002
8802.00000000001
16985.75000000002
8720.000000000007
16994.500000000015
8614.000000000004
16948.50000000002
8503.000000000005
16660.000000000015
8570.00000000001
16612.00000000002
8689.000000000007
17019.500000000022
9024.000000000007
17102.750000000015
9385.000000000013
17181.750000000015
9693.000000000007
17144.75000000002
10440.000000000011
17379.25000000002
10862.000000000011
17904.000000000015
10551.000000000011
18390.250000000022
10267.000000000013
17004.000000000015
10407.00000000001
15294.500000000015
10305.000000000013
14607.750000000016
10375.000000000013
14372.500000000016
10439.000000000013
14379.250000000015
10450.000000000011
14477.500000000016
10493.000000000011
14498.250000000013
10484.000000000005
13742.750000000015
10678.000000000007
13213.250000000015
10818.00000000001
12838.500000000015
10836.000000000011
12568.750000000011
10674.000000000011
12510.500000000013
10568.000000000011
12408.250000000015
10375.000000000013
12444.000000000013
10297.000000000007
12362.500000000011
10559.00000000001
11642.250000000011
10890.000000000011
10894.000000000011
10954.000000000011
10310.750000000011
10892.000000000013
9565.000000000011
10779.000000000013
9551.000000000011
10715.000000000011
11710.750000000013
10881.000000000013
12642.000000000013
11111.000000000011
11577.000000000011
11067.000000000011
9570.75000000001
10934.000000000011
9157.50000000001
10838.000000000011
9137.750000000011
10891.000000000007
9050.75000000001
10834.000000000013
9073.00000000001
10786.000000000013
8926.500000000007
11043.00000000001
8573.75000000001
11217.000000000013
8557.750000000011
11174.000000000011
8457.25000000001
11077.00000000001
8273.250000000007
10932.000000000011
8243.250000000007
11068.000000000011
8602.00000000001
11345.000000000011
9350.50000000001
11427.00000000001
10144.000000000013
11372.000000000013
10597.00000000001
11407.000000000011
10423.25000000001
11333.000000000013
10070.75000000001
11371.000000000013
10152.50000000001
11668.000000000013
10234.000000000011
11962.000000000011
10337.75000000001
11967.00000000001
10624.750000000011
11978.000000000011
11251.750000000013
12040.000000000015
11903.250000000015
12148.000000000016
12204.75000000001
12642.000000000007
12761.250000000015
13081.000000000015
13078.500000000016
13750.000000000015
13133.500000000013
14297.00000000001
13007.750000000015
14581.000000000016
13037.500000000013
14402.000000000015
13030.750000000015
14333.000000000016
12906.750000000015
14662.000000000018
12231.000000000011
15021.000000000015
11473.750000000013
15368.000000000016
10810.75000000001
15328.000000000016
9934.75000000001
14992.000000000016
8924.50000000001
14595.000000000015
7926.500000000007
14030.000000000013
8057.500000000006
13828.000000000016
10058.75000000001
13852.000000000016
8498.500000000007
13945.000000000015
7993.250000000009
14005.000000000016
8919.25000000001
13905.000000000016
9664.250000000011
13840.00000000001
10420.50000000001
13977.000000000018