13951.500000000013
24411.00000000003
14029.750000000015
24614.000000000025
14072.250000000015
24782.000000000033
14198.000000000015
24930.000000000022
14352.250000000013
25038.000000000033
14377.500000000016
25173.000000000015
14322.250000000013
25322.000000000033
14459.750000000015
25463.000000000022
14961.750000000015
25596.000000000033
15603.500000000016
25711.000000000033
16164.75000000002
25853.000000000033
16956.50000000002
25967.000000000015
17687.000000000022
26085.00000000003
18351.750000000015
26466.00000000003
19105.25000000002
23478.00000000002
19593.750000000022
15794.000000000016
19409.250000000015
11795.000000000011
19190.000000000015
8615.00000000001
18985.25000000002
6865.0000000000055
18484.750000000015
6288.000000000005
17700.75000000002
5234.000000000005
16821.00000000002
4439.0000000000055
16408.250000000015
4563.000000000005
16583.50000000002
4718.000000000004
16889.00000000002
4430.000000000005
17250.00000000002
4712.000000000005
17356.500000000015
6078.000000000006
17601.25000000002
6992.000000000006
17097.750000000015
7084.000000000008
16755.50000000002
8690.000000000007
16860.50000000002
9742.000000000011
17055.00000000002
9950.00000000001
16297.250000000015
9812.00000000001
14951.250000000015
10710.000000000013
14157.250000000015
11364.000000000013
13812.250000000015
11719.000000000011
13467.500000000018
12138.000000000016
13312.250000000013
12216.000000000013
12712.250000000011
12987.00000000001
12493.750000000013
14284.000000000015
12314.500000000013
15112.000000000016
12208.750000000015
15345.00000000002
12350.75000000001
14434.00000000002
11562.750000000011
12350.000000000013
9649.25000000001
11317.000000000013
9771.000000000011
11388.000000000013
9657.75000000001
11198.000000000013
9526.75000000001
11023.000000000011
10264.00000000001
10864.00000000001
10512.250000000011
10887.000000000011
10601.000000000007
10810.000000000013
9878.50000000001
10806.000000000011
9670.50000000001
10682.000000000005
9221.75000000001
10629.000000000013
8544.75000000001
10857.000000000011
7863.500000000007
11307.000000000013
7783.250000000008
11538.000000000011
8300.250000000007
11425.000000000013
8762.00000000001
11481.00000000001
8845.50000000001
11959.000000000013
8664.75000000001
12430.000000000013
8352.000000000011
12829.000000000011
7863.500000000007
13432.000000000016
7796.750000000008
14115.00000000001
7838.500000000008
14755.00000000002
8080.750000000009
15501.000000000018
9033.000000000007
16182.000000000016
9593.00000000001
16773.00000000002
9214.000000000011
17432.00000000001
9090.000000000011
18097.000000000015
9071.00000000001
18743.00000000002
9297.25000000001
19340.000000000022
9575.00000000001
19817.000000000015
9904.00000000001
20107.000000000025
10211.50000000001
20148.000000000022
10892.750000000011
20070.000000000022
12300.000000000015
19953.000000000015
12587.750000000013
19893.000000000025
12729.250000000015
19916.000000000022
13565.750000000016
20049.00000000002
14259.000000000015
20293.000000000022
14341.500000000016
20580.000000000022
14329.250000000013
20774.000000000022
14378.250000000013
20970.000000000022
14649.750000000013
21088.00000000002
14910.250000000015
21060.000000000025
15302.750000000016
20840.000000000025
15517.000000000015
20307.000000000025
15804.750000000016
19929.00000000002
16321.25000000002
19889.000000000022