0.0
0.0
0.0
0.0
345.75000000000034
206.00000000000014
14822.000000000016
14273.000000000013
8518.00000000001
11072.000000000011
8431.500000000007
10862.000000000011
8444.000000000007
10908.000000000013
8429.25000000001
10928.000000000011
8478.25000000001
10951.000000000011
8607.750000000011
10933.000000000011
8776.00000000001
10857.000000000011
8968.500000000011
10748.000000000013
9170.000000000011
10570.000000000011
9428.500000000011
10154.000000000011
9685.750000000011
9647.000000000011
10036.75000000001
9581.000000000007
10426.500000000011
9175.000000000011
10765.500000000011
7740.000000000008
10993.25000000001
7374.000000000008
11074.50000000001
7125.000000000007
11250.000000000013
6702.000000000006
11794.750000000013
7081.000000000007
12299.500000000011
7643.000000000007
13146.000000000013
7485.000000000008
12933.500000000013
6940.000000000007
13032.250000000015
7773.000000000009
13179.750000000015
8663.000000000005
13064.250000000013
9130.000000000011
12851.500000000015
8838.00000000001
12695.000000000013
7388.000000000006
12350.750000000011
6391.000000000007
11991.250000000007
7326.000000000008
12291.250000000013
8692.00000000001
13281.250000000013
10242.000000000011
13454.500000000013
7977.000000000007
13021.750000000015
8365.00000000001
12077.500000000015
9395.000000000011
10866.750000000013
8410.00000000001
9876.25000000001
7240.000000000009
10309.000000000011
6642.000000000007
9123.50000000001
6845.000000000006
7056.500000000007
6409.000000000006
6202.500000000007
6647.000000000007
5344.5000000000055
8161.000000000007
5175.500000000005
8748.000000000005
5080.750000000006
8817.000000000011
5157.5000000000055
9154.000000000007
5244.5000000000055
9472.000000000011
5160.7500000000055
9604.000000000007
4970.000000000005
9686.00000000001
5318.2500000000055
9826.000000000013
8967.250000000007
9912.00000000001
9672.75000000001
9938.000000000011
9197.75000000001
9769.000000000011
7795.500000000006
9579.000000000011
8032.500000000009
9605.000000000011
7390.000000000008
9748.000000000007
5967.2500000000055
9798.000000000005
5464.500000000006
9766.000000000011
5752.000000000007
9484.000000000011
5881.0000000000055
9121.000000000011
5906.2500000000055
8712.000000000007
6174.000000000006
8302.000000000007
6895.250000000006
7830.000000000008
7130.750000000006
7330.000000000008
7260.500000000007
6823.000000000008
7350.000000000006
6381.000000000008
7522.750000000008
6098.000000000005
7667.500000000006
6095.000000000003
7831.500000000007
6221.000000000008
8442.00000000001
6402.000000000005
9200.750000000007
6607.000000000008
9539.250000000011
6769.000000000007
9786.500000000011
6962.000000000008
10076.750000000007
7229.000000000008
10411.000000000011
7374.000000000008
10758.250000000013
7360.000000000007
11212.500000000013
7359.000000000008
11603.250000000013
7361.000000000009
11763.00000000001
7388.000000000006
11736.750000000013
7512.0000000000055
11679.750000000011
7776.000000000009
11478.000000000013
8021.000000000007
11156.750000000013
8262.000000000007
10931.500000000011
8457.000000000005
10927.750000000013
8640.000000000005
15329.000000000015
13625.000000000015
687.5000000000007
268.0000000000002
3662.0000000000023
0.0
2576.0000000000027
0.0