14069.750000000013
10683.000000000011
13396.250000000015
11713.000000000007
12855.500000000013
12459.000000000007
12161.75000000001
12577.00000000001
11899.250000000011
13271.000000000011
11348.500000000011
14410.000000000013
10750.500000000013
15701.000000000018
10107.500000000011
14188.000000000015
9404.50000000001
11993.000000000011
9314.750000000011
12394.00000000001
9177.25000000001
12905.000000000015
9180.000000000011
13420.000000000013
9410.25000000001
14198.000000000016
10533.750000000011
13430.000000000015
10934.25000000001
11978.000000000011
10978.750000000011
11031.000000000011
11215.750000000013
11836.000000000013
11579.250000000011
14134.000000000007
11690.750000000011
17577.000000000015
11784.750000000011
19499.000000000022
12283.500000000013
20561.000000000022
12266.250000000013
20808.000000000025
12587.750000000013
22392.000000000022
12479.000000000015
22882.000000000025
12864.500000000011
22093.00000000002
14121.250000000016
20543.000000000022
14753.500000000013
19291.00000000002
14238.750000000013
21311.000000000025
13857.750000000013
18974.00000000001
13430.500000000015
17461.00000000002
12681.250000000015
16637.00000000002
10496.250000000011
15651.000000000015
9370.250000000011
15015.000000000015
9244.750000000011
14271.000000000016
9292.75000000001
12336.000000000007
8909.25000000001
9819.000000000011
8627.25000000001
8874.000000000011
8643.000000000007
8761.00000000001
8761.00000000001
8984.000000000005
11967.25000000001
9229.000000000011
15437.000000000016
9066.00000000001
17262.50000000002
8609.00000000001
16383.000000000015
8822.00000000001
12646.500000000011
9936.000000000013
11189.00000000001
11347.000000000011
9783.750000000011
12507.000000000013
8982.000000000007
13404.000000000013
9033.50000000001
14030.000000000013
9110.50000000001
14102.000000000016
9420.500000000011
13912.000000000011
9408.750000000007
12503.000000000016
9592.50000000001
7549.000000000007
9918.000000000011
6163.0000000000055
9946.25000000001
7202.000000000005
9884.25000000001
7713.000000000007
11581.500000000011
6906.000000000006
12745.000000000013
5680.0000000000055
12627.000000000013
5771.0000000000055
11322.000000000011
6778.000000000004
10647.000000000011
7521.000000000009
10212.500000000011
7151.000000000008
10205.75000000001
5798.0000000000055
10749.000000000011
5079.000000000005
10396.000000000013
4719.0000000000055
9704.750000000011
4909.000000000006
9793.75000000001
5716.0000000000055
9939.250000000011
5741.0000000000055
9890.250000000011
5230.000000000005
9802.750000000011
5326.000000000003
9769.000000000011
5820.000000000007
9830.75000000001
6029.000000000005
10431.75000000001
5189.0000000000055
11265.500000000011
4163.000000000005
11470.500000000015
4773.000000000005
11262.000000000011
4713.0000000000055
11024.250000000011
3836.0000000000027
11321.750000000013
4402.000000000004
11790.250000000013
5251.000000000006
11891.000000000013
5376.0000000000055
11993.500000000011
5598.000000000006
11927.00000000001
6022.000000000005
11670.750000000013
5827.000000000006
11886.250000000013
5763.0000000000055
11877.500000000011
6286.0000000000055
11381.75000000001
6176.000000000008
11422.500000000011
5780.0000000000055
11481.750000000013
6008.000000000004
11344.500000000011
5710.0000000000055
11347.000000000011
5429.0000000000055
11519.00000000001
6177.000000000006