5702.0000000000055
5510.000000000006
5495.750000000006
5499.000000000005
5164.2500000000055
5469.000000000006
4908.2500000000055
5406.0000000000055
4900.7500000000055
5331.000000000005
4960.750000000005
5288.0000000000055
4808.7500000000055
5260.0000000000055
4589.750000000005
5253.000000000005
4767.000000000004
5247.0000000000055
5163.750000000005
5262.0000000000055
5463.0000000000055
5258.0000000000055
5614.250000000006
5234.0000000000055
5631.0000000000055
5193.0000000000055
5811.750000000005
5171.0000000000055
6133.2500000000055
5138.0000000000055
6773.750000000008
5137.000000000006
7346.250000000008
5085.0000000000055
7444.250000000008
5077.0000000000055
7490.500000000009
5077.0000000000055
7341.750000000006
5047.000000000005
7233.250000000007
5071.0000000000055
7201.250000000006
5069.0000000000055
7551.500000000007
5053.000000000004
7793.000000000008
5065.000000000006
7554.250000000007
5109.0000000000055
7353.000000000007
5117.0000000000055
7135.500000000008
5146.000000000005
6929.500000000006
5172.000000000006
6641.750000000007
5191.000000000006
5788.750000000006
5191.0000000000055
5429.0000000000055
5238.0000000000055
5455.5000000000055
5278.000000000004
5554.7500000000055
5311.0000000000055
5605.0000000000055
5360.0000000000055
5650.2500000000055
5396.000000000004
5694.0000000000055
5533.0000000000055
5530.0000000000055
5692.000000000006
5311.7500000000055
5872.000000000004
5637.2500000000055
6023.000000000004
7474.500000000006
6149.0000000000055
9325.00000000001
6280.000000000005
10145.250000000011
6423.0000000000055
10227.250000000011
6507.0000000000055
7586.500000000007
6573.000000000006
6329.250000000007
6594.000000000006
6593.7500000000055
6607.000000000007
6651.750000000006
6581.000000000006
6554.750000000007
6572.000000000008
6483.5000000000055
6494.000000000005
6643.000000000007
6409.000000000007
6460.5000000000055
6399.000000000007
6283.500000000006
6362.0000000000055
6081.7500000000055
6297.000000000006
5799.7500000000055
6231.000000000007
5674.750000000006
6161.000000000006
5526.000000000005
6081.000000000007
5692.2500000000055
5999.000000000005
6012.750000000006
5960.000000000005
5948.250000000005
5895.0000000000055
6012.7500000000055
5851.000000000003
6421.000000000005
5776.000000000006
7018.500000000009
5742.000000000006
7273.250000000006
5655.000000000006
7350.000000000006
5598.000000000006
7387.750000000006
5544.0000000000055
7570.750000000009
5500.000000000006
7788.250000000008
5412.0000000000055
7857.750000000007
5341.0000000000055
7675.500000000009
5279.000000000006
7644.7500000000055
5167.0000000000055
7528.750000000006
5070.000000000005
7447.750000000007
4995.0000000000055
7342.500000000007
4912.000000000004
7437.750000000007
4798.000000000004
7414.750000000006
4701.000000000003
7220.500000000006
4661.000000000004
7062.000000000007
4652.0000000000055
6823.000000000006
4647.000000000005
6743.250000000006
4666.000000000005
6592.000000000006
4696.0000000000055
6580.250000000007
4791.000000000006
6452.250000000006
4865.000000000006
6211.000000000006
4939.000000000004
6181.7500000000055
5008.0000000000055
6303.750000000007
5068.0000000000055
6357.250000000007
5151.0000000000055
6200.000000000006
5192.000000000005
5999.000000000007
5210.000000000006
5984.500000000006
5160.000000000004
5937.7500000000055
5111.000000000006