11800.750000000013
13513.000000000016
12312.000000000011
13906.000000000016
12960.000000000016
13912.000000000011
13222.500000000015
13876.000000000016
13189.250000000013
14378.000000000016
12942.250000000015
15008.000000000015
12957.500000000015
15369.000000000016
12793.000000000016
15758.000000000018
12221.750000000013
16559.000000000015
11673.500000000011
16963.00000000001
11931.250000000013
16420.000000000015
11737.750000000011
15891.000000000016
11070.500000000011
15953.000000000016
10845.500000000013
16510.000000000015
10833.250000000011
16504.00000000001
10922.250000000013
16673.00000000001
11288.250000000011
17040.00000000001
11461.750000000013
16994.00000000001
11520.500000000011
17009.00000000001
11517.000000000011
16496.000000000015
11602.500000000011
14620.000000000016
11957.000000000011
13004.000000000015
12363.500000000011
12647.000000000011
12790.500000000015
12641.000000000007
13110.750000000011
12933.000000000011
13328.250000000013
13725.000000000013
13424.500000000013
14720.000000000016
13569.250000000013
15800.000000000016
13397.500000000011
17330.000000000022
13281.750000000015
19487.00000000002
13378.250000000013
21321.000000000025
14216.500000000013
22414.000000000022
14954.750000000013
22973.000000000025
15073.750000000016
23136.000000000022
15459.500000000015
22926.000000000022
15923.500000000016
22656.000000000025
16125.500000000018
22141.000000000022
16181.000000000016
21268.000000000022
16158.500000000016
20898.000000000025
16497.000000000015
22223.000000000022
17315.25000000002
25483.000000000025
17422.750000000015
27432.00000000003
16958.75000000002
27497.000000000033
16358.000000000016
25655.00000000002
15685.750000000013
22343.000000000022
14702.250000000013
22177.000000000022
14321.750000000015
22422.000000000015
14246.750000000015
22305.000000000022
14452.250000000015
21266.000000000025
14772.500000000015
19995.000000000022
15072.000000000015
17702.00000000002
14722.750000000013
16884.00000000001
14447.750000000013
15912.000000000018
14494.000000000015
13911.000000000015
14723.250000000015
12660.000000000015
14985.750000000015
12115.000000000011
15297.750000000018
10894.00000000001
15750.250000000015
10472.000000000007
15684.750000000016
12433.000000000011
15418.250000000013
15590.000000000015
15536.250000000018
18381.000000000022
16082.500000000015
19655.00000000002
16781.250000000015
20265.00000000002
16582.00000000002
20628.000000000022
15661.500000000013
22320.00000000002
15494.500000000015
23651.000000000015
16099.000000000016
23447.00000000001
16479.75000000002
23054.000000000022
15884.500000000016
22154.00000000002
14993.750000000015
20698.000000000022
15129.750000000018
19817.000000000015
15907.000000000015
18768.000000000022
16860.00000000002
18490.000000000015
18546.000000000022
18310.000000000015
19881.50000000002
17771.00000000001
17027.50000000002
16849.000000000007
13065.250000000015
16167.000000000016
11715.750000000011
15662.000000000016
11698.250000000013
15104.000000000015
12131.500000000013
14450.000000000018
12093.750000000011
13674.000000000015
11625.250000000011
12397.000000000007
11409.250000000013
10817.000000000013
11457.000000000011
9343.000000000011
11470.500000000013
8551.000000000011
12072.000000000013
8447.000000000007
13028.750000000015
8296.000000000004
13709.000000000013
8856.000000000011
14141.500000000016
9934.00000000001
14236.000000000015
10562.000000000011