6710.000000000006
12224.00000000001
6890.750000000007
12384.000000000013
7209.250000000007
12620.000000000013
7690.250000000007
12914.000000000015
7944.750000000007
13344.000000000013
8127.750000000007
13771.000000000013
8204.250000000007
14110.000000000011
8164.25000000001
14417.000000000015
8006.250000000009
14656.000000000015
8051.750000000009
14961.000000000015
7962.500000000006
15356.000000000016
7778.250000000008
15638.000000000018
8248.500000000007
15889.000000000016
8926.75000000001
16076.000000000015
9338.50000000001
16144.000000000018
9829.000000000011
16105.000000000016
10290.250000000011
15968.000000000016
10965.000000000011
15801.000000000011
11291.000000000011
15598.000000000016
11703.500000000011
15328.000000000016
12021.500000000013
14947.000000000016
12204.750000000015
14470.000000000016
12549.000000000013
13902.00000000001
12568.750000000015
13172.000000000013
12835.250000000015
12421.000000000013
12950.500000000013
11739.00000000001
13049.500000000015
11140.000000000013
13053.250000000013
10688.000000000013
12828.000000000016
10287.000000000011
12505.500000000013
10066.00000000001
12568.500000000013
10008.000000000013
12969.750000000013
10016.000000000011
13318.000000000015
10051.000000000013
13652.750000000013
10040.000000000013
12883.250000000013
10001.000000000011
11434.250000000015
9913.000000000005
10905.250000000013
9729.00000000001
10282.50000000001
9529.000000000011
9607.00000000001
9328.000000000007
8485.500000000007
9152.000000000005
7895.750000000008
8943.000000000011
7225.250000000007
8684.00000000001
6551.000000000007
8487.00000000001
6249.250000000006
8341.000000000004
5979.5000000000055
8245.000000000005
5615.5000000000055
8073.000000000008
6371.500000000005
7866.000000000009
8003.500000000008
7312.000000000006
9186.250000000007
6529.0000000000055
10559.75000000001
5917.000000000004
10854.500000000011
5477.000000000006
9858.250000000011
5140.0000000000055
8596.25000000001
4891.000000000005
7301.000000000006
4713.000000000003
6832.000000000006
4625.000000000003
6551.250000000007
4481.0000000000055
6350.2500000000055
4302.000000000005
6010.500000000007
4190.000000000005
5782.750000000006
4014.0000000000036
5432.2500000000055
3847.000000000004
4952.250000000004
3749.0000000000036
4860.250000000005
3649.0000000000036
4734.250000000005
3541.000000000004
4810.500000000005
3450.000000000003
5303.2500000000055
3424.0000000000036
5642.7500000000055
3442.000000000002
5957.5000000000055
3701.000000000004
6321.5000000000055
4273.000000000004
6932.250000000007
5865.000000000006
7514.75000000001
7705.000000000007
8532.25000000001
8946.000000000005
8579.75000000001
10104.000000000011
8732.00000000001
11185.000000000005
8741.00000000001
12197.000000000011
8762.00000000001
13022.000000000016
8727.75000000001
13689.000000000015
8694.000000000011
14182.000000000013
8642.00000000001
14606.000000000016
8551.000000000007
14944.000000000016
8456.500000000007
15301.000000000015
8346.75000000001
15548.000000000015
8246.500000000007
15806.00000000002
8152.000000000008
15997.000000000016
8134.750000000009
16121.000000000016
8166.50000000001
16178.000000000016
8177.750000000008
16062.000000000018
8366.250000000007
15928.000000000015
8572.75000000001
17709.000000000022
8619.25000000001
19298.000000000015
8403.750000000011
15115.000000000016