11225.750000000011
16329.000000000016
11556.750000000013
16767.00000000002
12245.250000000013
16541.000000000015
12895.500000000013
16822.00000000002
13245.500000000013
17111.00000000002
13572.000000000013
17309.00000000002
13890.750000000016
17774.000000000015
14449.750000000016
18411.00000000002
15163.250000000015
19187.000000000022
15378.250000000016
20064.000000000022
15658.250000000015
20849.000000000022
16056.750000000016
22862.000000000025
16095.250000000015
24213.000000000022
15683.000000000018
24805.00000000003
15117.000000000015
25299.000000000025
15174.750000000013
25902.000000000022
15145.000000000015
26240.000000000022
14842.750000000013
25579.000000000033
14638.000000000018
24780.00000000003
14442.000000000015
23933.000000000025
14706.750000000013
22641.000000000025
12574.500000000013
21421.000000000025
11690.250000000011
20566.000000000022
13394.750000000015
19642.000000000022
14777.000000000016
18503.000000000022
14828.250000000015
17810.000000000022
14835.750000000016
13342.000000000016
14397.750000000015
11136.000000000013
13733.250000000015
9686.000000000011
14014.500000000015
8399.000000000007
13553.500000000011
7780.00000000001
13719.750000000016
7665.000000000008
13441.250000000015
8650.00000000001
12296.000000000015
9269.000000000007
11768.25000000001
9777.00000000001
11499.250000000013
10283.000000000011
10793.500000000011
11400.000000000011
10434.250000000011
11483.000000000011
10016.50000000001
10324.000000000011
10171.000000000013
8597.000000000011
10683.250000000011
8259.000000000005
11479.000000000013
9303.000000000005
10761.25000000001
9992.000000000007
9983.000000000011
9052.000000000005
8707.750000000011
8739.00000000001
7514.500000000009
9278.000000000011
7930.00000000001
10061.000000000007
7606.750000000008
10740.000000000011
8450.750000000007
10694.000000000013
10717.750000000011
10274.000000000007
10732.00000000001
11187.000000000011
11011.750000000011
11756.000000000007
10766.750000000013
12435.000000000011
10470.000000000011
13313.000000000013
10817.000000000011
13919.000000000013
10793.750000000011
14379.000000000018
10722.000000000011
14744.000000000016
9942.00000000001
14346.000000000016
9340.00000000001
14068.00000000001
8089.250000000007
14067.000000000015
7713.750000000008
14110.000000000011
7976.000000000007
14086.000000000015
8668.25000000001
13880.000000000015
9441.250000000011
13736.000000000015
10231.00000000001
13873.000000000015
10732.750000000011
13982.000000000016
10564.500000000011
14206.00000000001
10284.750000000013
14537.000000000011
10666.750000000011
14824.000000000015
11330.750000000011
14909.000000000018
11606.000000000011
14811.000000000011
11945.000000000015
14664.000000000018
12206.750000000013
14661.000000000015
12346.500000000013
14348.000000000018
12870.250000000013
14156.000000000011
13363.250000000013
14268.000000000015
13480.000000000016
14517.000000000013
13695.250000000013
14260.000000000016
13806.000000000015
14114.00000000001
13872.750000000013
14225.000000000018
13929.750000000015
14193.000000000015
14047.750000000015
13853.000000000016
14190.000000000015
14107.000000000015
14327.500000000015
14034.000000000011
14547.500000000018
12592.00000000001
14783.500000000016
12433.000000000011
14779.500000000018
12169.000000000016
14656.750000000016
12597.000000000013
14891.000000000018
13034.000000000015
16411.250000000015
14280.000000000015