12470.250000000015
13617.000000000007
12647.250000000016
13940.000000000015
12769.750000000013
14135.000000000013
13055.000000000011
13933.000000000015
13474.500000000011
13698.000000000011
13140.500000000015
13814.000000000016
12937.500000000013
13910.000000000015
12978.250000000013
13345.000000000015
12885.750000000011
12985.000000000015
12709.250000000011
12806.000000000015
12347.750000000013
12674.000000000013
11658.250000000011
12376.000000000015
11171.25000000001
11488.000000000013
11248.750000000011
10167.000000000007
11712.750000000015
9439.00000000001
12047.250000000013
9133.00000000001
11730.000000000011
9035.00000000001
11565.250000000013
9121.000000000005
11546.500000000013
9312.000000000011
11091.000000000011
9862.00000000001
10596.500000000013
10764.000000000011
10093.500000000011
11728.000000000013
10202.75000000001
13069.000000000013
10034.25000000001
13636.000000000015
9923.750000000011
13441.000000000015
10032.500000000011
13041.000000000015
9610.500000000011
13146.000000000013
9440.75000000001
13243.000000000016
9390.500000000011
13169.00000000001
9495.500000000011
13086.000000000015
9889.500000000011
12918.000000000013
10311.500000000011
12514.00000000001
10607.500000000011
12308.000000000013
10711.250000000011
11413.000000000013
10632.25000000001
11242.000000000013
10576.500000000011
11735.000000000011
10624.250000000011
11721.00000000001
10411.750000000011
11516.000000000015
10220.750000000011
11202.000000000011
10277.250000000013
11039.00000000001
10332.750000000013
11265.000000000013
10219.250000000013
11089.000000000007
9710.00000000001
10841.00000000001
9545.00000000001
10660.000000000011
10191.000000000011
10708.000000000013
9902.500000000007
11220.000000000013
9368.750000000011
11419.000000000011
9957.00000000001
10791.000000000011
10144.75000000001
9702.000000000011
10070.00000000001
8934.000000000007
10119.75000000001
8749.000000000011
10298.00000000001
8773.000000000007
10093.50000000001
8731.00000000001
10020.750000000011
8287.000000000007
10169.500000000011
8458.000000000005
9922.75000000001
8726.00000000001
9611.000000000007
8676.00000000001
9757.00000000001
9447.00000000001
9875.000000000011
10141.000000000011
10098.750000000011
11431.000000000011
9982.25000000001
12870.000000000016
9814.00000000001
12777.000000000016
9367.00000000001
12144.000000000011
8630.50000000001
11342.000000000011
8281.00000000001
10204.000000000011
8804.250000000011
8633.000000000011
8898.25000000001
7043.000000000006
9401.25000000001
6942.000000000007
10247.250000000011
8146.000000000009
10376.750000000007
9103.00000000001
12357.000000000011
9734.00000000001
13454.000000000015
11422.000000000011
11820.250000000011
13049.00000000001
10027.000000000011
12666.00000000001
9779.50000000001
13117.000000000016
11207.000000000011
13858.000000000015
11416.00000000001
14413.000000000016
10037.500000000011
15073.000000000018
8281.750000000007
15253.000000000016
7545.750000000007
15942.00000000002
7518.000000000007
15973.000000000018
8080.750000000007
15531.000000000018
8912.50000000001
14887.000000000011
9050.50000000001
14348.000000000016
9217.75000000001
13390.000000000013
9367.750000000011
12214.000000000007
9590.750000000007
10980.000000000011
9857.500000000011
9872.00000000001
10004.500000000011
8228.00000000001
10726.000000000011
6569.000000000007