7805.2500000000055
10932.000000000013
8160.750000000011
11516.000000000011
8109.750000000007
11922.00000000001
8215.500000000007
12096.000000000013
8589.25000000001
11150.000000000007
8966.750000000007
10725.000000000013
8823.75000000001
11142.000000000013
8297.250000000007
10890.000000000015
8235.75000000001
11267.000000000011
8012.000000000008
11804.000000000013
8223.75000000001
12310.000000000016
8491.25000000001
11884.000000000015
8353.750000000007
11144.000000000013
8387.25000000001
10620.00000000001
8551.75000000001
10521.00000000001
8546.000000000007
10151.000000000011
8670.750000000007
9518.00000000001
8698.00000000001
9645.00000000001
8952.50000000001
9663.000000000011
9562.25000000001
8901.000000000011
9763.25000000001
7644.000000000007
10062.50000000001
8128.00000000001
9893.500000000011
8877.000000000011
9536.75000000001
10245.000000000013
9621.00000000001
11489.000000000013
9351.25000000001
12623.000000000015
9419.25000000001
12880.000000000018
9799.750000000011
11584.000000000013
10209.250000000011
11015.000000000011
10301.25000000001
11598.000000000011
10158.25000000001
11698.000000000007
9860.75000000001
12443.000000000016
9707.000000000011
12443.000000000007
9827.250000000011
12459.000000000007
9539.250000000011
13041.000000000015
9333.50000000001
13264.000000000013
9432.250000000011
13539.000000000016
9752.750000000011
13625.000000000015
9680.50000000001
13622.000000000011
9345.25000000001
13004.000000000013
9890.75000000001
11619.000000000007
9216.00000000001
10260.000000000011
8488.00000000001
7864.000000000009
7799.750000000009
8349.00000000001
7059.000000000006
9038.000000000011
6958.500000000009
9639.000000000005
9838.500000000011
10040.000000000013
9075.50000000001
9543.000000000007
8210.00000000001
8832.000000000005
8558.50000000001
9187.00000000001
8694.00000000001
9739.000000000011
8678.75000000001
10298.000000000011
8781.00000000001
10720.00000000001
13086.500000000013
10179.000000000005
15258.000000000015
9618.000000000011
16003.000000000018
10210.000000000005
15737.250000000016
10973.000000000013
11521.000000000011
11854.000000000005
6936.750000000007
11575.000000000011
5432.7500000000055
10831.000000000011
5087.250000000005
10513.00000000001
5048.250000000005
10635.00000000001
5408.250000000006
10797.000000000011
5741.7500000000055
11626.000000000011
5928.750000000006
12240.00000000001
6104.250000000006
11980.00000000001
6811.000000000007
9882.000000000005
7034.250000000007
9376.00000000001
7358.750000000006
9882.000000000005
7386.250000000007
10486.000000000011
7720.500000000006
11096.000000000011
7989.250000000006
10942.000000000011
8483.50000000001
11284.000000000011
8844.25000000001
10962.000000000011
8919.75000000001
10229.000000000011
8827.000000000007
10189.000000000011
8596.00000000001
9937.000000000011
8665.00000000001
9675.00000000001
8678.250000000007
10308.00000000001
8340.75000000001
10956.00000000001
8272.50000000001
11046.00000000001
7750.500000000007
10487.000000000007
7520.250000000008
9687.000000000007
7530.750000000007
8551.000000000011
8056.250000000007
8823.000000000005
8016.000000000009
9252.000000000011
7724.750000000009
9166.000000000011
7409.500000000008
8148.000000000008
7061.250000000007
8287.000000000007
7142.750000000008
8373.000000000005