6885.750000000006
4483.000000000002
6966.750000000007
3510.000000000003
7166.750000000007
2746.000000000003
7309.250000000008
2358.0000000000023
7433.500000000009
2340.000000000002
7595.750000000008
2289.0000000000023
7719.500000000007
2250.0000000000027
7924.750000000008
2212.0000000000023
8044.750000000009
2174.0000000000027
8195.000000000007
2190.0000000000023
8364.50000000001
2128.0000000000014
8443.500000000007
2124.0000000000014
8489.500000000007
2168.0000000000014
8425.50000000001
2203.000000000002
8414.000000000007
2225.0000000000014
8267.000000000007
2266.000000000003
8386.50000000001
2332.0000000000027
8559.00000000001
2355.0000000000027
8606.75000000001
2411.000000000003
8680.000000000011
3408.000000000004
8723.50000000001
5355.000000000005
8647.750000000007
6844.000000000009
8603.50000000001
7416.000000000007
8468.75000000001
7641.000000000008
8246.25000000001
7905.000000000008
8047.500000000007
8180.000000000008
7873.750000000008
8303.000000000011
7674.750000000007
8289.00000000001
7429.500000000006
8351.000000000005
7369.750000000007
8763.000000000011
7435.000000000008
9171.00000000001
7640.500000000008
9549.000000000011
8078.750000000008
9881.00000000001
8435.75000000001
10096.000000000011
8573.750000000007
10251.000000000007
8656.75000000001
10341.000000000011
8215.500000000007
10416.000000000011
7602.000000000008
10594.000000000007
7020.7500000000055
10559.00000000001
6664.750000000006
10222.00000000001
6199.000000000006
9805.00000000001
5963.000000000006
9629.00000000001
5765.750000000006
9530.00000000001
5674.750000000006
9552.00000000001
5091.500000000005
9534.000000000011
4486.250000000005
9542.000000000011
4599.250000000005
9509.000000000005
4715.250000000005
9394.00000000001
4552.000000000005
9346.000000000011
4354.000000000005
9396.00000000001
4077.2500000000036
9456.000000000005
3886.5000000000045
9763.000000000011
4173.250000000004
10190.000000000007
6661.2500000000055
10631.000000000011
8584.75000000001
11054.000000000013
10056.000000000011
11729.000000000013
11033.250000000011
12267.000000000011
9535.250000000011
12301.00000000001
6952.2500000000055
12314.000000000015
7055.750000000006
12590.00000000001
6861.750000000005
12585.000000000015
6298.000000000006
12484.00000000001
5667.0000000000055
12393.00000000001
5027.250000000005
12084.000000000011
4768.000000000005
11609.000000000015
4842.7500000000055
11525.000000000011
5280.750000000005
12342.000000000005
5806.2500000000055
13819.000000000015
6577.500000000006
16156.000000000018
7506.750000000008
19175.000000000022
8587.00000000001
20637.000000000022
9052.50000000001
20809.000000000025
9013.75000000001
20755.00000000001
9046.50000000001
20735.00000000002
9347.00000000001
20782.000000000025
9627.250000000011
20842.000000000025
9427.75000000001
20852.000000000015
9282.25000000001
20855.000000000025
9542.00000000001
20966.00000000002
10148.00000000001
21277.000000000022
10905.750000000011
21707.00000000002
11565.000000000011
22059.000000000025
12202.000000000013
22218.000000000025
12542.500000000013
22281.000000000022
12813.750000000013
22445.000000000022
12944.500000000011
22815.000000000022
13111.750000000016
23410.00000000003
13252.500000000015
24015.000000000015
13289.500000000013
24460.000000000033
13412.750000000013
24614.000000000015