7815.750000000009
10955.00000000001
8154.500000000009
11460.000000000013
8104.500000000008
11926.000000000007
8221.00000000001
12059.00000000001
8596.500000000011
11165.000000000011
8970.00000000001
10776.000000000011
8821.750000000007
11107.000000000013
8341.00000000001
10930.000000000013
8246.25000000001
11284.000000000011
8019.500000000008
11815.00000000001
8237.25000000001
12275.000000000007
8479.000000000007
11852.000000000013
8366.50000000001
11148.000000000013
8388.750000000007
10665.000000000013
8573.75000000001
10499.000000000013
8539.50000000001
10131.000000000013
8656.75000000001
9528.000000000007
8719.75000000001
9648.000000000011
8967.75000000001
9616.000000000005
9543.50000000001
8854.000000000005
9755.500000000007
7726.000000000007
10050.750000000011
8145.000000000008
9904.00000000001
8884.000000000005
9548.250000000011
10252.000000000013
9605.50000000001
11477.000000000011
9361.00000000001
12632.000000000011
9416.250000000011
12828.000000000016
9802.750000000011
11607.000000000013
10214.750000000011
11067.000000000011
10288.500000000011
11602.00000000001
10149.500000000011
11733.000000000011
9861.25000000001
12411.000000000013
9723.75000000001
12419.000000000011
9816.00000000001
12471.000000000013
9538.000000000011
13077.000000000016
9328.500000000007
13294.000000000015
9411.750000000011
13551.000000000018
9736.75000000001
13621.000000000016
9674.50000000001
13663.000000000013
9368.50000000001
12996.000000000015
9843.750000000011
11649.000000000015
9176.000000000007
10263.000000000015
8480.750000000007
7958.000000000009
7783.500000000008
8348.000000000007
7084.750000000006
9045.000000000005
7039.500000000007
9640.000000000011
9607.50000000001
9984.000000000013
9041.50000000001
9555.000000000005
8213.750000000007
8897.000000000011
8552.500000000007
9194.000000000011
8706.75000000001
9790.00000000001
8657.750000000007
10283.000000000013
8902.00000000001
10668.000000000011
13056.500000000013
10211.000000000011
15262.500000000018
9663.000000000011
16018.000000000018
10196.000000000011
15711.750000000013
10981.000000000011
11608.750000000011
11843.00000000001
7019.750000000008
11534.000000000013
5449.2500000000055
10848.000000000013
5109.0000000000055
10487.000000000007
5061.2500000000055
10642.000000000011
5398.7500000000055
10845.000000000011
5732.000000000006
11596.000000000011
5946.500000000006
12225.00000000001
6130.250000000006
11930.000000000011
6793.750000000007
9968.000000000011
7050.250000000008
9414.000000000007
7343.250000000007
9912.00000000001
7407.2500000000055
10504.000000000013
7723.750000000009
11075.000000000013
8007.000000000007
10954.000000000013
8501.00000000001
11236.000000000013
8818.750000000007
10961.000000000011
8921.50000000001
10273.000000000011
8825.75000000001
10151.000000000011
8607.250000000007
9941.000000000011
8673.25000000001
9722.000000000005
8676.25000000001
10321.000000000013
8357.750000000007
10952.000000000007
8259.00000000001
11017.000000000011
7766.750000000008
10447.000000000011
7542.2500000000055
9681.000000000011
7552.750000000007
8599.000000000007
8037.500000000008
8816.000000000011
8025.500000000009
9244.000000000011
7717.750000000008
9157.00000000001
7403.250000000007
8185.000000000007
7099.000000000007
8281.00000000001
7155.250000000006
8367.000000000005