5052.2500000000055
4878.000000000004
4525.750000000005
4564.000000000003
3936.2500000000036
4547.000000000004
3617.250000000004
4376.0000000000055
3467.0000000000036
4008.0000000000045
3430.000000000003
3940.0000000000045
3488.000000000003
3979.0000000000045
3509.7500000000036
3883.0000000000036
3585.7500000000045
4033.000000000004
3803.750000000004
5032.000000000005
4222.000000000005
5849.000000000004
4199.000000000003
5977.000000000007
4009.000000000003
6078.0000000000055
3762.7500000000036
5738.0000000000055
3930.5000000000036
5268.000000000005
4307.750000000005
5491.0000000000055
4783.750000000005
6035.0000000000055
5315.5000000000055
6471.000000000005
5486.500000000005
6487.000000000007
5379.0000000000055
6333.000000000005
5577.0000000000055
5850.000000000003
6247.0000000000055
4503.000000000003
6973.750000000007
4037.000000000004
7266.250000000007
4189.000000000002
7044.500000000008
3817.0000000000027
6645.250000000008
3477.000000000003
6006.2500000000055
4060.000000000004
5451.0000000000055
5043.000000000006
5233.0000000000055
4947.000000000002
5197.750000000005
4983.000000000006
4668.250000000005
7359.000000000008
4254.250000000005
9629.00000000001
4680.000000000005
11257.000000000013
5194.250000000005
12712.000000000018
5930.500000000007
13413.00000000001
7802.000000000008
13686.000000000016
8324.750000000011
13883.000000000015
9313.500000000007
13749.00000000001
9406.250000000011
11074.000000000013
9185.250000000011
9496.000000000011
9127.250000000007
8547.000000000004
9219.00000000001
7808.000000000007
9512.25000000001
7796.000000000007
9978.50000000001
7209.000000000007
10718.250000000011
6912.000000000009
12129.250000000013
7345.000000000007
13243.750000000015
8037.000000000007
13662.250000000013
8377.000000000007
12183.000000000011
8500.000000000007
10609.500000000011
8649.000000000005
9986.750000000011
8581.000000000011
9988.00000000001
8273.00000000001
9537.50000000001
8546.000000000007
8748.500000000007
9532.000000000005
7955.750000000007
10424.000000000011
8689.750000000007
10926.000000000013
10208.250000000011
12582.000000000013
9618.75000000001
17432.00000000001
8665.25000000001
21703.000000000022
7412.500000000008
20524.00000000002
6399.500000000007
14242.000000000013
7165.000000000009
13422.000000000018
7762.500000000007
13840.00000000001
8529.50000000001
14045.000000000013
8842.00000000001
14460.000000000011
9364.50000000001
14004.000000000011
10099.750000000011
13943.000000000011
10050.000000000011
13799.000000000016
10709.000000000011
12966.000000000016
10554.000000000011
12122.000000000015
10305.000000000013
11656.000000000011
8925.75000000001
11470.000000000013
9075.00000000001
12330.000000000013
8856.750000000007
12297.000000000011
8719.500000000007
9584.00000000001
9897.500000000011
5922.000000000005
10337.00000000001
4341.000000000004
10149.750000000013
3852.0000000000045
9956.750000000011
3999.0000000000036
10012.75000000001
3811.0000000000045
10054.000000000011
3412.000000000003
10223.000000000011
4113.000000000004
10712.250000000011
5277.0000000000055
11290.250000000013
6026.0000000000055
11278.75000000001
5572.0000000000055
11162.750000000011
4860.0000000000055
12285.000000000013
4462.0000000000055
12598.000000000013
4980.0000000000055
13217.000000000013
6003.000000000003
14107.250000000016
6231.000000000007