9180.50000000001
11862.000000000013
8917.500000000011
11867.000000000013
8692.50000000001
11801.000000000013
8619.75000000001
11617.00000000001
8636.500000000007
11320.000000000013
8746.50000000001
10880.00000000001
8854.75000000001
10410.000000000011
8890.75000000001
10072.00000000001
8930.75000000001
9887.000000000013
8946.500000000007
10036.000000000011
8901.75000000001
10177.000000000011
8864.25000000001
10222.000000000011
8891.750000000007
10202.000000000011
8938.75000000001
10157.000000000011
9047.25000000001
10160.000000000007
9074.750000000007
10216.00000000001
9083.75000000001
10265.000000000011
9096.750000000007
10283.000000000011
9139.000000000011
10261.000000000011
9207.75000000001
10290.000000000011
9325.250000000011
10309.000000000011
9470.50000000001
10244.000000000013
9552.75000000001
10170.000000000011
9606.50000000001
10061.000000000007
9848.00000000001
9977.000000000007
10300.750000000013
9777.000000000011
10670.750000000011
9489.000000000007
10727.500000000007
9324.000000000011
10524.000000000011
9212.000000000005
10371.000000000011
9152.000000000011
10141.75000000001
8915.000000000005
9904.250000000011
8728.000000000007
9639.000000000007
8566.000000000011
9560.25000000001
8330.000000000011
10054.750000000011
8195.000000000007
10747.250000000011
8143.000000000007
11167.750000000011
8213.000000000005
11517.750000000011
8267.00000000001
12105.50000000001
8250.00000000001
12151.250000000015
8268.000000000005
12217.500000000013
8261.000000000005
11760.250000000013
8242.00000000001
11086.000000000011
8332.000000000007
10950.75000000001
8407.000000000007
10788.000000000011
8642.000000000011
10869.750000000011
8758.000000000007
10900.25000000001
8866.00000000001
10986.000000000011
8996.00000000001
11011.25000000001
9174.000000000005
11267.500000000013
9333.00000000001
11606.000000000011
9367.000000000007
11726.500000000015
9366.000000000011
11751.250000000015
9365.000000000011
11916.500000000015
9520.000000000007
11855.25000000001
9561.00000000001
11507.000000000013
9492.00000000001
10932.500000000015
9376.000000000011
10055.000000000011
9078.000000000007
9616.25000000001
8766.000000000007
8988.750000000007
8357.00000000001
9473.75000000001
7736.000000000007
10000.25000000001
7281.000000000006
10181.250000000011
6725.000000000006
9985.500000000011
6375.000000000006
9636.750000000011
5975.000000000005
9425.000000000011
5953.000000000005
9452.750000000011
5872.000000000004
9978.75000000001
5674.0000000000055
10747.500000000011
5608.000000000006
11337.500000000011
5310.000000000005
11668.250000000013
5081.000000000006
11644.25000000001
4694.000000000003
11379.250000000013
4355.000000000003
10840.750000000011
4202.000000000003
10633.000000000007
4121.000000000005
10467.75000000001
4027.0000000000036
10204.25000000001
3927.0000000000036
9777.000000000011
3695.0000000000027
9375.000000000011
3044.0000000000027
9208.50000000001
2607.0000000000023
9364.250000000007
2439.000000000002
9717.00000000001
2341.0000000000014
10140.00000000001
2309.0000000000027
10442.750000000011
2265.0000000000014
10763.750000000011
2193.0000000000023
11917.750000000013
2181.0000000000023
12690.500000000013
2117.000000000002
12992.250000000013
2117.000000000002
12767.250000000013
2085.000000000002
12955.500000000013
2085.000000000002