14340.750000000015
10927.000000000011
14587.750000000013
10979.000000000011
14648.750000000016
10904.000000000011
14481.750000000016
11041.000000000011
14186.000000000015
11697.000000000007
14023.500000000015
12662.000000000011
14015.250000000016
13735.000000000013
14055.250000000015
14649.000000000015
14219.250000000015
15353.000000000018
14466.000000000015
15824.000000000016
14641.250000000013
16136.000000000016
14774.750000000016
16426.00000000001
14871.000000000016
16902.000000000022
14964.500000000016
17416.00000000002
14963.250000000015
17775.000000000015
14943.500000000015
18015.000000000022
14916.750000000015
18215.000000000022
14884.750000000015
18518.000000000022
14908.750000000013
18948.000000000015
14953.750000000013
19332.000000000022
15040.250000000011
19559.000000000015
15139.750000000015
19565.00000000002
15217.000000000016
19437.000000000015
15320.500000000015
19223.000000000015
15462.000000000015
18996.000000000022
15516.750000000013
18889.000000000015
15534.250000000015
18908.00000000002
15482.500000000016
19147.000000000015
15474.000000000013
19402.000000000022
14771.500000000011
19457.00000000002
13530.250000000013
19333.000000000025
13033.000000000013
18973.00000000001
12435.000000000015
18708.00000000002
11539.750000000013
18650.00000000002
11042.250000000013
18572.000000000022
10746.750000000011
18509.000000000022
10353.250000000011
18502.000000000022
10985.250000000011
18594.000000000022
12167.25000000001
18857.000000000015
12465.250000000011
19180.000000000022
12855.750000000015
19487.00000000002
12653.000000000013
19597.000000000022
14148.000000000016
19462.000000000022
15950.750000000015
19191.000000000015
15085.000000000015
18789.000000000025
13525.500000000013
18542.00000000002
13015.250000000016
18553.000000000015
13344.250000000013
18667.00000000001
13580.000000000013
18859.000000000022
13609.000000000015
19181.000000000025
13757.750000000013
19486.00000000002
14034.000000000015
19943.000000000025
13780.500000000015
20373.00000000002
13453.250000000011
20663.000000000022
13498.000000000015
20807.000000000015
13611.000000000015
20834.000000000022
12930.250000000013
20814.00000000002
11913.250000000011
20743.000000000022
11241.250000000013
20591.000000000022
10789.250000000011
20333.000000000022
10846.50000000001
20228.000000000015
11279.000000000011
20091.000000000015
11661.000000000013
19956.000000000025
11055.25000000001
19893.000000000015
10794.00000000001
19646.000000000022
10907.500000000011
19399.00000000001
11364.750000000013
19279.000000000022
12108.750000000011
19199.00000000002
12790.250000000015
19118.000000000022
12858.250000000013
18936.000000000022
12797.500000000013
18608.000000000022
12730.250000000013
18119.00000000001
12592.250000000015
17600.00000000002
12473.000000000013
17044.000000000015
12307.250000000011
16478.000000000015
12090.000000000011
15969.000000000015
11854.750000000013
15653.000000000018
11632.500000000011
15392.000000000018
11483.000000000013
15212.000000000018
11530.500000000013
15139.000000000013
11759.000000000011
15254.000000000016
12132.000000000013
15311.000000000016
12643.000000000011
15327.000000000015
13242.500000000011
15386.000000000016
13798.750000000015
15391.000000000015
14420.500000000016
15373.000000000016
15078.500000000015
15329.00000000002
15657.750000000015
15275.000000000016
16063.500000000015
15269.000000000016
16179.000000000018
15250.000000000018