9644.500000000011
14377.000000000013
10478.000000000011
14557.000000000013
10647.750000000011
15108.000000000016
10795.00000000001
15195.000000000015
11009.000000000011
14796.000000000011
10387.000000000011
13729.000000000011
9720.250000000011
14729.000000000016
9310.250000000011
15660.000000000015
9376.750000000007
15975.000000000016
9168.000000000011
15969.000000000016
9293.50000000001
15961.000000000016
9198.000000000011
15680.000000000015
8636.75000000001
16307.00000000002
7257.000000000008
16531.00000000002
6238.250000000005
15447.000000000015
5827.750000000005
14593.000000000013
5005.250000000005
14348.000000000016
4594.000000000005
14402.000000000015
5137.250000000005
13514.000000000016
5477.7500000000055
11619.000000000007
6222.250000000005
10913.000000000011
7669.500000000008
11988.000000000013
8333.750000000007
13591.000000000011
8017.750000000008
13375.000000000013
7541.750000000007
12410.000000000013
6060.2500000000055
12648.000000000011
4794.7500000000055
13736.000000000015
4107.250000000004
14056.000000000015
3705.500000000003
16307.000000000015
3896.5000000000036
17970.00000000002
4094.500000000005
17501.000000000015
4493.750000000005
17027.000000000015
6047.250000000006
17355.00000000002
7847.000000000008
15920.000000000016
8329.000000000007
15973.000000000015
6732.750000000007
14749.000000000015
5207.500000000006
12573.000000000015
4607.000000000005
12406.000000000015
5261.2500000000055
12572.000000000011
5333.7500000000055
11581.000000000011
5260.2500000000055
10935.000000000011
5168.7500000000055
9723.000000000005
5201.750000000006
8303.00000000001
5564.750000000005
7417.000000000008
7045.250000000006
7175.000000000008
7665.000000000008
8118.000000000009
7799.500000000007
6814.000000000007
8172.750000000007
6360.000000000006
8338.00000000001
6068.000000000006
8612.00000000001
4976.0000000000055
8619.00000000001
4426.000000000005
7991.750000000008
4339.000000000005
7120.250000000007
3888.000000000003
7228.000000000006
3668.0000000000036
7662.750000000009
3907.000000000004
8101.750000000008
3988.000000000004
8531.250000000007
3812.000000000003
8727.750000000011
3439.000000000003
8701.000000000007
3606.000000000004
8435.00000000001
4430.000000000005
8120.750000000009
5086.0000000000055
8080.500000000009
5317.000000000006
8469.75000000001
5626.0000000000055
9407.00000000001
5176.0000000000055
10070.00000000001
5825.000000000004
10033.250000000011
8125.000000000008
10077.500000000011
8632.00000000001
9752.000000000011
8269.000000000011
9573.750000000011
8821.00000000001
9179.250000000007
9303.000000000005
9237.750000000007
9355.00000000001
9365.25000000001
8603.000000000011
9865.750000000011
8343.000000000005
10221.750000000011
7502.000000000006
9585.25000000001
5184.0000000000055
9005.25000000001
3745.000000000004
9057.750000000011
3368.0000000000036
8737.500000000005
3647.0000000000036
8223.000000000007
3618.000000000004
7592.000000000006
4152.000000000005
7266.500000000008
4499.000000000005
6799.750000000007
3675.000000000003
6009.5000000000055
3740.0000000000036
5770.500000000006
4826.000000000005
4800.0000000000055
5339.000000000004
4123.500000000004
5007.0000000000055
3980.0000000000045
3966.0000000000036
4053.5000000000036
3007.0000000000023
3844.7500000000045
2691.000000000003
3553.500000000004
2620.000000000002