5859.2500000000055
11368.000000000011
5678.750000000005
10856.00000000001
5750.7500000000055
10261.000000000011
6496.500000000008
8999.000000000005
6861.250000000006
7374.000000000007
7176.250000000007
12392.00000000001
7860.750000000009
17240.000000000015
7693.000000000008
14972.000000000018
7872.250000000007
14131.000000000015
8268.50000000001
14362.000000000007
8950.50000000001
13585.000000000018
8669.00000000001
13806.000000000011
8469.00000000001
13854.000000000015
8502.750000000011
13301.000000000015
8630.75000000001
13248.000000000011
9174.25000000001
14005.000000000013
10090.250000000011
13355.000000000015
11147.000000000011
12789.00000000001
11785.25000000001
12907.000000000011
12379.250000000013
13481.000000000013
12865.000000000013
12593.000000000015
12733.500000000015
12680.000000000016
13188.500000000011
12854.000000000016
13201.000000000013
13047.00000000001
12232.500000000013
13387.000000000007
11305.250000000011
15053.000000000015
10587.750000000011
14994.000000000011
9974.750000000011
13966.000000000007
10045.750000000011
13789.000000000016
10555.25000000001
14036.000000000015
10670.000000000013
14503.000000000015
10666.750000000013
14857.000000000016
10784.00000000001
14885.000000000016
10678.250000000011
14919.000000000016
10718.500000000011
15580.000000000018
10780.750000000011
15239.000000000016
10957.500000000011
13917.000000000018
10954.00000000001
12699.000000000013
10698.00000000001
10979.000000000011
10822.000000000013
9513.000000000007
10896.500000000011
7481.000000000008
10674.500000000011
5778.000000000006
10145.750000000007
5180.000000000005
9249.00000000001
4278.000000000003
9131.25000000001
3087.0000000000023
9171.250000000011
3408.000000000002
8947.000000000007
4995.0000000000055
9491.250000000011
6911.000000000007
10878.250000000011
8136.000000000008
10824.500000000011
8639.00000000001
10612.750000000007
9074.00000000001
9779.000000000011
10784.000000000015
9373.75000000001
10273.000000000011
9475.50000000001
10411.000000000007
9455.25000000001
10106.000000000013
8979.500000000007
9802.000000000007
9529.00000000001
8827.000000000007
10308.750000000011
8607.000000000013
11154.750000000013
8900.000000000005
11427.000000000011
9109.000000000007
11071.00000000001
8374.000000000005
10990.250000000011
7787.000000000008
10653.500000000011
7738.000000000009
10672.250000000011
7774.000000000007
10697.250000000011
7432.000000000008
10515.500000000011
7399.000000000007
10243.750000000011
6967.000000000007
10342.500000000007
7250.000000000008
10381.00000000001
7794.00000000001
10333.250000000011
9022.000000000013
10279.25000000001
9932.000000000013
10286.250000000011
8619.000000000005
9866.50000000001
9112.00000000001
9512.25000000001
8289.00000000001
9626.75000000001
7151.000000000004
9744.750000000011
7072.000000000007
10111.000000000011
6813.000000000005
10405.000000000011
6706.000000000007
10207.00000000001
6770.000000000004
10035.75000000001
7286.000000000005
9791.50000000001
7632.000000000008
9643.75000000001
7361.000000000009
9556.00000000001
7237.000000000007
9326.50000000001
6715.000000000007
8882.000000000011
6317.000000000007
8592.25000000001
6486.000000000005
8568.000000000007
7785.000000000007
8844.25000000001
8994.000000000007
9092.000000000011
9661.000000000013
9160.500000000007
10295.000000000011