12244.500000000015
10372.000000000011
12263.750000000011
10364.000000000011
12293.500000000013
10110.00000000001
12366.000000000013
9929.000000000011
12433.250000000011
9744.00000000001
12504.000000000013
9484.000000000013
12603.000000000011
9201.00000000001
13127.000000000013
9009.000000000007
13532.000000000011
8807.00000000001
13788.750000000015
8564.000000000005
13623.750000000015
8428.000000000005
13878.000000000015
8361.000000000007
14046.000000000015
8328.000000000005
13853.750000000013
8260.000000000011
13419.750000000015
8231.000000000011
13541.000000000013
8026.000000000008
13831.250000000015
7813.000000000008
13508.250000000015
7461.000000000005
13950.250000000018
6925.000000000003
14087.250000000013
6358.000000000004
13942.250000000011
5688.0000000000055
13672.750000000016
5058.000000000006
13600.500000000015
4519.0000000000055
14059.000000000013
4340.000000000005
13935.750000000016
4443.000000000005
11559.250000000013
4841.0000000000055
7196.000000000008
5520.0000000000055
5226.250000000005
6445.0000000000055
4615.750000000005
7569.000000000008
4620.000000000005
8586.00000000001
4682.0000000000055
9497.000000000007
5023.0000000000055
10390.000000000013
5392.250000000006
11406.000000000011
8186.750000000007
12290.000000000007
10038.25000000001
13023.000000000013
7623.000000000009
13513.000000000015
4365.250000000005
13816.000000000013
4278.500000000003
13930.000000000015
4484.0000000000055
13944.000000000016
4978.0000000000055
14063.000000000016
6679.250000000006
14450.00000000001
7718.000000000007
14981.000000000018
8208.75000000001
15790.000000000015
8976.25000000001
16579.00000000001
10468.250000000013
17377.000000000022
12766.000000000013
18141.000000000015
13018.750000000013
18622.00000000001
12810.500000000015
18986.00000000002
12839.000000000011
19107.00000000002
12712.250000000011
19017.00000000001
12313.500000000013
18603.00000000002
12509.000000000011
17996.00000000002
12436.500000000013
17138.000000000007
12369.000000000016
16111.000000000013
12215.500000000013
15092.000000000016
12156.000000000011
14333.000000000016
12315.500000000013
13727.000000000015
12494.250000000013
13365.000000000015
12510.000000000011
13162.000000000013
12200.750000000011
12979.000000000013
11623.50000000001
12889.000000000015
11515.000000000013
12808.000000000016
11667.250000000013
12721.000000000015
12194.250000000015
12681.00000000001
12710.000000000015
12659.000000000011
12646.750000000013
12629.000000000013
12302.50000000001
12633.000000000011
11819.250000000013
12783.000000000016
11647.750000000011
13000.000000000015
11028.250000000011
13190.000000000016
10925.000000000011
13357.000000000007
10733.250000000011
13457.000000000016
10910.750000000011
13695.000000000013
11218.750000000013
13709.000000000013
11252.750000000011
13766.000000000015
11199.000000000011
13820.000000000011
11263.000000000011
13678.000000000007
11337.250000000011
13507.000000000015
11430.000000000011
13231.00000000001
11553.000000000013
12948.000000000013
11676.750000000013
12695.000000000015
11753.000000000013
12435.000000000011
11840.500000000013
12350.000000000013
11899.750000000013
12232.000000000013
11864.000000000011
12228.000000000013
11823.750000000013
12127.000000000015
11866.000000000011
12196.00000000001
11882.000000000011
12310.000000000016
11919.250000000011
12518.000000000015
11883.750000000013
13031.000000000016