7885.000000000007
16684.00000000002
8734.25000000001
16728.00000000002
9115.500000000011
16819.000000000007
9415.75000000001
17407.000000000022
9679.00000000001
17107.000000000015
9204.00000000001
16053.000000000016
9127.00000000001
14776.000000000013
8361.75000000001
13521.00000000001
8911.00000000001
12892.000000000011
10164.000000000011
12838.000000000007
11353.000000000011
12846.000000000011
11567.500000000011
12493.000000000015
11421.500000000011
11352.000000000011
10757.500000000013
10800.000000000013
11123.500000000013
11076.000000000013
10919.750000000011
11207.000000000011
10547.000000000011
11115.00000000001
10495.000000000011
10728.000000000005
10075.75000000001
10090.000000000011
9363.00000000001
9779.000000000007
8577.00000000001
9377.000000000011
8346.500000000007
8267.000000000005
9434.750000000013
6952.000000000006
9528.000000000011
5180.000000000006
9578.50000000001
4973.000000000004
10358.250000000011
5991.000000000005
10569.500000000011
6221.000000000008
10642.00000000001
6125.000000000003
9892.25000000001
6310.000000000006
8786.75000000001
5077.0000000000055
8249.500000000007
3964.0000000000045
8275.250000000007
4521.0000000000055
8509.00000000001
5696.000000000006
8957.50000000001
6612.000000000008
8495.000000000007
7374.000000000007
8721.250000000007
7808.000000000008
8525.50000000001
8068.0000000000055
7460.250000000006
8309.000000000007
6503.250000000007
8994.000000000007
6159.7500000000055
9201.000000000004
5791.000000000006
9050.00000000001
6367.0000000000055
9357.000000000005
5840.2500000000055
9366.00000000001
6478.750000000007
9519.000000000011
5967.2500000000055
9687.000000000007
4422.000000000005
9377.00000000001
5884.000000000006
9343.000000000011
8456.250000000007
8478.000000000011
8852.75000000001
8146.00000000001
6986.5000000000055
8271.000000000007
5290.000000000005
7915.000000000007
4524.250000000004
7400.000000000005
5012.500000000005
6937.000000000008
4993.000000000005
6648.000000000009
5483.5000000000055
6575.0000000000055
6712.5000000000055
6310.000000000007
8608.50000000001
6704.000000000003
9285.00000000001
6872.0000000000055
8064.750000000008
5632.000000000007
7511.500000000007
4523.0000000000055
7457.750000000007
3815.0000000000045
7140.750000000007
3376.0000000000045
6555.7500000000055
2943.000000000002
6329.250000000006
3140.0000000000023
5896.0000000000055
3732.000000000003
5365.7500000000055
3975.000000000003
4977.750000000005
4077.000000000005
4716.5000000000055
4272.000000000004
4919.5000000000055
4292.000000000004
4958.000000000005
4226.000000000005
5001.500000000006
4132.000000000004
5932.000000000006
4518.000000000003
6807.500000000006
5130.0000000000055
6980.500000000007
5785.0000000000055
7074.250000000007
6322.000000000006
7043.500000000006
6692.000000000005
7083.750000000006
7644.000000000007
7580.250000000009
8633.000000000005
7588.500000000007
8919.000000000007
7771.750000000006
8945.000000000005
7726.50000000001
9091.000000000005
7174.000000000008
9079.000000000007
7034.750000000008
9149.00000000001
6891.500000000006
8787.000000000011
7102.500000000007
8336.000000000005
9016.75000000001
8810.000000000011
9630.00000000001
8463.000000000011
8360.50000000001
7823.000000000009
7904.500000000006
7136.000000000006
8018.000000000009
6400.0000000000055