7167.250000000009
17579.000000000015
7295.750000000006
17894.000000000022
7519.000000000008
18334.00000000001
7812.250000000007
18052.000000000022
8063.750000000007
17869.000000000022
8315.500000000007
18588.00000000002
8526.750000000007
18199.000000000022
8716.00000000001
18322.000000000015
9221.000000000011
18308.000000000015
10060.500000000011
17817.000000000022
10399.250000000013
18249.000000000015
9687.00000000001
19162.000000000015
8336.250000000007
19228.00000000002
7362.500000000009
18433.000000000022
7211.250000000007
18558.00000000002
7423.250000000008
20066.00000000002
7971.50000000001
19911.000000000025
8806.500000000007
18839.000000000022
10056.000000000011
18881.00000000001
11442.000000000011
19271.00000000002
12125.250000000013
19826.000000000022
12104.250000000015
19569.000000000025
12054.000000000011
19347.000000000022
12288.750000000011
19304.00000000002
12585.750000000013
18745.00000000001
12401.000000000011
18116.00000000002
11667.000000000013
18251.000000000022
10236.250000000011
18090.000000000022
9869.000000000007
17333.000000000015
10075.500000000011
16446.00000000001
10184.500000000011
15836.000000000018
10014.500000000011
15532.000000000015
9590.00000000001
14956.000000000013
9509.75000000001
14209.000000000016
9557.50000000001
14333.000000000016
9682.500000000011
14927.000000000013
9852.000000000011
13734.00000000001
10034.250000000013
13591.000000000011
9761.75000000001
14658.000000000011
9800.75000000001
15077.000000000013
9970.00000000001
14661.000000000015
10204.25000000001
15306.000000000018
10620.250000000011
15858.000000000018
11856.000000000011
15236.000000000016
13206.250000000013
13964.000000000015
14151.250000000013
14287.000000000016
14901.750000000015
15543.000000000016
12739.750000000013
15284.000000000015
10691.750000000011
15149.000000000015
9536.75000000001
14980.000000000015
8878.75000000001
14594.000000000016
8239.250000000007
14417.000000000015
7636.250000000008
14129.000000000018
7068.500000000005
13397.000000000018
6932.500000000007
14082.000000000016
7062.7500000000055
15382.000000000016
7405.000000000008
15772.00000000002
7733.500000000006
15009.000000000011
7921.250000000007
14489.000000000016
7938.750000000008
15427.000000000016
7940.750000000007
14886.000000000016
8156.250000000008
14777.000000000016
8418.750000000007
14611.000000000005
8278.00000000001
14817.000000000015
8391.25000000001
14908.000000000015
8911.50000000001
15902.000000000018
9065.250000000007
16804.00000000002
9333.00000000001
16004.000000000015
9567.250000000011
15478.000000000016
9779.750000000011
14839.000000000016
10080.500000000011
13875.000000000007
10437.500000000013
13626.00000000001
10592.75000000001
13407.000000000015
10979.500000000011
14088.000000000018
11419.500000000011
13881.000000000011
11875.000000000013
13634.000000000013
12199.750000000015
12969.000000000016
12372.250000000013
12152.000000000015
12628.500000000015
12072.00000000001
12596.500000000013
12943.000000000015
12310.000000000011
13649.000000000013
12040.500000000013
14515.000000000016
11846.000000000013
15474.000000000016
11494.750000000011
15717.000000000018
11182.50000000001
16153.000000000016
11036.500000000011
16820.00000000002
10689.500000000011
17135.000000000015
10663.500000000011
15653.000000000018
10550.750000000011
15068.000000000016
10884.250000000011
16607.00000000002