18525.500000000022
17230.000000000022
18829.750000000015
17141.00000000002
18927.75000000002
17076.000000000015
18856.50000000002
17190.00000000001
18917.500000000022
17884.000000000022
18774.25000000002
17976.000000000025
18279.25000000002
17927.000000000015
18359.250000000015
17821.000000000015
18586.75000000002
17705.00000000002
18534.250000000022
17696.000000000022
18424.000000000015
17593.000000000015
18279.50000000002
17468.000000000022
18606.000000000015
17468.000000000022
18983.750000000022
17293.00000000002
19056.25000000002
17198.000000000007
18965.25000000002
17094.00000000002
18844.500000000022
17126.00000000002
18604.00000000002
17174.00000000001
18453.250000000015
17282.00000000001
18297.00000000002
17275.000000000022
18172.00000000002
17376.000000000022
18045.750000000015
17269.000000000022
18346.75000000002
17328.00000000001
18585.250000000015
17083.00000000001
18414.75000000002
16956.00000000002
18357.500000000022
16937.000000000015
18509.75000000002
16973.00000000002
18511.75000000002
16988.000000000007
18119.75000000002
16940.000000000022
17756.000000000022
16834.00000000002
17788.50000000002
16868.00000000001
17749.75000000002
16884.00000000001
17759.00000000002
16923.000000000015
17723.75000000002
16916.00000000001
17628.750000000022
16734.00000000001
17738.75000000002
16858.000000000022
16337.750000000016
16798.000000000015
15268.750000000013
16672.00000000001
13429.250000000015
16510.000000000015
10588.50000000001
16543.000000000015
8919.50000000001
16635.000000000015
7796.000000000007
16681.00000000002
7417.250000000007
16228.000000000015
7051.500000000006
16098.000000000016
6773.250000000008
16243.000000000015
6698.750000000006
16096.000000000018
6515.750000000006
15961.000000000018
6477.750000000006
16077.000000000016
6401.250000000006
16049.000000000018
6439.250000000006
15828.000000000016
6432.250000000006
15765.000000000016
7754.500000000008
15964.000000000016
10070.750000000011
15977.000000000016
11373.750000000013
16053.000000000013
12428.000000000013
16472.00000000001
13112.250000000013
16469.00000000002
13380.250000000011
16394.00000000002
10993.000000000013
16303.000000000016
9045.500000000007
16268.000000000016
8181.000000000007
16099.000000000016
7212.250000000007
16138.000000000016
6538.000000000007
16125.000000000015
6609.500000000006
16026.000000000016
6418.250000000007
15815.00000000002
6416.500000000007
15755.000000000016
6537.0000000000055
15636.000000000018
7082.750000000007
15434.000000000016
7538.250000000007
15330.000000000016
7888.000000000007
15272.000000000018
8220.750000000007
15060.000000000015
9003.25000000001
14924.000000000015
9598.75000000001
14457.000000000016
10100.750000000011
14284.000000000015
10610.250000000011
14013.000000000018
10940.75000000001
13799.000000000007
11287.750000000011
13443.000000000013
11791.250000000011
13136.000000000011
12254.250000000015
12890.000000000011
12497.750000000013
12734.000000000013
12743.500000000015
12808.000000000007
12899.250000000013
12837.000000000015
13025.000000000011
12857.000000000013
13019.750000000011
12814.000000000011
13068.500000000013
12707.000000000015
13193.250000000016
12787.000000000015
13290.500000000013
12628.000000000013
13367.750000000013
12353.000000000007
13488.000000000015
12137.000000000015
13577.500000000016
12114.000000000011
13712.000000000011
12585.000000000015