17973.50000000002
8304.00000000001
17423.25000000002
8150.000000000008
17207.25000000002
8042.000000000008
16577.75000000002
7711.000000000007
16166.250000000016
7277.000000000007
16466.250000000015
7060.000000000006
16827.25000000002
7421.000000000008
17164.50000000002
7945.000000000007
17498.500000000015
8333.000000000004
17788.25000000002
8527.000000000005
17624.00000000002
9064.00000000001
17514.25000000002
9759.00000000001
17321.75000000002
9838.00000000001
16708.250000000015
9595.00000000001
15266.250000000018
8924.00000000001
13833.000000000015
9064.000000000013
12914.000000000013
9284.000000000007
12876.250000000013
9283.000000000007
13203.750000000011
9763.000000000011
13862.250000000016
9887.000000000013
14514.500000000013
8697.000000000007
14910.000000000016
8880.000000000007
15235.250000000016
10717.000000000011
15811.000000000016
14429.000000000015
16559.75000000002
17519.000000000022
18230.00000000002
16088.000000000016
19251.75000000002
13297.000000000007
19607.750000000022
13164.000000000016
20357.750000000022
12905.000000000016
21313.500000000022
15547.00000000002
21689.500000000022
15539.000000000016
22099.000000000022
14722.000000000018
22296.500000000022
15193.000000000015
22142.500000000025
14370.000000000015
21287.750000000022
12711.000000000015
19998.75000000002
15115.000000000015
18723.25000000002
21805.000000000025
17625.75000000002
24038.000000000025
16635.750000000015
24982.000000000025
15570.250000000016
25872.000000000022
14610.000000000016
26458.00000000003
14395.250000000016
27134.00000000003
15915.000000000016
26563.000000000033
17006.00000000002
25695.000000000015
17324.75000000002
25363.000000000025
16677.75000000002
25079.00000000003
14781.000000000015
24780.00000000003
13514.000000000015
23350.00000000003
12396.750000000013
22389.000000000025
11182.000000000013
21332.000000000025
9868.25000000001
19186.000000000022
8265.500000000011
17960.000000000015
7687.750000000008
17423.000000000015
7480.750000000007
15612.000000000018
7596.00000000001
15520.000000000018
8006.750000000009
17057.000000000015
8397.500000000011
18688.000000000015
8683.750000000011
20012.000000000022
9029.000000000007
19491.00000000001
9829.500000000011
17746.000000000015
11424.750000000011
16256.00000000002
12878.250000000015
14758.000000000018
15359.750000000015
12757.000000000013
17086.250000000015
10160.000000000007
17628.250000000015
9950.00000000001
17579.000000000015
11697.000000000007
17181.25000000002
12915.000000000007
16860.25000000002
13567.000000000013
16575.500000000022
14458.000000000015
16145.750000000015
15297.000000000016
15790.000000000013
15624.000000000015
15859.000000000016
15774.000000000018
15466.000000000015
16211.000000000015
15439.500000000016
17002.00000000002
15581.250000000015
17808.000000000007
15894.750000000015
18189.000000000022
17037.750000000015
18351.000000000022
17889.250000000015
18650.00000000002
18350.00000000002
19572.000000000015
18773.250000000022
20374.000000000022
19039.250000000022
20708.00000000002
19079.750000000022
20832.000000000022
18878.25000000002
21035.000000000015
18595.50000000002
21216.000000000022
18711.00000000002
21150.000000000025
19017.50000000002
23298.00000000003
19685.750000000015
26422.000000000022
19886.750000000022
22306.000000000025
21067.000000000022
18366.00000000002
23373.000000000025
16590.000000000022