15120.000000000018
12175.000000000011
15335.500000000015
13601.000000000016
15211.500000000015
13898.000000000016
15015.250000000015
13727.000000000015
14853.000000000015
14209.000000000016
15160.500000000016
13890.000000000007
15222.750000000015
14884.000000000016
14877.250000000015
13963.000000000015
14827.000000000013
10842.000000000011
14904.500000000016
10432.000000000011
14908.000000000013
11051.000000000007
14931.750000000015
12511.000000000011
15305.000000000016
11309.000000000013
15113.000000000016
10532.000000000011
15611.750000000016
10473.000000000013
15843.250000000016
11509.000000000013
15596.250000000018
12202.000000000013
16892.25000000002
13238.000000000013
17860.75000000002
15787.000000000016
17873.75000000002
17468.000000000022
17644.00000000002
18028.000000000022
16730.750000000015
18338.000000000015
16375.500000000015
18450.00000000002
16873.50000000002
19972.000000000022
16664.500000000022
21348.00000000002
16569.00000000002
18287.00000000001
14470.250000000015
14890.000000000015
12110.50000000001
13412.000000000016
11347.250000000013
11840.000000000011
11328.250000000011
10808.000000000011
11510.000000000013
10264.000000000011
10751.500000000011
11004.000000000011
9627.75000000001
12305.000000000007
9689.75000000001
12509.000000000011
9740.500000000011
13931.00000000001
10043.75000000001
15317.000000000015
9684.50000000001
15106.000000000013
9350.25000000001
14311.000000000018
8693.50000000001
14161.000000000015
8110.250000000008
14426.000000000013
7614.500000000009
15293.000000000016
8734.00000000001
15024.000000000011
10581.00000000001
13147.000000000016
11475.500000000011
11829.00000000001
11508.00000000001
10250.000000000011
9969.000000000013
10345.000000000011
9210.50000000001
11190.000000000011
9114.500000000007
11251.000000000013
9025.000000000011
10737.000000000013
9033.50000000001
10210.000000000011
8972.25000000001
9231.000000000007
8836.75000000001
8285.000000000007
9364.000000000007
7242.000000000008
9375.25000000001
6678.000000000006
8656.000000000011
7091.000000000006
8544.75000000001
6872.0000000000055
8824.750000000007
7265.000000000008
9602.75000000001
7474.0000000000055
9946.750000000011
6714.000000000005
9612.50000000001
5326.0000000000055
9606.75000000001
5183.0000000000055
10329.000000000011
6237.000000000006
11067.50000000001
6923.000000000006
11021.25000000001
8694.000000000005
10704.750000000011
9032.000000000007
9914.000000000011
9010.000000000007
9044.500000000011
8147.000000000009
8889.50000000001
7745.000000000009
8971.000000000007
8801.000000000005
9035.00000000001
9783.000000000005
9276.250000000007
10696.00000000001
8739.25000000001
11356.000000000013
8214.50000000001
12722.000000000015
8217.00000000001
12223.000000000015
7654.000000000008
12486.000000000015
6920.500000000007
11822.000000000013
5916.7500000000055
11048.000000000011
5906.250000000006
10421.000000000011
6515.250000000008
10689.000000000011
6743.0000000000055
12001.000000000016
6874.500000000007
12580.000000000007
7400.75000000001
12361.00000000001
7871.250000000006
11947.000000000011
8218.50000000001
11312.000000000013
8852.000000000007
10735.00000000001
8963.000000000011
8129.000000000007
8267.50000000001
5491.000000000006
8024.250000000008
5998.000000000005
8301.25000000001
8496.000000000005
8613.00000000001
8311.00000000001