16675.500000000015
14695.000000000015
16457.500000000015
14193.000000000015
15934.250000000018
13704.00000000001
15816.250000000015
13433.000000000007
15934.250000000013
14288.000000000013
16365.500000000018
15717.000000000018
17079.50000000002
14076.000000000016
17066.00000000002
12122.000000000007
17202.000000000015
11559.000000000011
17563.00000000002
12184.000000000007
17750.00000000002
13828.000000000016
17518.250000000015
15692.000000000016
17903.250000000015
17741.000000000022
17692.50000000002
19710.000000000015
16897.00000000002
20790.000000000022
16553.25000000002
21254.000000000022
15849.750000000016
23219.00000000002
14905.750000000016
23627.000000000025
15616.000000000016
24401.00000000003
16178.500000000015
25759.000000000025
16498.00000000002
26774.000000000033
17037.25000000002
27412.000000000033
17250.50000000002
28505.00000000003
16935.75000000002
29294.00000000003
16964.75000000002
28998.000000000033
17204.00000000002
26827.000000000033
17612.75000000002
25241.000000000025
18002.25000000002
24277.000000000022
18707.75000000002
24401.00000000003
19291.25000000002
23822.000000000025
19877.500000000025
21869.000000000025
20347.750000000025
19329.000000000015
20729.500000000022
17931.000000000022
20122.000000000025
18430.000000000015
18901.50000000002
20107.000000000015
18250.000000000022
22383.000000000025
17534.00000000002
22554.00000000003
17501.000000000015
21367.000000000022
16957.500000000015
21491.000000000022
13420.500000000013
20202.00000000002
12040.500000000013
20141.000000000022
11151.250000000011
21389.000000000022
10754.750000000011
20116.00000000001
10560.000000000011
18799.000000000022
10327.750000000011
18026.00000000002
11037.750000000013
17735.00000000002
12546.000000000013
17274.000000000015
13197.500000000013
17261.00000000002
12993.000000000011
16991.00000000001
12171.250000000013
16266.000000000018
11024.500000000011
15734.000000000016
10624.250000000011
15293.000000000016
10919.000000000011
14336.000000000015
11081.250000000011
11726.000000000015
11303.000000000013
10424.000000000013
13349.500000000013
10581.000000000011
14717.750000000015
10381.000000000007
15768.500000000015
11417.000000000013
16570.75000000002
11064.000000000013
16779.750000000015
10513.00000000001
16752.750000000015
10247.00000000001
15966.750000000015
11529.000000000013
15242.750000000018
13023.000000000013
14433.250000000015
12996.000000000015
14664.750000000013
13713.000000000011
14351.250000000016
12641.000000000007
13680.000000000015
11509.000000000013
13487.750000000013
13147.000000000016
13638.000000000015
12623.000000000015
13197.000000000015
13182.000000000015
12761.500000000011
14527.000000000015
12850.000000000013
14915.000000000016
12521.000000000013
14954.000000000015
12178.000000000013
14055.000000000015
13032.750000000013
13364.000000000011
14855.250000000011
12086.000000000015
15739.750000000018
10765.000000000011
15536.000000000013
9935.00000000001
14188.500000000013
9760.000000000011
13084.250000000015
10077.000000000011
12820.500000000011
10069.000000000013
13070.250000000013
10153.000000000011
13649.250000000013
8047.000000000009
14621.000000000018
7722.000000000008
14883.250000000016
7111.000000000007
14739.250000000015
7427.000000000008
14944.750000000015
7839.000000000008
14658.750000000013
9261.000000000007
14383.750000000015
9656.000000000011
14064.500000000016
9300.000000000004