8743.75000000001
9358.000000000011
9142.500000000007
10301.000000000005
9531.00000000001
11198.000000000013
10044.500000000011
12024.000000000011
10523.500000000011
12876.000000000011
11129.250000000011
13654.000000000016
11402.750000000011
14339.000000000011
11813.250000000011
14986.000000000016
11879.000000000013
15495.000000000016
11400.500000000011
15821.000000000015
10958.00000000001
15933.000000000018
10629.250000000013
15929.000000000015
10162.000000000011
15700.000000000018
9511.25000000001
15229.000000000013
9364.500000000011
14818.000000000016
9803.00000000001
14434.00000000001
10495.000000000007
14225.000000000016
11371.750000000013
14098.000000000015
12202.250000000013
14014.000000000013
12127.250000000013
13917.00000000001
11869.250000000011
13725.000000000013
11170.250000000011
13521.00000000001
10388.50000000001
13437.000000000015
8977.25000000001
13923.000000000013
7549.250000000007
14277.000000000011
6785.750000000007
14592.000000000016
6835.500000000006
14921.000000000018
6638.250000000007
14947.000000000015
6792.250000000007
14921.000000000018
7039.000000000007
14985.000000000015
7176.000000000007
14954.000000000015
7264.250000000007
15079.000000000007
7546.500000000008
15728.00000000002
7353.000000000008
16842.00000000001
6633.500000000006
17999.00000000001
6198.2500000000055
19059.000000000025
6017.750000000006
19600.000000000022
6082.2500000000055
19791.00000000002
6137.0000000000055
19647.000000000022
6178.750000000007
19400.000000000022
7278.000000000009
19015.00000000002
8773.50000000001
18424.00000000001
7849.750000000009
17874.00000000002
7739.250000000007
17416.00000000002
8065.250000000009
17177.00000000001
7350.500000000007
17453.000000000022
6659.250000000008
17182.000000000015
6725.250000000007
16037.000000000018
6829.000000000009
14172.000000000015
7277.750000000008
12189.000000000011
7890.000000000009
10233.000000000011
8267.500000000007
8733.000000000005
8636.50000000001
8533.000000000005
9235.00000000001
8573.000000000005
9690.250000000011
8512.000000000005
9975.50000000001
8418.00000000001
10687.500000000011
8453.000000000007
11076.00000000001
8389.000000000005
10850.000000000007
8264.000000000004
10569.000000000011
8098.00000000001
10424.000000000011
7993.000000000007
10623.75000000001
8059.000000000008
10949.750000000011
8139.000000000009
11244.000000000011
8345.000000000011
11467.250000000011
9046.00000000001
11567.750000000013
10132.00000000001
11265.500000000013
11210.000000000011
11009.500000000011
12497.000000000015
10898.750000000011
13368.00000000001
10730.500000000011
13635.000000000016
10463.75000000001
13443.000000000015
10107.75000000001
12402.000000000015
9692.50000000001
10833.00000000001
9153.50000000001
9550.000000000007
8493.25000000001
8896.000000000007
8062.000000000009
8591.000000000007
7891.000000000008
8587.000000000005
8125.250000000008
8586.00000000001
8380.50000000001
8305.000000000005
8644.25000000001
8093.000000000009
9137.25000000001
8128.000000000007
9549.25000000001
8230.000000000005
9726.50000000001
8932.000000000011
10074.000000000011
10019.000000000011
10398.25000000001
10685.000000000011
10369.50000000001
10695.000000000013
10389.250000000011
10110.00000000001
10194.250000000011
9896.00000000001
9660.75000000001
10524.000000000011
9028.25000000001
11220.000000000011