32599.000000000036
32640.000000000033
32103.250000000036
32404.00000000004
30060.250000000033
30297.000000000033
31949.000000000033
31650.000000000033
32404.00000000003
31739.00000000003
32363.250000000033
31452.000000000033
32350.50000000003
31312.000000000033
32331.500000000036
31287.000000000036
32352.250000000033
31274.00000000003
32348.250000000033
31276.000000000036
32340.250000000033
31313.00000000003
32307.250000000033
31135.000000000036
30648.000000000033
25517.000000000025
28458.00000000003
21900.000000000022
26784.500000000025
20540.00000000002
25400.500000000025
19368.000000000022
24177.250000000025
18462.000000000015
23123.000000000025
17662.00000000001
22262.000000000025
17183.000000000015
21584.75000000002
16990.00000000001
20789.50000000002
16449.000000000015
20148.750000000022
16372.000000000016
19592.500000000022
16495.000000000015
19325.75000000002
16615.000000000022
19866.500000000022
16654.00000000002
20197.500000000022
16969.000000000015
20389.000000000022
17256.000000000015
20051.50000000002
17519.000000000007
19557.75000000002
17545.000000000015
19186.25000000002
18079.000000000015
18718.50000000002
18661.000000000025
18168.50000000002
19390.000000000015
17483.000000000015
20338.000000000022
17142.25000000002
22137.000000000022
16793.25000000002
23441.000000000015
16351.500000000016
24118.00000000002
15588.250000000016
24122.000000000015
13541.750000000015
23760.000000000015
12697.250000000011
24113.000000000025
12574.000000000013
24829.00000000002
12235.000000000011
25848.000000000025
11719.000000000011
26797.00000000003
11272.000000000013
27664.000000000025
12091.250000000013
28303.00000000003
14104.750000000015
28920.000000000022
14766.500000000016
29678.00000000003
15967.750000000015
30544.00000000002
17322.250000000015
31218.00000000003
16723.250000000015
31258.000000000025
15342.750000000015
31314.000000000033
13731.750000000013
31191.000000000022
13510.750000000015
31056.00000000003
14342.750000000016
31046.000000000033
14224.250000000018
31181.000000000025
14693.250000000011
31252.000000000033
15272.000000000015
31243.000000000025
15019.750000000015
31231.00000000003
13447.750000000015
31240.000000000033
12583.250000000011
31276.00000000002
12683.250000000013
31271.000000000033
13114.000000000013
31279.00000000003
13692.750000000015
31246.00000000003
14409.000000000013
31247.000000000033
15322.500000000015
31248.00000000003
16230.500000000016
31266.00000000003
17124.25000000002
31248.00000000003
18192.75000000002
31243.000000000025
19406.25000000002
31236.00000000003
20586.50000000002
31241.000000000033
22027.75000000002
31245.00000000003
23816.000000000022
31280.000000000033
25361.75000000003
31246.00000000003
26819.000000000025
31265.000000000033
28893.750000000025
31245.00000000003
31358.50000000003
31230.000000000033
31906.750000000036
31228.00000000003
32015.000000000033
31242.000000000036
32058.25000000003
31224.000000000015
32148.500000000033
31233.00000000003
32316.50000000003
31231.00000000003
32319.750000000036
31245.00000000003
32486.25000000003
31428.00000000002
30223.000000000025
29495.000000000036
18321.750000000022
18842.000000000025
24286.250000000004
24632.000000000007
29875.25000000003
29956.000000000022
29996.75000000003
31773.000000000033
29706.75000000003
31884.000000000036
32598.750000000033
32635.000000000036
32640.000000000033
32640.000000000033