7348.500000000008
4788.000000000005
7651.000000000009
5233.0000000000055
8131.500000000009
5242.0000000000055
8539.00000000001
5029.000000000003
8919.50000000001
5088.0000000000055
9191.500000000007
5823.000000000005
9190.00000000001
7136.000000000008
8921.50000000001
8025.000000000009
8562.500000000007
7845.000000000006
8361.75000000001
7245.000000000007
8139.500000000009
6987.000000000007
7697.7500000000055
7173.000000000008
7053.750000000009
7550.0000000000055
6423.500000000007
7818.000000000009
5952.7500000000055
7965.000000000008
5878.5000000000055
8075.000000000008
6021.000000000006
8410.000000000004
6049.0000000000055
8958.000000000011
6181.000000000005
9788.00000000001
6646.500000000006
10683.000000000011
7158.500000000008
11459.000000000013
7348.250000000007
12010.000000000013
7178.000000000007
12264.000000000015
6987.750000000006
12151.000000000013
6874.000000000006
11850.000000000013
6861.250000000006
11695.000000000015
6789.750000000008
11645.00000000001
6658.500000000005
11549.000000000013
6616.7500000000055
11239.000000000015
6655.500000000006
10784.000000000011
6498.250000000006
10405.000000000013
6271.250000000006
10101.00000000001
6047.750000000006
9781.000000000013
5906.7500000000055
9464.000000000005
6082.000000000006
9192.000000000007
6009.000000000006
8991.000000000005
6386.000000000006
8859.000000000011
6013.000000000006
8897.00000000001
5632.7500000000055
9012.00000000001
5515.500000000005
9037.000000000005
5566.000000000005
8927.00000000001
6012.000000000005
8834.000000000007
6887.750000000006
8682.000000000007
8828.50000000001
8590.000000000007
9708.500000000011
8729.00000000001
8711.00000000001
8904.000000000011
7807.5000000000055
9150.00000000001
7760.750000000007
9368.000000000007
7043.750000000007
9537.00000000001
6830.750000000007
9861.000000000011
7138.500000000007
10310.000000000011
8029.00000000001
10599.000000000011
9932.75000000001
10747.000000000011
10331.75000000001
10806.000000000011
10755.75000000001
10913.00000000001
10837.500000000011
11018.000000000013
11088.500000000013
10868.000000000013
11883.500000000013
10817.000000000013
12089.000000000013
10853.000000000013
11995.500000000013
10857.000000000011
11800.750000000013
11114.000000000013
11950.500000000013
11576.000000000013
12255.000000000013
11701.000000000005
12052.500000000013
11350.00000000001
11471.250000000011
10784.000000000011
10813.25000000001
9806.000000000005
11104.250000000011
9407.00000000001
11708.750000000013
9776.000000000005
11901.750000000013
9858.00000000001
11723.750000000011
9495.000000000011
11877.500000000011
9093.000000000007
12247.000000000011
8929.00000000001
12868.25000000001
9422.000000000011
13587.500000000013
9498.00000000001
13931.500000000015
9469.00000000001
13787.000000000015
9707.000000000005
13300.500000000015
10644.000000000011
13282.750000000011
12875.000000000011
14235.500000000013
16474.000000000022
14650.000000000013
15307.000000000016
14501.000000000013
11486.000000000013
14863.750000000016
8304.00000000001
15558.750000000015
6550.000000000006
15905.000000000016
6392.0000000000055
16242.75000000002
6161.000000000004
16477.50000000002
3984.000000000004
16055.000000000018
2613.0000000000023
15693.500000000016
2551.0000000000027
15788.250000000015
2521.000000000002
15660.750000000016
2518.0000000000023