5053.0000000000055
12496.000000000011
5065.750000000005
12437.000000000015
5059.5000000000055
12279.000000000015
5048.750000000005
12029.000000000015
5035.0000000000055
11718.000000000011
4950.0000000000055
11208.000000000011
4871.250000000005
10452.000000000013
4828.250000000005
9577.000000000005
4772.250000000005
8737.000000000011
4729.250000000005
7905.000000000008
4717.7500000000055
7055.0000000000055
4834.2500000000055
6833.000000000007
4840.250000000005
6854.000000000008
4787.000000000005
6419.000000000004
4782.250000000005
6040.000000000006
4863.250000000005
6213.000000000007
5035.000000000005
7033.000000000008
5193.5000000000055
8227.00000000001
5301.5000000000055
9195.00000000001
5315.2500000000055
9200.000000000007
5238.5000000000055
8171.000000000008
5312.000000000005
6703.000000000007
5551.750000000006
6413.000000000006
5758.750000000006
7127.000000000007
5990.000000000006
6989.000000000005
6246.000000000006
6549.000000000008
6447.000000000006
6532.000000000005
6495.750000000006
6855.000000000006
6695.750000000006
7254.000000000008
6868.500000000006
7489.0000000000055
6997.500000000007
7681.000000000009
7192.000000000007
8972.000000000007
7326.250000000007
11093.00000000001
7242.250000000007
11967.000000000015
7101.000000000007
11630.00000000001
6999.000000000006
10741.000000000011
6993.5000000000055
9934.00000000001
7167.250000000006
9068.000000000005
7162.250000000008
7772.000000000008
7205.250000000007
7814.000000000008
7791.750000000007
8734.000000000011
7620.750000000007
7029.000000000008
7525.750000000009
6886.000000000008
7167.250000000006
7113.000000000008
7410.750000000009
6681.000000000007
7075.000000000006
6229.000000000004
5974.2500000000055
6436.000000000006
5150.750000000006
7393.000000000007
4799.5000000000055
7185.000000000008
4285.500000000004
7008.000000000008
4152.000000000003
7225.000000000009
3949.000000000004
8804.000000000007
6293.750000000006
9357.000000000005
10499.500000000011
9802.000000000007
12046.500000000015
10212.000000000011
10414.25000000001
10219.000000000011
7965.750000000007
9484.000000000011
4763.500000000005
9363.00000000001
3714.5000000000036
9620.00000000001
3894.2500000000036
10314.00000000001
4136.750000000005
10067.000000000011
4242.500000000004
9768.000000000011
4473.500000000005
10346.00000000001
4726.500000000005
9706.00000000001
4900.750000000005
9444.000000000007
5176.500000000005
10002.000000000011
5291.000000000006
10533.000000000013
4827.0000000000055
9824.000000000007
4726.250000000005
9623.000000000005
5154.2500000000055
9837.000000000011
5341.0000000000055
9460.000000000011
5455.750000000006
9389.000000000011
5790.2500000000055
10277.00000000001
6198.000000000006
10158.000000000011
6402.750000000007
9505.000000000007
6777.750000000006
10042.000000000011
7391.000000000007
10065.000000000011
8045.250000000009
9996.00000000001
8474.500000000007
9792.000000000011
8767.25000000001
9445.00000000001
8966.500000000011
9396.00000000001
9297.500000000007
9217.00000000001
9097.250000000007
8804.000000000007
9190.500000000007
8816.000000000005
9526.000000000011
8583.000000000007
9576.750000000007
8510.00000000001
9435.500000000011
8313.000000000005
9287.50000000001
8347.000000000007
9655.25000000001
8156.000000000009
10025.000000000011
7909.000000000008