12105.000000000015
10491.000000000011
12110.750000000015
10506.00000000001
12169.750000000011
10542.000000000011
12211.500000000015
10617.000000000007
12243.000000000013
10625.000000000013
12263.000000000011
10654.000000000011
12268.250000000015
10668.000000000013
12292.750000000011
10678.000000000007
12308.500000000013
10689.000000000011
12340.000000000015
10739.00000000001
12357.500000000013
10818.00000000001
12355.000000000013
10813.000000000011
12418.250000000013
10805.000000000011
12492.750000000013
10791.000000000013
12588.250000000015
10793.000000000013
12687.500000000015
10804.000000000013
12722.750000000015
10770.000000000013
12750.250000000015
10747.000000000011
12369.750000000015
10745.000000000011
11924.250000000013
10735.000000000013
11465.250000000015
10752.000000000013
11053.750000000011
10748.000000000013
10646.000000000011
10726.000000000011
10350.50000000001
10747.000000000011
10349.75000000001
10770.000000000013
10605.000000000011
10748.000000000013
10937.250000000011
10750.000000000011
11325.000000000013
10734.00000000001
11416.500000000013
10723.000000000011
11412.250000000013
10735.000000000011
11251.500000000015
10723.000000000011
10757.75000000001
10693.000000000007
10927.000000000011
10653.000000000013
11281.750000000011
10622.000000000011
10650.250000000011
10584.000000000013
9395.750000000011
10534.00000000001
9267.25000000001
10502.000000000011
9236.75000000001
10452.000000000013
9696.000000000011
10380.000000000011
9899.750000000011
10346.00000000001
10006.750000000011
10263.000000000005
10000.50000000001
10204.000000000011
10019.250000000011
10160.000000000007
9510.25000000001
10054.000000000013
9046.50000000001
9976.000000000011
8711.250000000007
9913.000000000005
8514.25000000001
9845.000000000011
8410.750000000007
9754.000000000011
8265.50000000001
9681.000000000013
8608.00000000001
9587.000000000011
8776.75000000001
9525.000000000005
8782.750000000011
9438.000000000011
9159.500000000011
9357.000000000005
9642.000000000011
9287.00000000001
9740.25000000001
9121.000000000011
9842.00000000001
8938.000000000005
9828.250000000011
8791.00000000001
9362.50000000001
8679.000000000011
8551.75000000001
8625.000000000005
8285.25000000001
8577.000000000011
8578.00000000001
8556.000000000005
8852.000000000011
8595.000000000005
9201.50000000001
8635.00000000001
9621.50000000001
8649.000000000005
10185.000000000013
8585.00000000001
10925.750000000011
8601.00000000001
11482.500000000011
8683.000000000007
11652.000000000013
8823.000000000005
11829.750000000011
8981.000000000011
12081.250000000013
9079.000000000004
12346.500000000011
9177.000000000007
12652.250000000015
9295.00000000001
13105.500000000013
9379.000000000005
13648.750000000011
9459.000000000007
13838.500000000016
9540.000000000011
14031.750000000015
9604.000000000007
14342.250000000015
9655.000000000011
14527.250000000015
9704.00000000001
14513.750000000016
9726.000000000007
14450.250000000016
9758.00000000001
14386.000000000016
9663.000000000011
14327.250000000015
9530.00000000001
14238.250000000018
9477.00000000001
14230.500000000015
9761.000000000011
14297.250000000011
10324.000000000011
14312.750000000016
10588.000000000011
14251.250000000015
10741.00000000001
14158.750000000013
11099.000000000011
14090.250000000015
11886.000000000011
13913.250000000015
12928.000000000013