16379.000000000016
15686.000000000016
16064.750000000016
15385.000000000013
15394.000000000015
15263.000000000016
14683.750000000015
14031.000000000016
14508.750000000013
12469.00000000001
14868.500000000015
13025.000000000013
14554.250000000015
14292.000000000015
14129.750000000013
15028.000000000018
13600.000000000016
14744.000000000016
12861.500000000013
14323.000000000011
12359.500000000013
14655.000000000016
11788.250000000013
15540.000000000016
11386.500000000013
15808.000000000016
12713.00000000001
15688.000000000016
14277.250000000013
14764.000000000015
15841.000000000016
14695.000000000015
16465.25000000002
15273.000000000015
16143.750000000016
16512.000000000015
15673.500000000015
17776.000000000015
14323.250000000016
17991.00000000002
12336.250000000013
17355.00000000002
11494.250000000011
16614.000000000022
11299.250000000013
14500.000000000016
11418.000000000013
14254.000000000015
11390.250000000013
15291.000000000018
11321.000000000011
16350.00000000002
11548.000000000011
17124.00000000002
12000.750000000011
17958.000000000015
12245.250000000013
19006.000000000022
11809.750000000013
19247.00000000001
11671.000000000011
18313.000000000022
12447.250000000013
17692.00000000002
12394.000000000013
18489.000000000022
12650.250000000011
18419.000000000025
12801.000000000011
18723.000000000025
12780.000000000011
18816.00000000002
13313.500000000015
18336.000000000022
13424.500000000013
18413.000000000022
13481.250000000011
18853.000000000022
13412.500000000013
19832.000000000015
13166.500000000016
20570.00000000002
12727.500000000011
20783.00000000002
12060.000000000011
20783.00000000002
12658.500000000013
21070.000000000022
12174.75000000001
21185.000000000022
11665.000000000013
20947.00000000002
12615.000000000011
21061.000000000022
13239.250000000013
20500.000000000022
12582.000000000013
19628.00000000001
12398.500000000013
18745.00000000001
12505.250000000013
18626.000000000022
12250.000000000011
18806.000000000022
11717.75000000001
18947.000000000015
10843.500000000011
18771.00000000002
9715.000000000011
18587.000000000022
8946.500000000011
19875.000000000022
8694.00000000001
20547.000000000022
8619.500000000011
20793.000000000022
8060.500000000007
20810.000000000025
8224.250000000007
20786.000000000025
8651.75000000001
19710.000000000015
9360.75000000001
18241.00000000001
10581.750000000011
19185.000000000022
10749.750000000013
19982.000000000022
9958.50000000001
20217.000000000022
9314.25000000001
20270.000000000022
8390.000000000007
19320.00000000002
7344.250000000008
17474.00000000002
6544.000000000007
18296.000000000022
5943.750000000006
17651.00000000002
5397.000000000005
14229.000000000016
4694.000000000005
11937.00000000001
3615.0000000000036
7280.000000000008
3066.0000000000027
2524.0000000000014
2958.500000000003
1929.000000000002
2896.2500000000027
1962.000000000002
2545.7500000000023
2121.000000000002
2384.7500000000023
2260.000000000002
2284.0000000000023
2349.0000000000027
2342.5000000000027
2428.0000000000027
2284.0000000000023
2371.0000000000023
2384.2500000000023
2314.0000000000023
2386.2500000000023
2052.0000000000027
2457.5000000000027
1978.0000000000016
2620.2500000000027
2198.0000000000023
2651.2500000000023
2498.000000000002
2589.500000000003
2706.0000000000027
2237.7500000000023
2816.000000000003
1808.500000000002
2937.0000000000027
1321.0000000000016
3063.0000000000027