11962.500000000011
8563.00000000001
12543.500000000011
8790.00000000001
13043.750000000013
8861.00000000001
13435.500000000015
8886.000000000011
13737.500000000015
8643.000000000007
13762.000000000015
8267.00000000001
13430.000000000015
8003.000000000008
12596.250000000013
7752.000000000008
10889.250000000011
7638.000000000009
9646.75000000001
7321.000000000008
8885.500000000007
7420.000000000008
8661.50000000001
7780.000000000007
8727.00000000001
7923.000000000007
8595.75000000001
8061.000000000008
9520.250000000011
8091.000000000008
10443.000000000011
8315.00000000001
10447.500000000011
8331.000000000007
9626.75000000001
8138.000000000009
8580.75000000001
8295.00000000001
8063.000000000009
8342.00000000001
8066.250000000009
8049.000000000009
9113.500000000011
7600.000000000008
11178.500000000011
7915.00000000001
12061.750000000013
8517.00000000001
13032.250000000016
8548.00000000001
12556.250000000013
8497.000000000005
12307.250000000015
8145.000000000008
13145.000000000013
7508.000000000008
14058.750000000015
7260.000000000008
14482.250000000015
7042.000000000005
14511.500000000015
6735.0000000000055
14992.000000000016
6861.000000000004
14227.750000000015
6906.000000000007
14017.000000000015
7238.0000000000055
12993.750000000015
7792.000000000008
11871.500000000011
7979.000000000009
11173.750000000013
7846.000000000008
10707.000000000011
7993.000000000009
10683.250000000011
8154.000000000009
10482.750000000011
8182.000000000008
10315.250000000011
8425.00000000001
10133.000000000011
8962.000000000011
10455.000000000011
9507.00000000001
10805.250000000011
9789.000000000011
11021.250000000013
12073.00000000001
12041.500000000011
15128.000000000016
13042.750000000015
15483.000000000016
13241.250000000016
14818.000000000016
12287.250000000013
13026.000000000015
12222.000000000011
12739.000000000011
13147.000000000016
11788.000000000007
14527.750000000016
10733.000000000011
14564.250000000013
10827.000000000011
14395.500000000015
12504.000000000007
12931.750000000011
11694.000000000015
10548.500000000011
10325.00000000001
9045.50000000001
11474.000000000011
8657.25000000001
11128.000000000011
8501.75000000001
11365.000000000013
9024.00000000001
11688.000000000011
10504.750000000013
12182.000000000015
10905.25000000001
11174.000000000011
10654.000000000011
8895.000000000007
10420.250000000011
8366.000000000005
9868.250000000011
8156.000000000009
9377.750000000011
8122.000000000008
9218.00000000001
9507.000000000011
9117.750000000011
10775.000000000013
8989.750000000011
12847.000000000015
8847.000000000011
12824.000000000016
8303.250000000007
12867.000000000015
8154.750000000008
14625.000000000016
8331.500000000007
14302.000000000007
8791.750000000007
14346.000000000016
10340.250000000011
13447.000000000013
10991.750000000011
10551.000000000013
10823.250000000011
8329.000000000005
10799.250000000011
8896.000000000007
11022.00000000001
9413.000000000007
11274.500000000013
8877.000000000005
11422.750000000011
7590.000000000009
11737.000000000013
7495.000000000008
12127.500000000013
9327.000000000005
12255.500000000013
11164.000000000011
12141.000000000011
10534.000000000011
12144.500000000013
9162.000000000007
12077.750000000011
8277.00000000001
12136.500000000015
8659.000000000007
12247.250000000013
8505.000000000011
12044.750000000013
6935.000000000005