29251.750000000033
29334.000000000033
29238.250000000033
29359.000000000033
29232.75000000003
29350.000000000033
29228.500000000022
29333.000000000022
29237.75000000003
29316.000000000022
29155.00000000003
29335.00000000003
29093.250000000025
29344.000000000033
29141.750000000033
29383.000000000025
29181.00000000003
29402.000000000033
29220.25000000003
29394.000000000033
29235.750000000033
29361.00000000003
29265.25000000003
29345.000000000025
29286.00000000003
29373.00000000003
29256.75000000003
29405.00000000003
28979.750000000025
29410.000000000033
28981.000000000025
29409.000000000036
29035.00000000003
29399.00000000003
29038.750000000033
29423.000000000022
29077.50000000003
29419.000000000033
29089.25000000003
29437.00000000003
29053.500000000033
29809.000000000033
29053.000000000033
22647.000000000022
29078.250000000033
13458.000000000013
28705.750000000033
9983.00000000001
28095.00000000003
8629.000000000007
27524.250000000033
7410.000000000008
27048.000000000033
6707.000000000005
26975.500000000025
5804.000000000006
26865.50000000003
5143.0000000000055
26619.500000000022
4889.0000000000055
26244.50000000003
4632.000000000005
25945.500000000033
4452.000000000002
25434.50000000003
4520.000000000004
22531.750000000022
5194.000000000004
19651.75000000002
5490.0000000000055
17974.25000000002
5768.000000000006
16792.00000000002
6792.000000000007
15218.750000000015
7608.000000000009
13388.000000000013
8256.000000000007
11627.000000000011
8698.000000000007
10049.250000000013
9243.000000000005
8980.750000000011
9760.000000000011
8165.000000000007
10281.000000000011
7266.500000000007
10130.000000000013
6096.2500000000055
8132.00000000001
5535.2500000000055
8825.000000000011
5321.750000000005
9212.000000000011
5236.000000000006
8464.00000000001
5088.500000000005
11123.000000000013
4831.750000000005
14271.000000000016
4608.750000000005
15836.00000000002
4821.5000000000055
19129.000000000022
5208.750000000004
18813.000000000022
4984.5000000000055
16895.00000000002
6352.250000000006
18144.000000000022
8013.000000000011
21305.000000000022
7590.000000000007
22678.000000000022
8825.75000000001
24138.000000000022
11432.75000000001
27358.000000000025
13576.250000000016
28798.000000000022
13610.750000000016
28942.000000000025
11734.750000000013
29256.000000000022
9460.50000000001
29011.000000000036
7852.250000000007
29001.00000000003
8431.00000000001
28855.00000000003
9054.75000000001
29034.000000000025
10032.00000000001
29044.00000000003
10395.250000000011
28695.000000000033
10401.000000000011
28583.00000000003
10497.000000000011
28476.00000000003
10624.25000000001
28503.000000000033
10779.750000000013
28387.000000000022
10837.000000000013
28388.000000000033
10983.000000000013
28242.000000000025
11230.750000000011
28321.000000000033
11544.000000000011
28385.00000000003
12243.500000000015
28385.000000000033
12915.750000000015
28378.000000000036
13647.750000000015
28460.00000000003
14375.250000000015
28583.00000000003
15479.000000000016
28690.00000000003
17077.25000000002
28852.000000000025
18275.75000000002
29023.00000000003
19103.500000000022
29086.00000000003
19804.00000000002
29191.00000000003
20577.750000000022
29258.00000000003
22115.250000000025
29256.000000000022
23690.500000000022
29338.000000000025
24468.500000000033
29405.000000000025
25185.500000000022
29436.00000000003