11495.25000000001
5362.000000000006
11962.750000000013
5360.0000000000055
12157.250000000013
5335.000000000004
12114.250000000013
5382.0000000000055
12068.75000000001
5653.000000000006
11452.500000000011
5930.000000000005
11572.750000000011
6250.000000000005
12135.750000000011
6611.000000000006
12191.750000000013
7017.0000000000055
12373.000000000015
7409.000000000006
12340.250000000013
7729.000000000008
12262.500000000013
7943.000000000006
12650.750000000013
8131.000000000009
12686.500000000015
8407.000000000007
12845.250000000013
8760.00000000001
12313.750000000013
8908.000000000011
11824.250000000013
8990.00000000001
11571.00000000001
9280.00000000001
11705.750000000013
9598.000000000013
11671.500000000013
9903.00000000001
11306.500000000011
10184.000000000011
10874.000000000011
10447.000000000011
10667.25000000001
10694.00000000001
10618.750000000011
10958.000000000013
10649.75000000001
11149.000000000011
10811.000000000011
11358.000000000011
10891.00000000001
11518.000000000013
10977.750000000011
11516.000000000013
10951.25000000001
11464.000000000011
10716.00000000001
11420.000000000011
10145.750000000011
11311.000000000011
9976.50000000001
11170.000000000013
9381.25000000001
11088.000000000011
8967.250000000011
10802.000000000013
8545.500000000007
10611.000000000011
8405.00000000001
10532.000000000011
7281.750000000007
10419.000000000007
7053.500000000007
10094.00000000001
6723.000000000007
9744.00000000001
7039.750000000006
9490.000000000007
6992.750000000005
9146.000000000007
6943.000000000007
8994.000000000007
7038.000000000007
8926.000000000007
7262.750000000007
8798.00000000001
7339.250000000007
8975.000000000005
9875.500000000011
9195.00000000001
12405.250000000015
9593.000000000005
12059.500000000011
9943.000000000005
9869.25000000001
10412.000000000011
9527.500000000011
10841.00000000001
8236.25000000001
11307.000000000013
7974.250000000007
11752.00000000001
7958.500000000009
12123.000000000007
8386.750000000007
11913.000000000005
8536.25000000001
11490.000000000013
8674.000000000007
11047.00000000001
8612.00000000001
10587.000000000013
8390.25000000001
10290.000000000013
8417.25000000001
9908.000000000007
8556.25000000001
9543.000000000007
8642.75000000001
9196.000000000005
8479.25000000001
8870.000000000005
8742.50000000001
8559.000000000007
8855.50000000001
8229.000000000005
8899.500000000011
7999.000000000008
9036.500000000007
7780.000000000007
9389.000000000011
7598.000000000005
9874.750000000007
7474.0000000000055
10117.25000000001
7367.000000000008
10379.250000000011
7266.000000000006
10590.000000000011
7190.000000000006
10709.750000000011
7112.000000000008
10929.00000000001
7045.000000000006
11102.750000000011
6993.000000000008
11276.750000000013
6917.000000000008
11470.250000000011
6907.000000000008
11720.500000000013
6915.000000000008
11918.750000000011
6963.000000000008
12139.000000000013
7029.000000000004
12289.250000000013
7057.000000000005
12491.750000000015
7089.000000000006
12622.000000000013
7131.0000000000055
12895.750000000013
7170.000000000007
13123.250000000015
7196.000000000006
13248.500000000015
7221.000000000008
13389.500000000015
7259.000000000008
13487.500000000011
7323.000000000007
13559.250000000013
7346.000000000007
13587.750000000011
7336.000000000007
13499.500000000013
7301.000000000009