7540.750000000006
1466.0000000000016
8432.250000000011
1428.0000000000014
8383.500000000007
1401.0000000000014
8682.750000000005
1467.0000000000018
9141.25000000001
1551.0000000000011
9822.250000000013
1531.0000000000016
10771.750000000011
1563.000000000002
11478.250000000013
1533.0000000000018
11790.000000000011
1550.0000000000016
11992.250000000016
1618.0000000000018
11642.000000000011
1704.000000000002
11447.500000000013
1793.0000000000018
11125.00000000001
1887.0000000000016
11075.000000000011
1996.000000000002
10525.250000000011
2059.0000000000014
10549.75000000001
2786.0000000000027
11232.500000000011
7164.000000000005
11518.000000000011
10525.000000000011
11874.500000000013
11565.000000000015
12659.500000000013
12427.000000000016
13397.250000000015
13402.000000000007
13515.250000000013
14415.000000000011
13660.000000000015
15257.000000000018
14121.500000000015
16488.00000000002
13650.250000000013
17730.000000000015
13073.750000000015
19065.00000000001
13204.750000000015
20158.00000000002
13318.500000000013
20478.00000000002
13759.000000000011
20610.000000000022
13314.000000000011
21335.000000000022
12531.500000000015
22567.000000000022
12477.750000000013
22371.000000000022
12624.750000000013
21579.000000000025
12458.000000000013
20561.000000000022
12646.750000000013
19137.00000000002
13330.500000000013
17559.000000000022
12717.000000000011
15201.000000000013
12835.000000000015
14975.000000000016
12480.500000000013
17504.00000000002
11879.25000000001
17028.000000000015
11785.500000000011
16473.00000000001
11130.000000000013
16168.000000000016
10499.250000000011
17210.000000000015
10192.750000000011
16597.00000000001
9360.500000000011
16153.000000000015
8107.750000000008
15520.000000000018
8180.250000000007
16493.00000000002
8951.750000000007
17435.000000000022
9289.500000000011
14975.000000000015
9451.00000000001
12099.000000000011
9594.250000000011
11195.000000000011
9404.750000000011
11056.00000000001
8613.00000000001
11499.000000000011
8119.250000000009
13289.000000000015
7726.250000000008
13842.000000000013
7653.500000000008
13396.000000000016
7607.000000000009
13368.00000000001
7479.250000000007
13540.000000000007
8528.25000000001
13956.000000000005
10908.750000000011
12771.000000000013
11745.750000000011
12435.000000000011
11368.250000000011
11514.000000000013
11997.500000000011
9067.000000000005
11347.250000000013
7052.000000000004
9851.250000000013
5381.000000000006
9846.000000000011
4825.000000000004
9658.00000000001
4866.0000000000055
10250.500000000011
4951.000000000005
11640.750000000013
4982.000000000005
12766.50000000001
5282.0000000000055
12685.500000000011
5384.000000000005
13134.750000000013
5439.000000000006
13106.000000000015
5593.0000000000055
10428.000000000013
5934.000000000008
9359.500000000007
6221.000000000004
9640.75000000001
7043.000000000007
9416.00000000001
8848.00000000001
9493.00000000001
10046.000000000007
9593.25000000001
10349.000000000011
9212.000000000011
10945.000000000013
9186.50000000001
11503.00000000001
9164.25000000001
11856.000000000011
9039.75000000001
12227.000000000015
9068.50000000001
12869.000000000016
8968.25000000001
12635.000000000015
8940.75000000001
12549.000000000007
9088.00000000001
12568.000000000013
9268.500000000011
12942.00000000001
9854.750000000011
11639.000000000005
10429.000000000013
11143.000000000011