29495.000000000036
29980.000000000033
29613.750000000036
30032.000000000033
29736.750000000033
30092.00000000003
29826.500000000025
30080.00000000003
29951.500000000033
30076.00000000003
30103.500000000033
30112.000000000033
30224.000000000033
30163.000000000036
30307.25000000003
30183.00000000003
30280.500000000036
29910.000000000036
30416.750000000036
22294.000000000025
30545.500000000033
15283.000000000011
30655.250000000033
11477.000000000011
30460.500000000036
9622.00000000001
30073.750000000033
8965.000000000004
29755.750000000033
8494.00000000001
29471.000000000033
8202.000000000007
29226.500000000033
8421.000000000011
29145.75000000003
8338.000000000007
29064.250000000025
8041.000000000009
28777.250000000025
8720.000000000007
28581.250000000025
9478.00000000001
28270.25000000003
10244.000000000007
27844.50000000003
10588.00000000001
27474.750000000033
11476.000000000011
26938.75000000003
11440.000000000013
26452.000000000022
11717.000000000011
26094.00000000003
12632.000000000011
25738.750000000025
13532.000000000011
25537.000000000025
14590.000000000016
25373.250000000025
14959.000000000013
25146.00000000003
15533.000000000015
24886.250000000022
15843.000000000015
24423.250000000025
16416.000000000022
23984.750000000025
16568.000000000022
23784.50000000003
16324.000000000018
23229.500000000022
16581.00000000001
22859.500000000025
17434.00000000001
22598.500000000025
18323.000000000015
21995.750000000022
19312.000000000022
21099.500000000022
19919.000000000022
20540.500000000025
20871.000000000025
20053.500000000022
21784.000000000025
20435.25000000002
21733.000000000022
21108.000000000022
21475.000000000022
21609.250000000022
21172.000000000022
20059.750000000022
21242.000000000025
16828.25000000002
21266.00000000002
15177.250000000015
21440.000000000022
13977.500000000015
21478.00000000002
12661.250000000016
21389.000000000022
11542.500000000013
21545.00000000002
10437.000000000011
21957.000000000025
9603.25000000001
22927.000000000025
8737.25000000001
23405.00000000003
7756.250000000006
23440.000000000025
6714.7500000000055
23842.00000000002
6530.500000000006
24533.000000000015
6660.500000000006
25408.000000000025
6583.750000000008
26474.000000000025
6668.000000000007
27259.000000000022
6875.2500000000055
28002.000000000033
6838.5000000000055
28719.000000000033
7069.500000000007
28969.000000000033
7070.500000000007
28992.00000000003
7105.500000000008
28918.000000000033
7424.250000000008
28965.000000000033
8254.50000000001
28891.000000000033
9587.25000000001
28868.00000000002
9613.50000000001
28810.00000000003
8903.50000000001
28711.000000000033
8572.250000000007
28696.000000000033
8603.000000000007
28603.00000000003
8755.50000000001
28547.00000000003
9075.25000000001
28503.000000000033
9606.750000000011
28509.000000000022
10550.00000000001
28416.00000000003
13174.750000000015
28332.000000000025
17199.75000000002
28247.00000000003
19368.50000000002
28124.000000000033
20725.25000000002
28032.000000000033
21828.750000000025
27950.00000000003
22789.250000000025
27887.000000000015
23920.750000000022
27827.000000000033
25769.750000000025
27749.000000000022
28480.750000000025
27672.000000000022
29228.500000000033
27522.000000000025
29146.750000000036
27455.00000000003
28993.500000000033
27376.000000000036
28919.00000000003
27199.000000000022
28823.75000000003
27146.000000000025