12211.25000000001
16805.00000000002
12480.000000000015
16826.00000000001
12487.250000000013
17256.000000000022
12722.000000000015
18041.00000000002
13249.500000000015
18746.000000000022
13609.750000000013
18869.000000000022
13747.500000000013
18642.000000000022
13702.000000000015
18085.00000000002
13405.250000000016
17777.000000000015
13504.250000000011
17865.000000000015
13383.000000000015
18516.00000000001
12840.250000000011
18872.000000000015
12513.500000000013
17755.00000000001
12690.500000000013
14182.000000000013
12861.750000000013
10901.000000000013
13171.000000000013
9793.000000000011
12907.500000000011
9270.000000000011
11812.000000000013
9458.000000000011
10692.250000000013
9809.000000000007
10052.50000000001
9787.000000000007
9329.25000000001
8340.000000000007
8665.000000000011
7156.000000000005
8296.50000000001
6931.000000000006
8178.500000000008
6828.000000000007
8721.250000000007
7204.000000000008
9301.000000000011
7171.000000000007
9679.500000000011
7930.00000000001
9807.500000000011
8131.000000000007
9108.75000000001
8115.00000000001
7911.750000000008
8229.000000000005
6551.250000000006
8607.00000000001
5666.250000000006
8786.000000000005
5238.7500000000055
9104.00000000001
5326.0000000000055
10683.000000000013
6166.500000000006
12418.000000000005
7217.250000000007
12239.000000000013
7894.000000000007
11276.00000000001
8076.500000000007
12066.000000000015
9479.75000000001
12861.000000000011
11384.250000000011
13424.000000000011
11668.250000000011
13326.000000000007
11225.250000000013
13035.000000000013
11207.000000000015
12385.000000000013
11675.250000000011
12276.000000000007
11697.25000000001
12351.000000000016
11566.75000000001
12018.000000000013
11830.500000000011
12110.000000000013
11916.750000000013
12216.000000000013
11748.750000000013
12502.000000000015
11871.000000000011
12475.000000000013
11482.750000000011
12307.000000000007
10974.750000000011
12310.000000000016
10500.250000000011
11776.000000000013
9513.750000000011
11339.000000000011
9566.750000000011
11354.000000000013
9269.50000000001
11134.000000000011
8779.500000000007
10883.000000000011
8932.75000000001
10848.000000000011
9480.50000000001
10709.000000000013
11022.250000000011
10506.00000000001
12657.000000000013
10464.000000000011
13009.500000000013
10216.00000000001
13291.000000000015
10064.00000000001
13226.500000000016
10082.000000000011
12877.250000000015
10111.000000000011
12839.500000000015
10404.000000000013
12627.750000000011
10542.000000000013
12426.000000000015
10471.000000000011
12687.250000000013
10501.000000000011
12761.250000000015
10385.000000000013
11823.000000000015
10483.00000000001
10317.00000000001
10463.000000000011
9497.750000000011
9931.000000000007
9167.750000000011
9353.000000000007
8820.50000000001
8917.000000000011
8530.750000000007
9004.000000000011
8060.250000000008
9283.000000000007
7381.750000000006
9452.000000000007
6970.000000000007
9556.000000000011
6782.000000000006
9624.000000000005
6743.750000000006
9606.00000000001
6852.500000000006
9624.000000000011
7025.500000000007
9534.00000000001
7391.500000000006
9568.00000000001
7882.750000000009
9690.00000000001
8180.250000000007
9564.000000000011
8464.50000000001
9498.000000000011
8824.50000000001
9491.00000000001
9429.250000000011
9595.000000000011
10102.250000000011
10246.000000000011