4422.000000000005
1971.0000000000018
4457.250000000005
2313.0000000000027
4308.750000000005
2388.000000000003
4043.250000000004
2156.0000000000023
3826.7500000000045
1967.0000000000023
3796.250000000004
1823.0000000000018
3865.250000000004
1709.0000000000011
4032.000000000004
1644.0000000000018
4186.500000000004
1630.0000000000016
4217.750000000005
1650.0000000000011
4222.500000000005
1649.0000000000014
4259.500000000004
1573.0000000000018
4601.000000000005
2236.0000000000023
5101.2500000000055
4074.000000000004
5428.5000000000055
5305.000000000005
5548.250000000006
6242.000000000005
5652.500000000007
7310.000000000008
5756.000000000006
8090.000000000008
5846.7500000000055
8825.000000000011
5966.5000000000055
8758.000000000007
5994.750000000005
7829.000000000008
6059.750000000007
7618.000000000008
6089.250000000006
7846.000000000008
6060.7500000000055
7861.000000000008
6129.2500000000055
7765.000000000009
6151.750000000007
7780.000000000009
6334.000000000006
7806.000000000009
6507.500000000007
8004.000000000009
6543.250000000006
8113.00000000001
6417.750000000007
8311.000000000004
6214.750000000007
8816.000000000005
6154.250000000006
7015.000000000006
6159.7500000000055
7140.000000000007
6583.000000000007
7547.000000000008
7106.500000000007
7879.000000000009
7532.750000000007
8034.000000000006
7181.250000000006
8193.00000000001
6456.500000000007
8013.000000000008
5909.250000000007
7795.000000000009
5514.500000000006
7694.000000000008
5540.250000000006
7750.000000000009
5379.5000000000055
8771.000000000005
5123.250000000005
7665.000000000008
4937.0000000000055
6189.000000000005
5115.7500000000055
6048.000000000006
7425.500000000008
6168.000000000008
9456.25000000001
6110.0000000000055
10029.500000000011
5946.000000000007
9154.25000000001
5804.000000000006
7113.0000000000055
5632.0000000000055
4905.0000000000055
5237.000000000005
3972.000000000004
5163.0000000000055
3747.5000000000036
5557.0000000000055
3531.250000000004
5771.0000000000055
3414.000000000003
5651.0000000000055
3155.0000000000036
5712.0000000000055
2794.7500000000027
5732.0000000000055
2829.7500000000027
6089.000000000007
2527.7500000000023
6044.000000000005
2397.7500000000023
6091.000000000007
2605.2500000000027
6293.0000000000055
2921.5000000000036
6319.000000000005
2897.2500000000027
6227.000000000005
3436.5000000000036
6249.000000000007
3658.2500000000036
6315.000000000008
3607.0000000000036
6311.000000000005
3458.7500000000036
5991.000000000005
3368.5000000000036
5824.000000000005
3349.2500000000036
5950.0000000000055
3426.000000000003
6205.000000000006
3275.5000000000036
6430.0000000000055
3205.500000000003
6327.000000000006
3125.500000000003
6363.000000000007
3066.0000000000036
6351.000000000008
2942.750000000003
6638.000000000005
3015.500000000003
6944.000000000007
2995.750000000003
6905.000000000009
2939.250000000003
6731.000000000006
2925.5000000000027
6819.0000000000055
2820.250000000003
6919.000000000008
2555.0000000000023
7046.000000000008
2448.000000000003
7243.000000000006
2374.7500000000023
7777.000000000009
2325.2500000000023
7453.000000000009
2294.5000000000023
7274.000000000008
2302.250000000002
7330.000000000008
2330.7500000000027
7511.000000000008
2337.500000000002
7654.000000000008
2296.0000000000027
7965.000000000008
2271.7500000000023
7787.000000000008