11246.250000000013
19147.000000000015
10641.250000000011
18910.00000000002
10580.000000000013
18981.000000000022
10510.250000000011
19018.00000000001
10430.750000000011
19002.00000000001
10318.500000000011
18696.00000000002
10213.50000000001
18228.000000000022
10069.250000000011
17699.000000000015
9905.500000000011
17189.00000000001
9682.75000000001
16846.000000000015
9416.25000000001
16628.00000000001
9126.25000000001
16277.000000000015
8808.00000000001
15930.000000000016
8531.500000000007
15822.000000000013
8239.000000000007
15832.000000000015
8048.750000000007
15661.000000000016
7559.500000000007
15592.000000000015
7064.250000000006
15646.000000000016
6638.250000000007
15766.000000000013
6591.000000000007
15921.000000000015
6004.0000000000055
16159.000000000016
6037.000000000006
16351.000000000016
6107.500000000006
16482.000000000007
5903.000000000006
16656.00000000002
6313.000000000006
16659.00000000001
6336.250000000006
12193.000000000015
6060.500000000006
8422.000000000007
6303.000000000006
8970.000000000011
6241.250000000006
8093.000000000009
5856.750000000005
6764.000000000008
5496.250000000005
6333.000000000005
4971.250000000005
6376.000000000007
4744.000000000004
6763.000000000006
4918.5000000000055
7316.000000000009
4844.250000000005
8000.000000000007
4735.250000000005
8346.000000000007
4201.000000000005
8805.000000000011
3710.0000000000036
9468.000000000011
3553.250000000004
10306.000000000011
3232.2500000000027
10953.000000000013
3304.000000000003
11537.000000000015
4652.250000000005
12058.00000000001
6133.750000000006
12228.000000000013
6836.7500000000055
12286.00000000001
7935.500000000008
12366.000000000007
9916.500000000011
12304.000000000015
9866.50000000001
12288.000000000015
8491.500000000011
12616.000000000005
6860.250000000008
12819.000000000018
5432.5000000000055
12867.000000000015
5328.250000000005
12813.000000000015
5890.500000000006
12748.000000000007
6505.0000000000055
12684.000000000013
7048.000000000007
12497.000000000015
7582.500000000007
12273.000000000013
8220.750000000007
11729.000000000013
8982.750000000007
11201.000000000013
9987.00000000001
10681.00000000001
10644.000000000011
10179.000000000005
11404.500000000011
9956.000000000011
12211.500000000015
10066.000000000011
12790.00000000001
10490.000000000011
13396.250000000011
10992.000000000011
14095.500000000011
11502.000000000013
14628.750000000015
12086.000000000015
15174.250000000016
12638.00000000001
15441.500000000016
13138.000000000015
15622.250000000016
13684.000000000011
15806.250000000016
14093.000000000015
16020.000000000015
14527.000000000015
16250.250000000018
14982.000000000015
16664.75000000002
15490.000000000018
16980.25000000002
16118.000000000016
17110.750000000022
16778.00000000001
17465.750000000015
17136.000000000015
18033.250000000015
17369.00000000002
18647.25000000002
17724.00000000001
19150.000000000022
18065.000000000015
19460.250000000022
18301.00000000001
19690.250000000022
18477.000000000015
20100.25000000002
18556.000000000022
20416.250000000025
18446.000000000015
20576.00000000002
18055.00000000002
20534.250000000022
17632.00000000001
20319.50000000002
17329.00000000001
19984.500000000022
17109.00000000002
19638.250000000022
16869.00000000001
19242.750000000022
16505.00000000001
18672.250000000022
15621.000000000018
18493.750000000022
15250.000000000015