18391.75000000002
17890.00000000001
18598.000000000015
17906.00000000001
18712.500000000022
17786.000000000022
19131.250000000022
17704.00000000002
19818.000000000022
17684.000000000015
20229.00000000002
17571.00000000001
20317.50000000002
17443.000000000022
20240.500000000022
17337.00000000002
20023.750000000022
17541.000000000022
20194.25000000002
17788.00000000002
20692.00000000002
17565.00000000002
21069.500000000022
16974.00000000002
21389.250000000022
16475.00000000001
21477.500000000022
16503.00000000001
21372.00000000002
15861.000000000016
21338.500000000022
15804.000000000015
20831.000000000022
16777.00000000001
20642.00000000002
17357.00000000001
20715.500000000022
17622.000000000015
20771.00000000002
17395.000000000015
20497.000000000022
16953.000000000015
20275.500000000022
16551.00000000001
20036.00000000002
16206.000000000016
19446.00000000002
15945.000000000016
18680.25000000002
15651.000000000018
18659.25000000002
15408.000000000018
18877.000000000022
15170.000000000016
18904.75000000002
15104.000000000015
18889.00000000002
15287.000000000015
18828.25000000002
14649.000000000015
18262.75000000002
9773.000000000011
17296.500000000015
6696.000000000003
15339.500000000015
6996.000000000005
13889.500000000016
7409.00000000001
14273.500000000015
8001.000000000009
14018.500000000016
7880.000000000009
12936.750000000013
8045.000000000008
11955.250000000013
8231.00000000001
10871.250000000013
7953.00000000001
10066.500000000011
7959.000000000009
10141.500000000011
7933.000000000009
9744.750000000011
8066.000000000009
9695.500000000011
8181.000000000008
9340.75000000001
8159.00000000001
9234.25000000001
8333.00000000001
9414.00000000001
9353.000000000007
9606.750000000011
10505.000000000011
9716.25000000001
11155.000000000013
9635.50000000001
12116.000000000013
9319.25000000001
13741.000000000016
11900.000000000015
15017.000000000016
16454.00000000002
15777.000000000018
18502.00000000002
15973.000000000015
19280.250000000022
16865.00000000002
17685.50000000002
17558.000000000022
13556.250000000013
17943.000000000015
10010.000000000011
17960.000000000015
9475.000000000011
17090.000000000015
9614.750000000011
16016.000000000016
9736.750000000011
15753.000000000015
9921.500000000011
15348.000000000015
10070.250000000011
14915.000000000016
10278.750000000013
14280.000000000015
10558.000000000011
13699.000000000011
10739.50000000001
13178.000000000015
10809.750000000011
12734.000000000013
11244.250000000011
12446.000000000013
11631.500000000011
12123.000000000018
11868.000000000011
12059.00000000001
12080.250000000011
11938.000000000015
12305.500000000015
12134.00000000001
12423.000000000013
12136.000000000013
12785.750000000013
12453.00000000001
12650.750000000013
13254.000000000016
12481.500000000016
13709.000000000013
12284.500000000013
13571.000000000016
11963.000000000011
13062.000000000015
11556.500000000011
12916.000000000013
11475.250000000013
13534.000000000013
11817.25000000001
14257.000000000013
11939.500000000011
14176.00000000001
12089.000000000013
13692.000000000016
12115.250000000015
13878.000000000016
11611.75000000001
14275.000000000016
11406.500000000011
13779.00000000001
11647.750000000011
10320.000000000013
11597.250000000011
7856.000000000007
11582.500000000011
7479.000000000008
11878.000000000011
7839.000000000008
12172.750000000011
8080.000000000008