10862.50000000001
8552.000000000007
10715.50000000001
8956.000000000007
10571.250000000011
9413.000000000007
10834.000000000013
9775.00000000001
11327.00000000001
9616.000000000011
11512.500000000015
8435.000000000005
11327.500000000011
6975.000000000008
11005.500000000011
6250.000000000005
10632.750000000011
6329.000000000006
10173.25000000001
6604.000000000007
9739.500000000011
6660.000000000006
9628.50000000001
6111.0000000000055
9691.250000000007
5241.0000000000055
9808.25000000001
4592.000000000004
10106.500000000011
4169.000000000004
10379.500000000011
3978.0000000000045
10561.000000000011
3985.000000000004
10655.250000000011
4059.0000000000045
10528.250000000013
4124.000000000004
10286.000000000011
4251.000000000005
10079.750000000013
4355.0000000000055
9941.750000000011
4459.000000000004
9746.750000000011
4536.0000000000055
9549.000000000011
4628.000000000005
9393.25000000001
4741.000000000004
9362.250000000011
4853.000000000005
9329.250000000011
4928.000000000005
8975.75000000001
4973.000000000004
8712.25000000001
5081.000000000005
8466.25000000001
5240.000000000004
8319.75000000001
5254.0000000000055
8273.250000000007
5058.000000000005
8301.75000000001
5081.0000000000055
8896.50000000001
5242.000000000006
9727.00000000001
5364.0000000000055
10162.750000000013
5485.000000000006
10742.500000000011
5619.000000000007
11212.750000000011
5797.000000000007
11257.250000000013
5910.000000000004
10846.00000000001
5956.000000000006
11063.000000000011
5961.000000000005
11443.500000000011
5906.000000000006
11748.750000000013
5804.000000000006
11971.500000000013
5684.000000000006
12337.25000000001
5538.000000000005
12584.250000000013
5371.000000000005
12789.000000000015
5303.000000000006
13340.000000000015
5312.0000000000055
13907.000000000013
5434.000000000004
14322.000000000011
5591.000000000006
14025.000000000015
5803.000000000004
13967.750000000011
5937.000000000005
14397.000000000016
6095.0000000000055
14943.000000000013
6570.000000000005
15191.500000000011
7421.000000000008
15259.500000000015
8511.000000000005
15435.250000000018
9653.00000000001
15452.250000000016
10696.00000000001
15398.750000000015
11708.00000000001
15726.750000000018
12712.00000000001
16096.250000000015
13783.000000000016
16232.750000000016
14798.000000000015
16031.000000000016
15522.000000000016
15863.000000000016
15937.000000000015
15723.75000000002
16058.000000000016
15249.250000000016
15684.000000000015
14844.250000000015
14824.000000000015
15003.500000000015
13802.000000000016
15148.500000000016
13743.000000000015
15184.000000000016
13703.00000000001
15198.250000000015
13363.000000000011
14957.500000000016
13250.000000000007
14634.000000000015
13452.000000000015
14371.750000000015
14094.000000000011
14151.750000000015
15042.000000000018
13661.000000000016
15919.000000000016
13492.000000000011
16538.00000000002
13498.000000000015
16783.000000000015
13593.500000000016
16484.00000000002
13392.250000000013
15645.000000000016
13366.500000000016
14515.000000000016
13600.000000000013
13244.000000000013
13887.750000000013
11879.000000000007
14351.250000000016
10581.000000000011
14061.500000000015
9487.000000000011
13532.750000000013
8508.000000000011
13273.500000000016
7904.000000000008
13166.500000000016
7656.000000000007
12770.000000000015
7535.0000000000055
12176.00000000001
7277.000000000007