9370.25000000001
15173.000000000018
10029.000000000011
15207.000000000011
10449.750000000011
14972.000000000016
10635.750000000011
14952.00000000001
10697.250000000011
14908.000000000018
10572.750000000011
14782.000000000016
10578.500000000011
14515.000000000016
11157.000000000013
14727.000000000016
11297.750000000011
13913.000000000015
11165.00000000001
14538.000000000015
10705.000000000011
14000.000000000015
10144.00000000001
14189.000000000018
10591.750000000011
14859.000000000018
11107.250000000011
16071.000000000016
11163.750000000011
16748.00000000001
10668.750000000013
16803.00000000002
10205.000000000011
16599.000000000022
10603.500000000011
16235.000000000018
11500.250000000013
16415.00000000001
11513.000000000013
15924.000000000016
10938.250000000011
15511.000000000016
10387.750000000011
14022.000000000018
9815.25000000001
13932.00000000001
9471.25000000001
12981.000000000015
9290.25000000001
11740.000000000013
8779.500000000007
12708.000000000011
8113.000000000007
13229.000000000015
9712.75000000001
12947.000000000007
12625.250000000013
14209.000000000016
13733.750000000013
14109.000000000015
12972.000000000013
13524.000000000016
11854.500000000013
12608.000000000015
10240.750000000013
12169.000000000016
9853.000000000011
12782.000000000016
9839.25000000001
12916.000000000013
9388.75000000001
12573.000000000015
10050.500000000011
14420.000000000015
9651.00000000001
16456.00000000002
9496.250000000011
16771.000000000015
10609.500000000011
15018.000000000016
11347.25000000001
14543.000000000015
11439.750000000015
15323.000000000013
11821.750000000011
14523.000000000015
11057.250000000013
12737.000000000016
10104.250000000011
12202.000000000013
11902.000000000011
13407.000000000015
11204.250000000011
14642.000000000015
10740.500000000011
16548.00000000001
10258.250000000011
17642.00000000002
9404.250000000011
15492.000000000013
8167.000000000008
12047.000000000007
8118.750000000006
10538.000000000011
8582.500000000007
12403.000000000011
8574.75000000001
13954.000000000013
9255.00000000001
15051.000000000016
9847.250000000011
16577.00000000002
9371.750000000011
17944.000000000015
9141.50000000001
18727.00000000002
9743.500000000011
18943.00000000001
9409.50000000001
18689.000000000015
9679.500000000011
18171.000000000015
10623.250000000011
18038.00000000002
10195.000000000011
18276.000000000022
11429.000000000011
17969.000000000015
13313.250000000015
17280.00000000001
13811.500000000015
16551.00000000001
12766.750000000011
16652.000000000007
11886.250000000011
17959.000000000015
10955.250000000013
17492.00000000002
9742.750000000011
16833.000000000015
8610.750000000007
17120.000000000015
8471.00000000001
15723.000000000015
8812.75000000001
15899.000000000018
9997.75000000001
15769.000000000016
10109.50000000001
12457.000000000007
9832.750000000011
8986.000000000007
10323.500000000011
11370.000000000013
10690.750000000011
14412.000000000016
10977.250000000011
13179.000000000016
11404.000000000013
12097.000000000015
12733.750000000015
13790.000000000011
12812.750000000013
15043.000000000018
11546.000000000013
12452.000000000015
12245.000000000013
11792.000000000015
12828.250000000013
9742.000000000011
12337.750000000015
6947.000000000008
12673.500000000015
6062.000000000004
12870.750000000015
5781.000000000006
12868.000000000013
8455.000000000011
12694.750000000013
13045.000000000015