14957.250000000015
8938.000000000011
15388.750000000018
8274.000000000005
15842.500000000015
8594.000000000005
16405.00000000002
8823.000000000005
16752.500000000015
9072.00000000001
16885.75000000002
9672.000000000007
16697.00000000002
10656.000000000011
16228.000000000015
10453.000000000013
15738.000000000016
9687.000000000007
15124.250000000015
9729.00000000001
14676.000000000015
10092.000000000011
14459.000000000016
10363.000000000011
14180.750000000015
10577.000000000011
14024.750000000013
10828.000000000011
13866.750000000013
11295.000000000013
13913.000000000015
12140.000000000013
13969.50000000001
12160.000000000011
14047.250000000016
12076.000000000015
14036.500000000013
12169.000000000016
14102.250000000015
12223.000000000015
14245.500000000015
12257.00000000001
14606.500000000016
12199.000000000016
14802.000000000015
12322.000000000013
15113.250000000018
12510.000000000011
15310.250000000016
12933.000000000011
15321.250000000015
13875.000000000016
15215.750000000016
14618.000000000015
15105.750000000013
14688.000000000016
14992.500000000015
14223.000000000015
14973.250000000015
13944.000000000015
15041.250000000015
14190.00000000001
15160.250000000016
14088.000000000018
15279.500000000015
14036.000000000015
15477.750000000016
14329.000000000015
15600.500000000015
14527.000000000015
15727.000000000015
14211.000000000016
15914.000000000015
14362.000000000018
16113.250000000018
14305.000000000015
16625.75000000002
14429.000000000016
17385.500000000015
14802.000000000015
18082.75000000002
14965.000000000016
17320.25000000002
15358.000000000015
16628.25000000002
15623.000000000018
15796.750000000015
16594.00000000001
15055.500000000018
17837.000000000015
13502.250000000015
18910.00000000002
12301.250000000011
19244.00000000002
11809.500000000013
19089.00000000002
11268.500000000011
18857.000000000015
10532.750000000011
18646.000000000025
10759.000000000011
18136.00000000001
13308.000000000013
17647.000000000022
13931.500000000015
17527.000000000022
12373.000000000015
17448.00000000001
11765.250000000011
17403.00000000001
10978.500000000011
17325.00000000002
10152.750000000011
17242.000000000015
10247.750000000011
17058.000000000015
10531.000000000011
16851.00000000002
10964.750000000013
16545.000000000007
11718.000000000011
16318.000000000016
12405.250000000015
16080.000000000018
12831.000000000015
15798.000000000018
13139.000000000013
15563.000000000018
13800.500000000015
15276.000000000018
14255.750000000016
15187.000000000013
14390.000000000013
15211.00000000001
14161.750000000013
15205.000000000016
14225.500000000013
15188.000000000016
14334.750000000015
15176.000000000016
14492.250000000016
15154.000000000016
14656.250000000013
15139.000000000018
14667.750000000016
15131.000000000011
14557.250000000015
15095.000000000016
14586.000000000015
15069.000000000015
14718.250000000013
15043.000000000015
14775.750000000015
14983.00000000001
14808.750000000016
14970.000000000016
15032.250000000015
15177.000000000016
15543.500000000016
16204.000000000016
16248.25000000002
17840.00000000002
16761.500000000015
19653.00000000002
16755.00000000002
21402.000000000025
16969.000000000015
23014.000000000022
17570.500000000022
24141.000000000015
18079.25000000002
24860.000000000025
18399.75000000002
24849.000000000033
19068.50000000002
23800.000000000022
18346.000000000015
21834.00000000002
16837.00000000002
19820.000000000022