18924.25000000002
22261.000000000025
18834.25000000002
22250.000000000025
18759.000000000022
22127.000000000022
18668.50000000002
21961.000000000025
18494.500000000022
21675.000000000015
18039.250000000015
21355.000000000025
17316.25000000002
20865.000000000022
16715.750000000015
20429.000000000022
16206.250000000018
20071.000000000022
15693.000000000016
19838.00000000002
15145.000000000015
19599.000000000022
14632.750000000013
19191.000000000015
14279.250000000015
18525.000000000022
13957.750000000015
17634.00000000002
13680.000000000015
16505.00000000001
13413.750000000013
15274.000000000015
13093.000000000013
14106.000000000013
12625.500000000011
13130.000000000013
12171.250000000013
12539.000000000016
11863.000000000011
11996.00000000001
12107.000000000013
11434.000000000013
12657.500000000015
11110.000000000011
12915.500000000013
10850.000000000011
13184.500000000011
10510.000000000007
13588.500000000013
10191.000000000013
13939.500000000013
9912.00000000001
14152.750000000013
9704.000000000013
14330.500000000015
9541.00000000001
14664.750000000016
9495.000000000011
14849.250000000013
9627.000000000007
14525.250000000015
9940.000000000013
13888.500000000016
10492.000000000011
13176.250000000015
11107.000000000013
12386.250000000011
11708.00000000001
11454.000000000011
12337.000000000013
11141.750000000013
13023.000000000013
10906.750000000013
13635.000000000016
10770.50000000001
14194.000000000016
10783.000000000011
14807.000000000018
10783.250000000013
15318.00000000001
10819.750000000011
15836.00000000001
11194.750000000011
16259.00000000002
11512.000000000011
16572.000000000015
11713.250000000013
16811.00000000001
11963.750000000013
16984.000000000015
12298.250000000011
17068.00000000001
12607.500000000011
17138.00000000002
12609.000000000011
17209.000000000022
12881.500000000015
17306.00000000002
12951.500000000011
17465.000000000022
13584.750000000015
17658.00000000002
13906.750000000015
17918.00000000002
14341.750000000016
18141.000000000015
14181.750000000016
18360.00000000002
12362.250000000011
18568.000000000015
11443.500000000011
18774.00000000001
11470.500000000013
18929.000000000022
11789.500000000013
18810.000000000015
12524.000000000015
17457.000000000015
13315.250000000013
15844.000000000016
15424.000000000018
14383.000000000016
17086.50000000002
13462.000000000015
17285.25000000002
12649.000000000015
16881.00000000002
11870.000000000005
16110.250000000016
11453.000000000011
15196.750000000016
10876.000000000013
15312.500000000015
10044.000000000011
15328.500000000016
9724.000000000011
15241.000000000015
9861.000000000011
14831.250000000013
10299.00000000001
15051.000000000015
11059.000000000013
15173.750000000015
11897.000000000011
15919.250000000016
12945.000000000007
17883.25000000002
16070.000000000013
19768.50000000002
19885.00000000002
20161.25000000002
20524.00000000002
20119.250000000022
20474.000000000025
20170.25000000002
20437.000000000022
20065.25000000002
20411.000000000015
19986.500000000022
20383.000000000022
20100.750000000022
20406.000000000022
20090.250000000015
20461.000000000025
19958.75000000002
20478.00000000002
19826.250000000022
20521.00000000002
19705.25000000002
20559.000000000025
19195.75000000002
20615.00000000002
18575.500000000022
20663.000000000025
18335.250000000015
20708.000000000022
17685.75000000002
20757.000000000022
16880.25000000002
20805.000000000022