4713.250000000005
6160.000000000004
4654.750000000005
6497.000000000006
4627.2500000000055
6829.000000000005
4563.000000000005
7094.000000000007
4428.000000000005
7214.000000000008
4223.500000000005
7302.000000000007
4018.0000000000036
7420.000000000008
3829.5000000000036
7590.000000000007
3618.5000000000036
7736.000000000007
3478.7500000000036
7837.000000000008
3458.500000000004
7989.000000000006
3387.250000000003
8170.000000000009
3289.2500000000036
8258.00000000001
3221.500000000003
8255.000000000007
3224.2500000000036
8318.00000000001
3170.500000000003
8294.000000000007
3063.750000000003
8197.00000000001
3041.250000000003
8182.000000000008
2935.7500000000027
8081.000000000008
2864.2500000000027
7987.000000000007
2835.7500000000027
7954.000000000008
2752.7500000000027
7915.000000000008
2733.5000000000027
7804.000000000009
2944.000000000003
7749.000000000008
3323.000000000003
7678.000000000008
4471.500000000005
7486.000000000009
6080.0000000000055
7524.000000000008
6612.000000000008
7815.000000000008
7276.000000000007
7935.000000000008
8575.25000000001
7817.000000000008
10270.000000000011
7745.000000000009
11108.250000000011
7883.000000000006
10539.500000000011
8204.00000000001
9914.000000000011
8346.000000000007
10089.000000000011
8245.000000000005
11499.500000000013
8552.000000000007
13948.750000000016
8638.00000000001
14513.750000000018
8230.000000000005
13273.500000000013
8109.000000000009
11110.250000000011
8713.000000000007
10962.250000000013
9410.000000000011
10753.750000000011
9771.000000000007
9841.250000000011
10032.000000000011
9659.25000000001
9945.00000000001
10052.500000000011
9154.000000000007
10255.25000000001
8234.000000000011
10408.750000000013
9452.000000000007
7192.250000000008
8797.000000000007
4985.500000000006
6442.000000000008
4073.5000000000036
6378.000000000007
3583.7500000000036
6136.000000000005
3797.7500000000036
5849.000000000004
3919.750000000004
5834.000000000006
3975.250000000003
5422.0000000000055
3971.250000000004
5458.0000000000055
4021.000000000004
5293.000000000005
4004.7500000000045
5187.000000000006
3818.2500000000027
5099.000000000004
3890.250000000003
5153.0000000000055
3851.0000000000036
5357.0000000000055
4078.250000000004
5643.000000000006
6353.5000000000055
5569.000000000005
8790.75000000001
5809.000000000006
10128.000000000011
5698.0000000000055
11051.500000000013
5618.000000000006
11826.000000000011
5598.0000000000055
11729.000000000011
5506.0000000000055
8744.00000000001
5344.000000000005
7264.500000000006
4996.000000000004
6022.750000000005
4657.000000000004
4462.250000000005
4647.000000000005
4203.000000000004
4705.000000000003
4319.750000000005
4601.000000000005
4491.250000000005
4580.0000000000055
4601.250000000005
4659.000000000005
4585.750000000005
4363.0000000000055
4642.7500000000055
4321.0000000000055
4602.0000000000055
4579.000000000003
4710.500000000005
4994.000000000005
4863.000000000005
5193.0000000000055
5150.0000000000055
5536.0000000000055
5641.250000000005
5981.0000000000055
5965.000000000007
6309.0000000000055
6035.7500000000055
6353.000000000003
6177.5000000000055
6320.000000000008
6213.500000000006
6247.0000000000055
6258.250000000007
6186.0000000000055
6251.7500000000055
6085.000000000004
6533.000000000006
5999.000000000005
6804.500000000007
5900.000000000005