6390.750000000007
8547.00000000001
6227.750000000007
9202.00000000001
6274.2500000000055
9949.00000000001
6418.000000000006
10990.000000000013
6771.500000000007
12020.000000000015
6789.250000000006
12414.000000000007
6813.750000000007
11349.000000000013
7242.750000000006
10241.000000000011
7182.000000000006
9918.000000000013
7064.750000000008
9576.00000000001
6766.500000000006
9111.00000000001
6729.750000000007
7931.0000000000055
6582.000000000007
6992.000000000006
6135.7500000000055
7227.000000000008
5447.7500000000055
7820.000000000008
4980.750000000006
9168.000000000011
4629.0000000000055
10285.00000000001
5521.7500000000055
10327.000000000007
6444.000000000008
9441.000000000011
7717.250000000008
9044.000000000005
8513.500000000007
9244.00000000001
8501.00000000001
8703.000000000011
8623.00000000001
7101.0000000000055
8634.25000000001
6085.000000000004
8083.000000000008
5592.0000000000055
8236.750000000007
5220.0000000000055
8438.000000000007
5257.000000000006
8174.250000000009
5277.0000000000055
6964.750000000006
5092.0000000000055
5871.5000000000055
5472.0000000000055
5665.250000000005
6067.000000000005
5911.0000000000055
5927.0000000000055
6431.750000000006
5157.000000000006
6920.500000000007
4384.000000000002
7456.250000000007
4005.0000000000036
8134.000000000008
3942.000000000004
7714.250000000008
4092.0000000000045
7374.750000000006
5566.000000000006
6915.000000000008
4605.000000000005
7099.250000000007
1865.0000000000018
7931.000000000007
1634.0000000000018
8507.25000000001
2366.0000000000014
8843.00000000001
3222.0000000000027
8310.25000000001
4310.000000000004
7903.500000000009
4835.0000000000055
7544.750000000008
4202.000000000003
7604.500000000008
3756.0000000000027
7810.000000000007
3896.0000000000045
7295.250000000007
3969.000000000004
6752.750000000007
3960.000000000004
6371.750000000007
4104.0000000000055
6315.7500000000055
4075.000000000004
6377.750000000006
3914.000000000004
6210.250000000006
3816.000000000004
6309.250000000008
3802.0000000000036
7013.500000000008
3732.000000000003
7133.000000000006
3766.000000000004
7685.750000000007
3929.0000000000036
8544.000000000007
3913.0000000000036
9313.750000000011
3869.000000000004
9117.000000000011
3898.0000000000036
8776.50000000001
3866.000000000004
8200.500000000007
3740.000000000004
8595.75000000001
3866.0000000000036
9315.50000000001
4022.0000000000036
9836.750000000011
4009.0000000000045
10268.500000000013
4357.000000000005
9832.750000000011
5511.0000000000055
10083.50000000001
5325.000000000006
10030.750000000011
4655.000000000005
9833.25000000001
4534.000000000003
9746.25000000001
4074.000000000004
8864.50000000001
3927.0000000000036
7188.250000000007
4034.000000000005
7105.250000000007
4218.000000000003
7541.500000000007
4188.000000000005
7840.500000000008
4196.000000000004
7321.000000000007
4343.000000000003
6657.000000000008
4776.000000000005
5727.000000000006
4946.0000000000055
4913.750000000005
5417.000000000006
4408.750000000005
5869.000000000005
3783.750000000003
5916.000000000007
3563.2500000000036
6121.000000000005
3477.7500000000027
6064.0000000000055
3203.0000000000036
6199.000000000006
2997.5000000000023
6417.000000000005
2797.5000000000027
5761.0000000000055
2600.0000000000023
4541.000000000005
2511.7500000000023
3404.000000000002