8567.75000000001
4293.000000000005
8607.250000000007
4576.000000000003
8636.00000000001
4966.000000000005
8615.50000000001
5410.000000000006
8577.500000000007
5835.000000000003
8541.50000000001
6219.000000000005
8490.00000000001
6515.000000000007
8360.25000000001
6755.000000000008
8197.750000000007
6848.000000000007
8007.500000000008
6854.000000000008
7825.500000000007
6715.000000000007
7699.500000000008
6546.000000000006
7627.000000000007
6391.000000000007
7592.750000000007
6482.0000000000055
7642.250000000008
6772.000000000008
7744.000000000008
7298.000000000008
7903.500000000009
7924.000000000007
8075.000000000008
8533.000000000005
8304.750000000007
9207.000000000007
8637.000000000007
9938.000000000011
8961.500000000011
10655.000000000013
9225.250000000011
11429.000000000011
9613.50000000001
12333.00000000001
10064.00000000001
13199.000000000015
10281.00000000001
14071.000000000015
10500.500000000011
14802.000000000015
10745.250000000011
15390.000000000016
10952.500000000013
15759.000000000015
11115.000000000013
16061.00000000002
10814.25000000001
16385.00000000001
11058.000000000013
16790.00000000002
10979.500000000011
17108.000000000022
11009.750000000011
17540.00000000001
11472.000000000011
17916.00000000002
11088.500000000011
18135.000000000022
10920.750000000013
18313.00000000002
10911.500000000013
18269.00000000002
10710.000000000011
17800.00000000001
10420.75000000001
17170.00000000002
10056.000000000011
16161.000000000016
9688.000000000011
14777.000000000015
9005.50000000001
13599.000000000015
8152.750000000008
12963.000000000013
7999.50000000001
13120.000000000011
9873.000000000011
13619.000000000015
10519.250000000011
14050.000000000016
10330.750000000011
13832.000000000013
9741.00000000001
13353.00000000001
8938.500000000011
13436.000000000013
8177.000000000007
14857.000000000016
7048.500000000006
16759.00000000002
6631.500000000006
18049.000000000015
6731.000000000006
18502.000000000022
6681.250000000006
18338.000000000015
6201.750000000006
17547.000000000015
5810.0000000000055
15956.000000000018
5277.250000000005
13673.00000000001
4783.5000000000055
11403.000000000013
4730.250000000006
9663.000000000011
4692.500000000004
8493.000000000011
4913.250000000005
7912.000000000008
5361.5000000000055
7686.000000000008
5619.7500000000055
7524.000000000008
5925.750000000006
7737.000000000008
6192.750000000006
11198.000000000013
6630.2500000000055
16149.000000000016
7648.500000000007
18299.00000000002
8986.250000000007
18889.000000000015
10300.500000000013
17973.000000000015
11126.750000000013
16094.000000000018
11765.500000000011
15382.000000000016
11838.500000000013
15040.000000000016
11512.750000000013
14298.000000000015
10710.50000000001
12436.000000000013
10561.75000000001
11408.000000000015
10197.750000000011
13397.000000000013
9773.750000000011
14673.000000000016
9589.25000000001
13968.000000000013
9178.500000000011
14126.000000000015
8843.00000000001
15466.000000000011
8735.000000000007
16632.000000000015
8602.750000000007
15599.000000000015
8697.25000000001
16343.000000000016
8713.250000000011
16628.00000000001
8378.75000000001
16014.000000000016
8199.500000000007
14800.00000000001
8174.000000000008
13386.000000000015
8722.750000000007
11807.000000000015
9156.250000000011
10852.000000000013
8617.75000000001
10261.000000000011