31398.750000000036
32616.000000000036
31385.000000000036
32616.000000000036
31377.00000000003
32616.000000000036
31308.750000000033
32616.000000000036
31260.000000000033
32616.000000000036
31264.250000000036
32616.000000000036
31241.50000000003
32616.000000000036
31223.500000000033
32616.000000000036
31248.00000000003
32616.000000000036
31249.750000000033
32616.000000000036
31207.000000000036
32579.000000000033
31129.000000000033
32476.000000000033
31113.000000000036
32477.000000000036
31101.500000000033
32521.000000000036
31073.00000000003
32541.00000000003
31042.25000000003
32533.000000000033
30973.750000000033
32410.000000000036
30221.00000000003
24505.000000000033
27066.250000000033
17239.000000000022
24514.750000000025
14972.000000000007
22659.000000000025
13612.000000000018
21488.500000000022
12671.000000000016
20668.75000000002
11828.00000000001
19600.250000000022
11240.000000000011
18686.500000000022
10928.000000000011
17935.25000000002
10457.000000000007
17265.750000000015
10462.000000000011
16328.500000000018
10840.000000000011
15078.750000000015
11415.000000000011
13512.500000000015
11617.00000000001
11900.750000000013
11970.000000000016
10678.000000000011
12368.000000000007
9766.750000000007
12687.000000000016
9480.500000000011
13138.000000000015
9233.00000000001
13695.000000000013
8846.750000000007
14424.000000000018
9172.000000000011
15243.000000000015
10843.000000000011
15998.000000000015
9909.25000000001
16501.00000000002
8725.000000000007
16931.00000000001
8260.500000000007
17806.000000000015
8234.00000000001
18840.00000000002
8232.00000000001
19530.000000000022
8135.000000000008
20831.000000000025
8276.75000000001
21313.00000000002
8078.750000000007
21689.000000000025
7768.500000000008
21952.000000000025
7830.500000000008
23105.00000000003
9484.00000000001
24578.00000000003
13108.500000000013
26265.00000000002
17410.000000000015
28168.00000000002
19026.50000000002
29642.000000000033
19592.50000000002
30976.000000000033
18476.500000000022
32211.000000000033
16751.50000000002
32539.000000000036
14553.000000000015
32632.000000000033
12809.000000000013
32634.000000000033
13041.000000000011
32638.000000000033
13383.750000000013
32640.000000000033
13623.500000000013
32640.000000000033
14106.500000000015
32631.000000000036
14623.500000000015
32628.000000000033
15212.000000000015
32628.000000000033
15658.250000000015
32628.000000000033
16307.250000000016
32628.000000000033
17032.50000000002
32636.000000000033
17883.50000000002
32640.000000000033
18777.000000000022
32640.000000000033
19743.75000000002
32640.000000000033
20785.00000000002
32640.000000000033
22112.500000000025
32640.000000000033
23558.750000000025
32640.000000000033
25051.750000000025
32640.000000000033
27681.25000000003
32640.000000000033
29242.750000000033
32640.000000000033
31354.250000000036
32640.000000000033
32201.250000000036
32640.000000000033
32426.750000000036
32640.000000000033
32556.000000000036
32640.000000000033
32561.250000000036
32640.000000000033
32573.500000000036
32640.000000000033
32572.00000000004
32640.000000000033
32065.500000000036
32640.000000000033
30779.750000000033
32640.000000000033
27074.250000000022
32640.000000000033
27752.750000000033
32640.000000000033
27567.75000000003
32640.000000000033
30795.750000000036
32640.000000000033
32633.000000000036
32640.000000000033
32625.000000000033
32640.000000000033