32532.750000000033
32640.000000000033
32084.500000000033
32628.000000000033
28588.250000000036
28615.000000000033
9505.000000000007
6230.0000000000055
7875.750000000007
4078.0000000000045
8249.50000000001
6607.000000000007
8348.50000000001
10726.000000000011
8787.000000000011
12566.000000000007
9235.75000000001
13462.000000000015
8853.500000000007
14157.000000000016
8394.250000000011
14494.000000000015
8551.250000000007
14762.000000000015
9087.00000000001
14617.00000000001
8944.00000000001
14016.000000000015
8506.50000000001
13586.000000000016
8280.75000000001
13370.000000000015
8255.25000000001
13144.000000000007
8140.750000000007
12768.000000000011
8343.75000000001
12533.000000000015
8744.75000000001
12630.000000000015
9210.50000000001
12830.000000000011
10218.50000000001
13238.000000000013
9935.75000000001
12562.000000000013
9103.50000000001
11608.000000000013
9007.500000000007
12004.000000000013
10280.50000000001
11794.000000000011
11426.000000000013
10766.000000000005
11098.750000000011
9960.00000000001
10837.25000000001
9826.000000000013
10587.750000000011
10198.000000000007
10184.000000000011
10719.00000000001
9889.75000000001
10812.000000000011
9148.25000000001
11005.000000000011
8765.75000000001
10611.000000000013
8430.25000000001
9213.000000000011
7827.250000000008
10080.000000000005
7159.750000000006
10986.000000000013
6593.000000000006
10426.000000000013
5745.5000000000055
9806.000000000011
5307.750000000005
10262.00000000001
5539.7500000000055
10764.000000000011
5976.7500000000055
10696.00000000001
6050.2500000000055
10871.000000000013
5391.2500000000055
11263.000000000011
5170.000000000005
11305.000000000015
5078.750000000005
10581.000000000011
4777.2500000000055
10076.000000000007
4652.0000000000055
10015.000000000007
4784.0000000000055
9985.000000000007
5577.2500000000055
9840.000000000007
6874.750000000008
9882.000000000011
7782.250000000007
9287.00000000001
8192.000000000007
8251.00000000001
6629.750000000006
7091.000000000006
4980.5000000000055
7567.000000000007
5197.2500000000055
8789.000000000007
5355.750000000005
9837.000000000005
5345.500000000006
10887.000000000011
5227.7500000000055
11762.000000000015
5370.750000000005
11788.000000000007
5490.7500000000055
11086.000000000005
5441.000000000005
11127.000000000011
5421.2500000000055
10545.000000000011
5532.7500000000055
9930.000000000011
5691.5000000000055
8885.000000000011
6380.7500000000055
7137.000000000007
8006.500000000008
6566.000000000007
8541.25000000001
7259.000000000007
8891.00000000001
7200.0000000000055
8915.00000000001
7732.000000000007
8454.500000000007
9099.000000000011
8216.250000000005
8149.000000000008
8751.50000000001
7590.000000000009
8935.250000000011
6871.000000000008
9035.750000000011
5976.000000000005
9356.50000000001
4861.0000000000055
9712.50000000001
3984.000000000004
9938.000000000011
4217.000000000003
9800.50000000001
4713.0000000000055
10029.000000000011
4721.0000000000055
9860.25000000001
5318.000000000007
9801.750000000011
6380.000000000007
9856.750000000011
9129.000000000005
14924.000000000015
15253.000000000016
20503.250000000022
20653.000000000025
25849.75000000003
26028.000000000022
27739.000000000033
29988.000000000022
29292.50000000003
32156.000000000036
32504.000000000036
32640.000000000033
32640.000000000033
32640.000000000033