6135.500000000006
7485.000000000006
6137.000000000006
8144.00000000001
6139.000000000006
8778.000000000005
6156.250000000006
8925.000000000007
6178.000000000007
8761.00000000001
6220.2500000000055
8321.000000000005
6265.000000000006
7149.000000000006
6314.250000000006
6219.000000000005
6360.000000000006
5947.000000000004
6410.500000000006
5840.000000000007
6466.750000000007
5753.0000000000055
6523.250000000006
5736.000000000006
6565.500000000006
5847.000000000006
6602.500000000006
5978.000000000006
6617.750000000007
6173.000000000005
6742.750000000006
6334.000000000005
6910.5000000000055
6460.000000000003
7063.000000000006
6464.000000000007
7226.000000000007
6303.000000000005
7446.500000000009
6106.000000000007
7754.000000000007
5781.000000000006
7997.000000000008
5433.000000000006
8120.750000000009
5406.0000000000055
8158.000000000008
5742.000000000006
8190.000000000008
6221.000000000004
7931.750000000008
6800.000000000008
7461.250000000007
7374.000000000008
7158.500000000009
7891.000000000008
6846.000000000006
8219.00000000001
6372.750000000007
8499.000000000007
5873.5000000000055
8710.000000000005
5749.750000000006
8778.000000000005
7015.750000000007
8951.00000000001
8592.25000000001
8971.000000000007
8926.50000000001
9172.00000000001
8319.50000000001
9325.00000000001
7391.750000000006
9201.000000000011
7047.250000000008
8963.000000000007
6872.500000000007
8617.000000000005
6269.000000000007
8051.000000000007
5521.750000000006
7193.000000000008
5783.0000000000055
6539.000000000005
6011.5000000000055
6253.000000000006
5488.000000000005
6154.000000000006
4960.500000000005
5932.000000000004
4787.000000000005
5540.0000000000055
4927.750000000005
5138.0000000000055
4743.750000000005
4821.000000000004
4543.500000000005
4659.000000000005
4102.500000000005
4769.000000000005
3695.250000000004
4868.000000000005
5331.0000000000055
4983.000000000003
7388.500000000007
5093.000000000005
7317.500000000008
5248.000000000005
6822.500000000006
5330.0000000000055
6627.500000000007
5386.000000000006
6856.500000000007
5440.000000000005
6569.250000000006
5524.000000000006
5869.000000000005
5567.0000000000055
5795.750000000005
5511.0000000000055
5942.000000000007
5237.0000000000055
5963.750000000007
4960.000000000003
5893.2500000000055
4828.0000000000055
5793.500000000006
4907.0000000000055
5594.2500000000055
5177.0000000000055
5431.5000000000055
5046.0000000000055
5196.5000000000055
4603.0000000000055
4720.5000000000055
4037.000000000004
4380.500000000005
3676.0000000000027
4184.250000000004
3550.0000000000036
4217.250000000005
3342.0000000000023
4048.250000000004
3156.000000000003
3942.0000000000036
2963.0000000000014
4070.000000000004
2850.000000000003
4208.250000000004
2772.0000000000027
4329.000000000004
2720.0000000000023
4541.7500000000055
2650.0000000000027
4785.2500000000055
2564.0000000000027
4937.000000000004
2441.000000000002
5118.250000000005
2327.000000000003
5158.500000000005
2264.000000000002
5122.0000000000055
2292.0000000000023
4995.750000000005
2363.000000000002
4911.2500000000055
2439.000000000003
4850.250000000005
2509.0000000000027
4791.5000000000055
2516.0000000000023
4748.250000000004
2642.0000000000027
4716.5000000000055
2859.0000000000027
4694.2500000000055
3104.0000000000036
4645.500000000004
3248.000000000002