17233.75000000002
17893.000000000022
17614.00000000002
18670.000000000022
17468.75000000002
19104.000000000022
16505.750000000015
19555.000000000022
15759.250000000016
19356.000000000022
15485.500000000015
18383.000000000015
15290.250000000015
14743.000000000016
14963.750000000013
13336.000000000015
14907.250000000013
16550.00000000001
15897.750000000013
18129.000000000022
16721.500000000015
16929.00000000001
16693.000000000015
14041.000000000013
16086.750000000016
11741.000000000007
15646.250000000016
12266.000000000011
15961.500000000016
14252.00000000001
16202.750000000016
15177.000000000015
15635.250000000016
14989.000000000013
15388.500000000011
15910.000000000018
16291.750000000018
17445.00000000002
17574.75000000002
16951.000000000015
18365.50000000002
16054.000000000016
18715.25000000002
16068.000000000018
18488.25000000002
15495.000000000016
16515.500000000015
15320.000000000015
16162.250000000016
15468.000000000018
15207.750000000015
15340.000000000016
14809.250000000016
16303.000000000016
13544.500000000013
16857.00000000001
12515.500000000011
14571.000000000018
11666.750000000011
15106.000000000015
11266.250000000011
14362.000000000007
11476.25000000001
12116.000000000015
11374.750000000011
11898.000000000013
11279.250000000015
12139.000000000013
11522.750000000013
10825.000000000011
11782.500000000013
10246.00000000001
12120.750000000011
11542.000000000011
12058.250000000011
12263.000000000013
11797.750000000013
11676.00000000001
12033.000000000011
10982.000000000015
12349.750000000016
11475.000000000011
12719.750000000015
11893.000000000015
12796.000000000011
11897.000000000013
12837.750000000013
12029.000000000013
12761.750000000013
12324.000000000011
11975.500000000013
12235.000000000011
12498.500000000011
12009.000000000011
12900.750000000011
12849.00000000001
13522.750000000011
14042.000000000016
13788.250000000013
14933.00000000002
13525.500000000013
14596.000000000015
13159.000000000013
15293.000000000016
12573.000000000013
16514.00000000002
12712.250000000015
17299.000000000015
12438.000000000013
16872.00000000001
12226.000000000013
15181.00000000001
13056.750000000015
13957.000000000011
14246.000000000015
13361.000000000015
14025.750000000013
13181.000000000011
13671.500000000016
12511.000000000011
13408.500000000013
12006.000000000011
12929.250000000013
12835.00000000001
12337.500000000015
14857.000000000015
11872.250000000011
17023.00000000001
12743.500000000015
16954.000000000015
13236.250000000015
17263.00000000002
13113.000000000016
18837.000000000022
13283.250000000015
18400.000000000015
13828.000000000011
18874.000000000022
14474.750000000015
18643.000000000015
15226.500000000015
18749.000000000015
15478.750000000015
21042.00000000002
15515.000000000015
22125.000000000022
16097.500000000016
22783.000000000022
16703.00000000002
22321.000000000025
16788.25000000002
22198.000000000022
16769.000000000022
22970.000000000025
16596.750000000015
23938.00000000003
16016.000000000015
23014.000000000022
15461.250000000013
20790.000000000022
15851.000000000015
19375.000000000015
15755.500000000016
16562.00000000002
15989.500000000015
14997.000000000015
16325.25000000002
14720.000000000016
17210.25000000002
20607.00000000002
18248.75000000002
20823.000000000015
18929.25000000002
20123.000000000025
20026.75000000002
20612.000000000022
19927.25000000002
19709.000000000015
19534.25000000002
16096.000000000015