8308.250000000005
12462.000000000015
8213.25000000001
13035.000000000015
8299.000000000007
13590.000000000015
8344.75000000001
13900.000000000013
8164.500000000006
13874.000000000016
8043.750000000009
13394.000000000011
8284.75000000001
12646.000000000015
8906.50000000001
11965.00000000001
8965.50000000001
10987.000000000013
9121.75000000001
9407.000000000011
8904.00000000001
7669.000000000009
8238.25000000001
6794.000000000006
8469.000000000007
7042.000000000005
9374.500000000011
7873.000000000007
9957.750000000011
8459.000000000005
10697.500000000011
8653.000000000011
10759.000000000011
8415.000000000007
10629.500000000011
8158.000000000009
10330.500000000013
8273.00000000001
10134.500000000011
8658.000000000011
11107.000000000011
9158.000000000005
11498.500000000011
10522.000000000011
10736.500000000011
12035.000000000013
10248.250000000011
12742.00000000001
9569.00000000001
12330.000000000015
9631.75000000001
11384.000000000013
10386.000000000011
10768.000000000011
10777.500000000011
11050.000000000013
10504.250000000011
10966.000000000011
10392.500000000011
10306.000000000004
10409.50000000001
9696.000000000011
10568.25000000001
9717.000000000011
10375.750000000011
10426.000000000007
10201.50000000001
11172.000000000011
10580.500000000011
11183.000000000013
10617.500000000011
10460.00000000001
10750.000000000011
9744.00000000001
10046.00000000001
9543.000000000007
11160.00000000001
9749.000000000007
10206.50000000001
9993.000000000011
9219.500000000011
10402.000000000011
9020.00000000001
11127.000000000013
9245.500000000007
12072.00000000001
8817.75000000001
12952.000000000011
8986.000000000007
13655.000000000016
9084.000000000011
14167.000000000013
8595.25000000001
14318.000000000016
8615.750000000007
14122.000000000016
9064.25000000001
13794.00000000001
8919.00000000001
13670.000000000015
8822.75000000001
13504.000000000015
8539.750000000007
13397.000000000018
8402.250000000011
13571.000000000016
8339.500000000007
13395.000000000011
8099.500000000007
13683.000000000011
7971.250000000008
13929.000000000015
8176.750000000008
13951.000000000007
8693.25000000001
13638.000000000011
8367.00000000001
12488.000000000016
8289.500000000007
11443.000000000013
8526.25000000001
10407.00000000001
8474.000000000007
9779.000000000007
9090.50000000001
10376.00000000001
9800.25000000001
10984.000000000011
9888.00000000001
10228.000000000007
10038.250000000011
10971.000000000013
9300.50000000001
10733.000000000011
8767.00000000001
8700.00000000001
8827.50000000001
7827.000000000007
9572.250000000011
7710.0000000000055
9437.00000000001
8287.000000000004
9260.50000000001
7297.000000000008
9460.50000000001
6929.000000000007
10090.25000000001
6322.000000000006
10164.000000000011
5916.000000000004
9191.25000000001
5940.000000000004
7545.250000000008
5436.0000000000055
7915.250000000009
6911.000000000007
8057.000000000008
9032.000000000007
8940.25000000001
8412.000000000005
9589.750000000007
8198.000000000005
9840.250000000011
8144.000000000007
9651.00000000001
8258.00000000001
9472.000000000007
8365.00000000001
10122.000000000007
8390.000000000011
9962.750000000011
8248.000000000007
9422.00000000001
8043.000000000008
9097.250000000011
7833.000000000007
9039.75000000001
7523.000000000007
8113.500000000008
7191.000000000008