1277.0000000000011
1268.0000000000014
4191.000000000001
4092.000000000002
6710.000000000002
6496.000000000004
17113.000000000004
15784.000000000005
31450.00000000004
28388.000000000033
31698.000000000036
28604.000000000033
31697.000000000033
28600.000000000025
31697.000000000033
28600.000000000025
31697.000000000033
28600.000000000025
31697.000000000033
28600.000000000025
16970.25000000002
16557.000000000015
8552.00000000001
9771.000000000007
9493.00000000001
10374.000000000011
9615.000000000011
10462.000000000013
9732.500000000011
10514.000000000011
9850.50000000001
10569.000000000011
10033.00000000001
10626.000000000011
10260.50000000001
10674.000000000011
10374.500000000011
10741.000000000013
10711.750000000011
10824.000000000013
11101.000000000011
10912.000000000011
11527.000000000013
11003.00000000001
11782.250000000011
11762.000000000005
11917.500000000013
15090.000000000018
11980.500000000011
16987.000000000022
12001.000000000013
17242.000000000015
12134.500000000011
17173.00000000002
12123.25000000001
17423.000000000015
12124.000000000013
18575.00000000001
12007.000000000015
18630.000000000015
12126.000000000011
17787.000000000022
11996.000000000013
17250.00000000002
11992.000000000015
16045.000000000016
12547.250000000013
14395.000000000013
13140.250000000015
13376.000000000015
13023.250000000013
12453.00000000001
12778.750000000011
11833.000000000007
12148.250000000011
11607.000000000013
12041.250000000015
11493.000000000013
12400.250000000013
11397.000000000011
12520.750000000011
11317.000000000011
12115.000000000015
11227.000000000011
11738.000000000013
11153.000000000013
11518.500000000013
11114.000000000011
11711.000000000011
11050.000000000011
11960.000000000015
10921.000000000011
12031.250000000013
10857.000000000011
12028.250000000013
10879.00000000001
11964.250000000011
10965.000000000015
11575.50000000001
11178.000000000011
11119.750000000011
11546.000000000011
11683.75000000001
11907.00000000001
11574.750000000011
12365.000000000015
11021.000000000013
12691.000000000015
10750.500000000011
12760.000000000015
11491.500000000013
12786.000000000016
12063.750000000011
12839.000000000007
12381.250000000013
12763.000000000007
11905.000000000013
12760.000000000015
12006.500000000013
12879.000000000015
12257.500000000015
13080.000000000015
11392.75000000001
13335.000000000015
9808.00000000001
13496.000000000013
9006.750000000013
13904.000000000013
8803.75000000001
14713.000000000018
8648.50000000001
16839.00000000001
8836.00000000001
18944.000000000022
9278.50000000001
18008.00000000002
9583.50000000001
16753.000000000015
9274.500000000011
16689.00000000001
8905.750000000007
17249.00000000001
8771.75000000001
16691.00000000002
8894.000000000007
15675.000000000016
8739.000000000007
15954.000000000016
8491.50000000001
16223.000000000018
8407.000000000007
15930.000000000018
8633.000000000011
16094.000000000018
9198.000000000011
15990.000000000018
9856.75000000001
15596.000000000016
25616.500000000025
24774.000000000022
31697.000000000033
28600.000000000025
31697.000000000033
28600.000000000025
31697.000000000033
28600.000000000025
31697.000000000033
28600.000000000025
31697.000000000033
28600.000000000025
31702.000000000036
28636.000000000033
23291.000000000007
21188.000000000015
6586.000000000004
6384.0000000000055
4191.000000000001
4092.000000000002
1277.0000000000011
1268.0000000000014