12073.000000000013
7771.0000000000055
12215.250000000013
7660.000000000007
12046.500000000011
7630.000000000008
11936.250000000011
7741.000000000007
12132.000000000013
8174.000000000008
12680.750000000013
8460.000000000007
12927.250000000013
8467.00000000001
13087.500000000013
8498.000000000011
13289.500000000016
8213.000000000005
13670.000000000013
7943.000000000009
14545.250000000015
7772.000000000008
14591.500000000013
8099.000000000007
13345.500000000013
8078.000000000009
12664.500000000013
7876.000000000008
11943.750000000015
7868.000000000007
10869.00000000001
8330.00000000001
10078.250000000011
8866.00000000001
9843.250000000011
9602.000000000011
10070.00000000001
10879.00000000001
10136.50000000001
12214.000000000007
9955.750000000011
13203.000000000015
9944.500000000011
14103.000000000007
9789.50000000001
15193.000000000016
9935.000000000011
13704.00000000001
10391.750000000013
11890.00000000001
10069.250000000007
12281.000000000011
10050.750000000011
12321.000000000007
9941.250000000011
11680.000000000007
9762.75000000001
11741.000000000007
9524.250000000011
10805.000000000011
8785.50000000001
10081.00000000001
8760.00000000001
9951.000000000013
8921.25000000001
10126.000000000011
9464.00000000001
10531.000000000011
9078.500000000011
10609.000000000007
8550.00000000001
10635.00000000001
8197.00000000001
10223.000000000011
8106.750000000008
8562.00000000001
8412.00000000001
7842.000000000009
8622.00000000001
7722.000000000008
8595.75000000001
7608.000000000008
8507.750000000011
7796.000000000007
8105.500000000007
8091.000000000008
7544.500000000007
8662.00000000001
7112.000000000006
9216.000000000007
6987.250000000006
9550.000000000007
6773.500000000007
9644.00000000001
6743.500000000006
9036.000000000005
6756.250000000007
8667.000000000007
6645.2500000000055
7988.000000000009
6341.500000000006
7168.000000000008
6100.250000000006
7456.000000000006
6090.750000000007
7097.000000000008
5867.250000000006
7211.000000000006
5541.7500000000055
7583.000000000007
5632.2500000000055
8595.000000000005
5799.250000000006
9871.000000000013
6358.500000000006
11377.000000000013
6770.000000000008
13216.00000000001
7040.500000000007
14003.000000000011
7388.000000000006
14360.000000000015
8038.750000000008
14721.000000000015
7900.750000000009
16098.000000000018
7738.750000000009
15789.000000000015
7827.250000000007
14783.000000000018
7773.75000000001
14822.000000000013
7606.000000000007
15259.000000000015
7544.000000000006
15925.000000000018
7324.500000000006
17124.000000000007
6804.000000000007
17528.000000000022
5998.7500000000055
16812.00000000002
5428.5000000000055
15475.000000000018
5523.0000000000055
14218.000000000016
6151.250000000007
13214.000000000015
6527.250000000006
12155.000000000007
6657.250000000006
11496.000000000015
6498.750000000007
12230.000000000016
6185.750000000006
13661.000000000016
6030.7500000000055
14736.000000000016
5994.750000000006
14205.000000000015
6575.000000000007
13327.000000000016
7078.500000000006
12091.000000000015
7079.750000000006
10810.000000000011
7737.750000000007
9946.000000000007
8783.75000000001
9065.000000000011
9731.000000000011
9619.000000000007
10676.000000000011
11006.000000000013
11665.25000000001
11794.000000000005
12118.250000000011
12486.000000000015
11937.500000000015
13318.000000000011