14800.750000000016
14202.000000000011
14469.250000000015
15839.000000000018
14512.750000000013
16927.000000000007
14332.250000000013
16923.000000000015
14111.250000000016
16527.000000000015
13828.500000000015
16083.000000000016
13489.750000000013
16105.000000000016
13243.750000000013
16052.000000000018
13056.500000000013
16203.000000000018
12871.000000000013
16188.000000000018
12494.500000000013
16317.000000000016
12516.000000000015
16224.000000000018
12904.250000000013
15142.000000000016
13130.250000000013
14497.000000000013
13362.500000000013
15056.000000000016
13371.750000000011
15765.000000000016
13518.500000000013
15284.000000000016
13391.250000000013
15892.000000000015
12922.750000000013
15338.000000000018
12392.250000000011
13214.000000000015
11665.750000000013
12873.000000000005
11231.500000000011
14664.000000000013
11250.500000000011
14318.000000000016
11332.250000000011
13370.000000000015
11741.250000000013
13791.000000000016
12216.000000000013
13883.000000000016
12443.500000000013
14018.000000000011
12262.00000000001
14640.000000000016
11982.750000000013
15146.000000000011
11817.750000000013
15711.000000000016
11445.000000000011
15158.000000000016
11156.500000000013
13885.000000000018
11869.750000000013
13977.00000000001
12878.750000000015
13997.000000000016
13186.500000000015
13972.000000000016
12928.250000000013
14311.000000000015
12450.000000000015
14094.000000000011
12564.000000000013
13757.000000000016
12846.750000000013
13046.000000000015
12333.000000000013
12607.00000000001
11567.750000000013
12031.000000000007
11377.500000000013
11805.000000000013
11828.500000000011
12385.000000000013
12143.000000000011
12524.000000000016
12123.750000000011
11826.000000000011
11673.250000000011
11390.000000000011
11364.000000000011
11868.000000000015
11645.250000000015
12087.00000000001
11790.000000000011
12760.000000000013
11232.250000000013
13168.000000000015
11530.250000000011
13832.000000000013
11790.000000000011
12585.000000000015
11926.250000000013
10560.000000000013
11921.000000000015
9782.00000000001
11816.750000000013
9511.000000000011
11475.500000000011
10793.000000000013
11788.750000000015
10726.000000000013
11043.250000000013
10396.000000000007
10179.000000000011
11471.000000000013
8828.00000000001
12214.000000000007
7688.500000000009
12698.00000000001
7503.000000000008
12638.00000000001
7695.500000000007
12759.00000000001
7740.750000000008
13297.000000000013
7376.250000000008
13263.000000000015
7830.750000000007
13369.00000000001
9106.25000000001
13555.000000000018
10457.750000000011
13600.000000000007
10930.250000000011
13182.000000000015
11276.750000000013
13826.000000000015
11200.000000000011
14278.00000000002
11306.500000000013
14487.000000000013
11231.000000000011
14281.000000000018
11076.750000000013
16480.000000000015
11305.000000000011
20489.00000000002
11234.750000000011
21159.000000000025
11016.500000000011
20228.000000000015
10943.750000000011
19367.00000000002
10750.000000000011
19208.000000000015
10402.000000000007
19684.000000000025
10087.250000000013
19957.000000000022
9999.750000000011
20197.000000000015
10196.000000000011
20971.000000000022
10445.750000000011
21070.000000000025
10848.500000000013
20667.000000000022
11318.500000000013
20988.000000000022
11683.250000000013
21037.000000000022
12054.00000000001
21183.000000000022
12661.750000000013
21491.000000000025
13220.000000000013
22010.000000000022