2974.250000000003
4261.000000000004
3413.000000000004
4427.000000000006
4306.500000000005
4371.000000000004
5513.2500000000055
4271.000000000003
6553.7500000000055
4169.000000000004
7333.750000000007
4151.000000000004
8313.50000000001
4231.000000000004
9543.000000000011
4323.000000000005
10830.500000000013
4436.000000000004
12160.750000000013
4573.000000000004
13369.750000000013
4913.000000000005
14366.250000000016
5294.000000000006
14817.250000000018
5574.000000000007
15062.000000000018
5802.000000000004
15292.250000000013
5902.000000000004
15587.75000000002
5874.0000000000055
16171.750000000013
5765.000000000006
16708.50000000002
5480.000000000006
16496.000000000015
5373.0000000000055
15580.500000000015
5231.0000000000055
14109.250000000016
4915.000000000006
14417.250000000016
4474.000000000004
14817.500000000015
4038.000000000004
15055.250000000016
3842.000000000004
14756.000000000015
3722.000000000003
14786.500000000011
3669.000000000003
14723.500000000016
3729.0000000000036
14435.500000000016
3927.0000000000036
14784.750000000013
4040.000000000004
14846.250000000015
4005.000000000005
14590.250000000013
3893.000000000005
15210.750000000016
3709.000000000004
15477.000000000016
3560.0000000000045
15733.250000000015
3778.0000000000045
15725.250000000016
4194.000000000005
14655.500000000015
4382.000000000005
12537.750000000015
4202.000000000003
11054.250000000013
3757.0000000000045
9326.250000000007
3106.0000000000023
8008.750000000008
2813.000000000003
7348.000000000006
4772.000000000005
7573.500000000007
8351.000000000005
7376.000000000007
12083.000000000005
7882.250000000008
14916.000000000015
8333.00000000001
19075.000000000022
8731.250000000007
22829.000000000022
9727.750000000007
25081.00000000003
10340.75000000001
26464.00000000003
10343.250000000011
27993.000000000022
10208.000000000011
29289.000000000033
10032.25000000001
29838.00000000003
10290.250000000011
29780.00000000003
11076.750000000011
29562.00000000003
12183.750000000015
30443.000000000033
12846.75000000001
31183.000000000033
12206.500000000013
31250.000000000036
12023.250000000011
31230.000000000033
12014.750000000013
31139.00000000002
12174.75000000001
29735.000000000036
12594.000000000013
26391.00000000003
12754.500000000016
22806.000000000022
13022.000000000013
19877.000000000015
13220.000000000013
17109.00000000002
12765.750000000015
15562.000000000015
12573.250000000011
18133.00000000002
12050.000000000011
21184.000000000022
12117.750000000013
22514.000000000025
12629.750000000011
23051.000000000025
12599.750000000013
24226.000000000022
11386.500000000011
25278.00000000003
8998.500000000011
23226.000000000022
8250.50000000001
20101.000000000022
9431.250000000011
19272.000000000022
10364.250000000011
19131.000000000015
10398.500000000011
18029.00000000001
10307.250000000011
16076.000000000016
8825.00000000001
14374.00000000001
7701.000000000007
10979.000000000011
7205.250000000007
6532.000000000005
7146.000000000007
3970.0000000000045
7092.000000000007
3312.0000000000036
6030.2500000000055
3415.000000000003
5071.5000000000055
3592.000000000004
4940.7500000000055
3735.000000000003
4567.500000000005
3843.000000000004
3329.7500000000036
3717.000000000004
2259.5000000000023
3426.0000000000023
1981.2500000000023
3061.000000000002
1943.5000000000016
2817.0000000000027
2014.0000000000018
2801.000000000003