16647.25000000001
14796.000000000011
16108.500000000016
14363.000000000016
15542.250000000015
13845.000000000016
15551.500000000016
13417.000000000016
15853.000000000018
13310.000000000016
16056.750000000016
13398.00000000001
15647.000000000016
14001.000000000016
14713.250000000015
14927.000000000013
14016.250000000013
15395.000000000018
14092.500000000013
15465.000000000016
14699.000000000013
15130.000000000015
15345.250000000015
14512.000000000015
16244.750000000015
14056.000000000015
17352.50000000002
14521.000000000011
17599.25000000002
16208.000000000016
16989.25000000002
18040.00000000002
16077.250000000016
19479.00000000002
15448.250000000016
20595.000000000022
15207.250000000016
20861.000000000025
15189.000000000018
20427.000000000015
15166.250000000016
19776.00000000002
15248.250000000013
19001.00000000002
14978.000000000016
18617.000000000022
14013.250000000015
20105.000000000022
13315.250000000016
22479.000000000025
13705.750000000013
23773.000000000033
14272.500000000013
23939.000000000022
15246.500000000016
23354.00000000002
15708.000000000016
23288.000000000025
15874.000000000015
23468.000000000022
15732.000000000018
22955.000000000022
16188.000000000015
22385.000000000025
15058.000000000013
21754.000000000025
13535.000000000015
19241.00000000002
13522.500000000011
15410.000000000018
13676.750000000011
12564.000000000016
13542.250000000011
11844.00000000001
13747.750000000015
12012.00000000001
13247.250000000015
12973.00000000001
12802.750000000013
14047.000000000015
12574.750000000013
14167.000000000013
12435.750000000015
13402.000000000016
12126.75000000001
14129.000000000018
12554.500000000011
14258.000000000013
12851.000000000013
13185.00000000001
13024.750000000015
12703.000000000013
12641.750000000015
13563.000000000015
12416.500000000013
13865.000000000016
13414.750000000013
15184.000000000018
14549.000000000015
15514.000000000018
14544.500000000016
16389.000000000015
13460.750000000013
20303.000000000022
12940.500000000013
22265.000000000025
13789.500000000015
21461.000000000022
14749.250000000013
18928.000000000022
15527.250000000016
13523.000000000015
15564.000000000018
8662.00000000001
14728.750000000015
10645.000000000013
13788.500000000013
15423.000000000015
13817.000000000016
20105.000000000022
14122.750000000015
20854.000000000025
14499.000000000013
17315.00000000002
14312.500000000015
13149.000000000015
14819.250000000013
16998.000000000015
15085.000000000016
21119.000000000022
15037.500000000015
17983.00000000001
15527.750000000015
16378.00000000002
15338.250000000015
16355.000000000018
14609.500000000015
14857.000000000016
14107.250000000011
14402.000000000015
13408.750000000015
13972.000000000015
12745.250000000013
11908.000000000015
12899.750000000011
10729.000000000011
12515.250000000015
10640.000000000011
12522.750000000011
11528.000000000011
13558.250000000016
14196.000000000016
14082.750000000013
15711.000000000016
14369.000000000015
14980.000000000015
13664.500000000018
13492.000000000015
13193.000000000015
12338.000000000013
13180.000000000015
11531.000000000013
13290.500000000016
12395.000000000013
13669.000000000011
14932.000000000016
13832.250000000013
16166.00000000002
13908.500000000015
17330.000000000022
13524.500000000015
15817.000000000016
12482.500000000013
13724.000000000013
12263.500000000013
13040.000000000013
12878.000000000015
12573.000000000015
12830.500000000011
12964.000000000013