10280.25000000001
4611.000000000004
9680.75000000001
4662.000000000005
9307.25000000001
5294.000000000005
9262.00000000001
6062.000000000004
9309.00000000001
6702.000000000006
9399.50000000001
7749.000000000007
9765.25000000001
7955.000000000009
10619.000000000011
6200.000000000006
11138.250000000013
5157.000000000006
10744.000000000011
5934.000000000007
10022.750000000011
6782.000000000007
9719.250000000011
6431.0000000000055
9749.250000000011
5981.0000000000055
10108.750000000011
7543.000000000006
10709.750000000011
11221.000000000011
11171.000000000011
15046.000000000015
11601.250000000011
16186.000000000018
11530.750000000011
17421.000000000022
11248.250000000011
19335.00000000002
11260.250000000013
21360.000000000022
10703.750000000011
21546.000000000025
9910.50000000001
19807.00000000002
9903.00000000001
17541.00000000001
10625.500000000011
16913.00000000002
11207.500000000015
15869.000000000018
11627.500000000011
15739.000000000016
11513.25000000001
15230.000000000016
10086.00000000001
13245.00000000001
9495.25000000001
11883.000000000015
9753.00000000001
12273.000000000015
11632.500000000011
13699.000000000011
12445.500000000013
13376.000000000005
12135.250000000013
13577.000000000011
11735.000000000015
14231.000000000016
11935.500000000013
14382.000000000016
12334.250000000015
12197.000000000015
14545.750000000016
9922.000000000011
16331.250000000016
9103.000000000004
16624.75000000002
8738.00000000001
16719.00000000002
9235.000000000011
16085.75000000002
9780.000000000011
15743.25000000002
10450.000000000011
15717.750000000016
10433.000000000011
15211.000000000018
11312.000000000013
14684.750000000016
11718.000000000011
14092.500000000018
10159.00000000001
14082.500000000016
10160.000000000007
14114.00000000001
11896.000000000007
13158.500000000015
12391.000000000013
13448.250000000015
11377.000000000011
13410.750000000018
10962.000000000013
13163.250000000013
10746.000000000011
13591.250000000016
10407.00000000001
13372.000000000013
9581.000000000007
13261.250000000015
9497.000000000007
13141.750000000013
9944.000000000011
12742.250000000015
13125.00000000001
12759.25000000001
16902.00000000001
13390.000000000016
16827.000000000022
13544.250000000013
15379.00000000001
14254.000000000015
13879.000000000016
15129.500000000013
14399.000000000011
15578.500000000016
15326.000000000015
15509.250000000016
14264.000000000015
15682.750000000016
11940.000000000007
16183.250000000015
11070.000000000011
16195.000000000016
10212.000000000011
15046.500000000015
9943.000000000011
14205.750000000011
9516.00000000001
13574.500000000013
9104.00000000001
13192.250000000013
9701.000000000011
12952.000000000011
11182.000000000013
13353.000000000013
13422.000000000015
14156.250000000016
14272.000000000016
13884.250000000016
14057.000000000016
13320.000000000015
13641.000000000015
12127.000000000015
14063.000000000016
11544.250000000013
14396.000000000016
11636.000000000011
14726.000000000015
11773.000000000011
14943.000000000013
11441.250000000011
15115.000000000015
10885.750000000011
15448.000000000011
11012.25000000001
14188.000000000015
10390.250000000013
12480.000000000011
9784.25000000001
10780.00000000001
9335.50000000001
10953.000000000013
8704.000000000007
12235.000000000005
8147.750000000008
12164.00000000001
7631.250000000007
11500.000000000011
7407.750000000007
11825.000000000011