5738.750000000006
4757.0000000000055
5823.500000000006
4425.000000000004
6417.250000000006
4172.000000000003
6553.500000000007
3516.0000000000027
6710.000000000006
2625.000000000003
6376.000000000007
2389.0000000000027
5932.500000000006
2647.0000000000027
5807.7500000000055
2858.000000000003
6270.750000000006
3074.0000000000027
5772.000000000006
3474.0000000000027
5912.5000000000055
4095.000000000005
6660.500000000006
4166.000000000004
6823.750000000007
3705.0000000000045
7177.000000000007
3468.0000000000036
7495.250000000009
2772.0000000000027
8335.75000000001
2477.000000000002
8371.250000000007
2554.0000000000023
8368.500000000007
2347.0000000000014
7801.000000000008
2037.000000000002
7480.000000000008
1992.000000000002
7514.2500000000055
2253.0000000000023
8308.00000000001
3132.000000000003
8958.25000000001
3997.000000000005
9511.000000000011
4526.000000000003
10071.50000000001
5048.0000000000055
9250.250000000011
5788.0000000000055
8721.50000000001
6459.000000000006
9348.50000000001
6661.000000000005
8434.500000000007
5928.0000000000055
8273.250000000007
6214.000000000008
9885.75000000001
6286.0000000000055
11848.000000000013
5912.000000000003
12616.500000000013
6331.0000000000055
13001.750000000013
7200.00000000001
11239.000000000011
7657.000000000007
9736.75000000001
7647.000000000006
9240.25000000001
7096.000000000007
9468.500000000011
6605.0000000000055
10154.50000000001
6549.000000000008
9647.75000000001
6337.000000000006
8869.00000000001
6773.0000000000055
8166.750000000009
8073.000000000008
7788.750000000007
8866.00000000001
8166.000000000008
9880.000000000011
8263.75000000001
10370.000000000011
8372.750000000007
9582.000000000011
8597.75000000001
8517.00000000001
8090.00000000001
7325.000000000007
7092.250000000006
8027.000000000008
7783.500000000006
8969.000000000011
8224.000000000011
9650.000000000007
7737.500000000006
9262.00000000001
7778.000000000007
10110.00000000001
7934.250000000007
11024.000000000015
7996.000000000008
10392.000000000013
7457.750000000007
11647.00000000001
6848.750000000006
11152.000000000013
7203.500000000008
7976.000000000008
7346.250000000006
6775.000000000005
7971.250000000008
6842.0000000000055
7805.500000000008
6856.000000000008
9240.50000000001
6742.000000000007
10736.500000000011
6377.0000000000055
9052.75000000001
6642.000000000007
8847.000000000011
7465.000000000009
9071.75000000001
8069.00000000001
8740.75000000001
8605.000000000007
7804.000000000007
7741.000000000008
8697.000000000007
6932.000000000008
10029.000000000011
7276.0000000000055
9879.750000000011
6071.000000000007
9963.250000000011
5144.0000000000055
10633.750000000011
5270.0000000000055
10711.75000000001
6185.000000000006
12655.000000000013
7488.000000000007
15110.500000000015
8562.00000000001
17145.25000000002
10173.000000000011
16295.500000000016
12005.000000000015
15761.750000000016
12199.000000000016
15022.000000000015
11547.000000000013
15088.500000000013
10695.00000000001
13712.000000000015
10305.000000000011
12199.500000000011
8473.000000000005
11204.250000000011
6166.000000000005
11644.250000000015
6720.0000000000055
11493.500000000011
6397.000000000006
10978.750000000011
7236.000000000007
11345.000000000011
8082.000000000007
12413.500000000013
10054.000000000013
13033.000000000015
12308.000000000013