14585.500000000016
13777.000000000015
18353.75000000002
19176.000000000015
15396.250000000015
18577.00000000001
14798.250000000016
15699.000000000015
14775.250000000015
15566.000000000016
14104.750000000015
16168.000000000015
14695.750000000016
15530.000000000018
14857.250000000015
14718.000000000016
15680.250000000016
14474.000000000016
16482.75000000001
13527.000000000013
16001.000000000015
13236.000000000013
14841.500000000013
14937.00000000001
14853.250000000013
17284.000000000022
14757.000000000016
18004.000000000015
14116.250000000015
18417.00000000002
14526.750000000016
19515.00000000002
14169.750000000015
19580.00000000002
13839.750000000016
19135.000000000022
13632.000000000013
20120.000000000025
14056.500000000011
19942.000000000022
14623.500000000015
19173.000000000022
15266.250000000013
18549.000000000022
15026.500000000016
19098.000000000022
14264.750000000013
20377.000000000022
13398.750000000016
20077.000000000022
12674.750000000015
20614.000000000022
12106.750000000011
20283.00000000001
11667.250000000013
20215.000000000025
11849.25000000001
19898.00000000002
12364.750000000011
19533.00000000002
13347.250000000016
19236.000000000022
14183.50000000001
19072.000000000025
14184.250000000013
18767.000000000015
14064.750000000015
17872.00000000002
14466.750000000016
16855.00000000001
14138.500000000013
16344.000000000018
13928.250000000015
16218.000000000018
13569.500000000011
15890.000000000016
13982.250000000013
15996.000000000016
13935.000000000013
16810.000000000022
13658.000000000013
16539.000000000015
12986.250000000011
16811.00000000001
13438.000000000016
16721.000000000022
13251.000000000013
15861.000000000016
12442.750000000015
15761.000000000018
12321.750000000011
15680.000000000016
12563.000000000013
15942.000000000013
13024.000000000013
16072.000000000015
12570.750000000015
16467.000000000015
12218.500000000013
16895.00000000002
11938.500000000015
17067.00000000002
12040.000000000013
17078.000000000022
11761.250000000013
16940.00000000002
11926.000000000011
16768.000000000015
11887.000000000011
15578.000000000018
12035.750000000015
15253.000000000015
12346.750000000013
15952.000000000016
12392.000000000013
15606.000000000018
12572.250000000015
15296.000000000016
12688.75000000001
15210.000000000018
12924.250000000015
14763.000000000005
14519.750000000015
14370.000000000015
14864.000000000016
14371.000000000016
14748.250000000013
14169.000000000015
14946.250000000013
14042.000000000016
15684.50000000002
13754.000000000016
15875.750000000018
13408.000000000015
15232.250000000015
12630.000000000015
14522.750000000018
12901.000000000013
14323.000000000015
12478.000000000015
14891.500000000016
12153.000000000016
15077.750000000015
12857.000000000013
14644.250000000015
14564.000000000015
12639.000000000013
16860.000000000015
13857.750000000013
16423.000000000022
14076.000000000011
17349.000000000015
15105.750000000018
19930.00000000002
16124.500000000016
17395.000000000015
17853.00000000002
15862.00000000002
19511.500000000015
15531.000000000018
20400.750000000022
14605.000000000016
20695.000000000022
13951.000000000016
20412.00000000002
14475.000000000011
20238.000000000022
15105.000000000018
19580.500000000022
15972.000000000018
19124.50000000002
15965.000000000018
19516.250000000022
17295.00000000001
20272.750000000022
17907.00000000001
20376.250000000022
18404.000000000022
12880.000000000013
12102.00000000001