9534.75000000001
7851.000000000008
9591.50000000001
7943.000000000009
9647.75000000001
8035.000000000009
10050.25000000001
8167.000000000008
10044.75000000001
8308.000000000007
9836.000000000011
8434.000000000005
10178.25000000001
8566.000000000011
10216.750000000011
8749.000000000011
9779.000000000011
8931.000000000005
9350.000000000011
9099.000000000011
9213.50000000001
9138.000000000011
9465.00000000001
9189.000000000005
9866.500000000011
9253.000000000007
10085.50000000001
9383.000000000007
9654.50000000001
9555.000000000005
9287.750000000007
9693.000000000011
9388.75000000001
9772.000000000011
9561.750000000011
9988.00000000001
9967.000000000011
10432.000000000011
10364.500000000011
10778.000000000013
10329.50000000001
10779.000000000013
10241.75000000001
11006.000000000011
9949.00000000001
11620.000000000007
9928.25000000001
12321.000000000007
9921.750000000011
12669.000000000013
9743.50000000001
12672.000000000007
9045.00000000001
12276.000000000007
9320.75000000001
11654.000000000005
9544.00000000001
10935.000000000011
9331.50000000001
10284.000000000013
8648.750000000007
9519.000000000011
8798.00000000001
8204.00000000001
8749.50000000001
7219.000000000008
9153.250000000007
7095.000000000005
8888.000000000007
7475.000000000008
7949.500000000009
7945.000000000007
7366.250000000007
8437.000000000011
7227.000000000006
8892.000000000005
7401.250000000007
9079.000000000007
7660.250000000008
8947.000000000011
7060.750000000007
8905.000000000004
6738.750000000007
8681.000000000007
7405.500000000007
8165.000000000008
8777.25000000001
7600.000000000009
8397.75000000001
7394.000000000006
7383.000000000007
7457.000000000007
7503.250000000009
8041.000000000009
7320.750000000007
9414.000000000007
8577.250000000007
10519.000000000011
9246.250000000011
11948.000000000011
9523.50000000001
11439.000000000011
9009.25000000001
9968.000000000011
8282.750000000011
9955.000000000013
7218.500000000006
10318.000000000011
6764.000000000007
10151.000000000011
7185.000000000007
9825.000000000007
7592.500000000008
9312.000000000011
7206.500000000007
8537.000000000007
6990.500000000006
8020.000000000009
7721.500000000006
7347.000000000007
7293.750000000007
6986.000000000007
6179.2500000000055
7308.000000000007
5405.5000000000055
7627.000000000007
5491.5000000000055
7577.000000000009
5687.7500000000055
7158.000000000006
6149.2500000000055
6052.000000000005
6576.750000000006
5351.0000000000055
6924.500000000007
5770.0000000000055
7322.000000000007
6206.000000000004
8014.50000000001
8091.000000000008
8330.250000000007
10648.000000000013
8186.750000000007
10662.000000000011
7916.000000000007
7936.000000000008
8285.500000000007
7018.000000000006
9533.75000000001
10473.000000000011
9370.50000000001
11791.000000000013
8863.500000000007
8923.000000000011
9586.75000000001
7088.000000000009
10544.500000000011
7148.000000000009
10976.250000000011
6427.000000000008
11023.250000000011
4875.000000000005
10704.000000000011
7213.000000000006
10813.000000000011
8574.000000000011
11059.500000000013
9273.000000000005
11244.50000000001
9910.000000000011
11305.750000000011
10271.000000000005
11411.500000000011
10434.000000000007
11474.000000000011
10608.000000000011
11311.50000000001
10605.00000000001
10993.500000000011
10524.000000000011