8759.75000000001
20237.00000000001
8879.750000000011
19554.000000000022
9200.250000000007
19375.000000000015
9662.500000000011
19085.000000000015
9552.00000000001
18611.000000000022
8941.75000000001
18019.000000000015
8067.250000000009
17635.000000000022
7485.250000000008
17529.00000000002
7373.500000000008
17252.00000000001
7601.750000000009
17490.00000000002
8148.250000000007
17899.000000000015
8703.25000000001
18254.00000000002
9567.250000000007
17711.000000000022
10496.750000000011
16820.00000000002
11103.750000000011
15866.000000000015
11301.000000000011
14500.000000000016
11553.750000000013
13096.000000000013
11715.000000000011
12270.00000000001
12055.000000000013
12577.00000000001
12579.250000000013
12593.000000000015
12513.250000000015
11874.00000000001
12832.250000000011
10907.00000000001
12237.750000000013
10301.000000000005
11908.250000000013
10455.000000000011
12158.250000000011
10264.000000000013
12461.500000000013
9344.000000000007
12701.500000000015
8440.00000000001
12656.750000000015
8791.00000000001
11262.250000000011
9398.000000000007
11266.250000000011
9288.000000000011
10858.750000000011
9234.00000000001
10403.750000000011
10256.000000000013
10952.000000000011
9994.000000000011
10810.500000000013
8956.000000000007
9896.750000000011
10495.000000000007
9989.000000000011
12661.000000000015
10196.500000000011
13973.000000000011
10023.50000000001
14313.00000000001
11255.750000000011
14875.000000000015
11654.00000000001
16102.000000000016
12163.00000000001
17059.000000000015
12259.500000000015
15851.000000000018
11888.500000000011
17827.00000000002
12122.750000000011
23139.000000000025
11242.500000000013
25032.00000000002
10394.75000000001
25002.00000000003
11369.500000000013
23386.00000000002
12595.750000000011
23501.000000000015
12345.750000000013
24908.00000000002
11850.250000000013
24876.00000000002
11623.000000000011
23670.000000000025
11299.500000000011
21786.00000000002
11365.000000000011
21530.000000000022
11878.000000000011
22208.000000000025
13636.000000000015
22764.000000000025
13734.250000000013
23284.000000000022
14593.500000000018
22504.000000000022
15224.250000000015
22618.000000000025
14386.500000000016
19521.000000000025
11957.50000000001
17285.000000000022
10186.50000000001
17060.000000000015
11254.25000000001
15996.000000000016
12338.250000000007
13822.000000000016
13800.250000000013
11507.000000000011
14612.750000000018
10579.000000000007
14959.000000000013
10980.000000000011
16358.250000000018
11555.000000000013
16319.750000000015
11466.000000000015
16834.750000000015
12620.000000000015
17427.500000000015
14028.000000000018
18179.50000000002
15537.000000000016
18250.500000000015
16586.000000000015
18332.50000000002
16351.000000000016
17519.00000000002
16233.000000000015
18602.250000000015
15914.000000000015
19594.00000000002
15382.000000000016
20650.500000000022
14967.000000000015
20740.000000000022
14398.00000000002
21587.000000000025
13681.000000000016
22296.250000000022
13339.000000000015
22094.250000000025
13827.000000000015
21913.250000000022
14280.000000000015
21118.00000000002
15091.000000000015
19843.000000000022
15198.000000000015
19408.250000000025
16184.000000000018
19400.000000000022
17997.00000000001
19066.500000000025
18079.000000000015
18046.500000000022
17786.000000000022
17817.500000000022
16943.00000000002
17460.00000000002
15802.000000000015