3727.500000000003
825.0000000000011
3276.7500000000036
892.0000000000008
2821.500000000003
947.0000000000009
2473.7500000000023
989.0000000000008
2212.500000000002
999.0000000000013
2085.7500000000023
992.000000000001
2138.750000000002
978.000000000001
2689.5000000000027
904.0000000000009
3635.2500000000036
909.000000000001
3787.7500000000036
846.0000000000006
3928.500000000005
815.0000000000008
4267.500000000003
793.0000000000005
4699.750000000005
731.0000000000005
4861.2500000000055
723.0000000000007
6415.2500000000055
810.0000000000005
7997.250000000007
1031.000000000001
8467.50000000001
1222.0000000000014
8676.25000000001
1472.0000000000016
8294.500000000007
1818.000000000002
9380.500000000007
2137.0000000000023
9084.25000000001
2326.0000000000027
7718.250000000008
2346.000000000003
7761.000000000006
2237.000000000002
9408.25000000001
2283.000000000002
9727.500000000011
3532.0000000000045
9988.75000000001
4432.000000000004
10943.750000000013
4511.0000000000055
11012.25000000001
5344.0000000000055
10827.750000000011
4770.000000000003
9372.25000000001
4455.000000000004
9417.500000000011
3621.0000000000045
9558.750000000011
2946.0000000000023
9918.50000000001
2170.0000000000027
9592.50000000001
1963.000000000002
9959.75000000001
2205.000000000002
10515.500000000011
2915.0000000000023
10669.250000000011
3653.0000000000036
10274.250000000011
4243.000000000005
9894.25000000001
4463.000000000004
9328.00000000001
4641.0000000000055
9050.00000000001
4653.000000000004
8596.500000000007
4768.000000000005
9495.000000000011
4754.000000000005
9692.25000000001
4710.0000000000055
9713.750000000007
5346.0000000000055
9078.50000000001
6628.0000000000055
8454.000000000007
7664.000000000008
8891.50000000001
8897.00000000001
9256.00000000001
10642.000000000011
10594.250000000011
10084.000000000007
10877.250000000011
9321.00000000001
10369.500000000011
10628.00000000001
9424.750000000011
13955.000000000015
8383.25000000001
13079.00000000001
8600.25000000001
14438.000000000016
9435.00000000001
19201.00000000001
9990.000000000011
20552.000000000022
10769.000000000011
20162.000000000022
12246.750000000011
21549.000000000022
14735.750000000013
22613.00000000002
16803.50000000002
23469.000000000015
16964.750000000015
23105.000000000022
17130.250000000015
19793.00000000002
17559.25000000002
18101.00000000002
17105.75000000002
16712.000000000022
16714.00000000002
18544.00000000002
17179.75000000002
19052.000000000022
17399.250000000015
23866.000000000022
15925.000000000018
23163.000000000022
14817.500000000011
21276.000000000022
14745.000000000013
25292.00000000003
14685.250000000016
26054.00000000003
14710.750000000013
25487.00000000003
14850.250000000015
25400.000000000025
14585.750000000013
24717.000000000033
14105.750000000015
24822.00000000003
14748.500000000015
26188.000000000036
15782.500000000015
26688.000000000025
16124.500000000016
26427.000000000025
16464.000000000015
25668.00000000002
17794.75000000002
22505.000000000025
19218.50000000002
19187.00000000001
19811.25000000002
19102.000000000015
19865.50000000002
20539.00000000002
20644.750000000022
21008.000000000022
22246.750000000022
21740.000000000025
23993.250000000025
22172.000000000022
24919.500000000022
21019.000000000022
25023.000000000025
19180.000000000022
24580.25000000003
20631.00000000002