31446.25000000003
30200.000000000022
31166.000000000033
29654.00000000003
29912.250000000033
28636.000000000033
28895.750000000033
27161.000000000025
28696.250000000033
26754.000000000033
29278.500000000033
26898.000000000015
24271.00000000003
23744.000000000022
26629.750000000025
25957.00000000002
27583.25000000003
26440.000000000033
27776.250000000033
26785.00000000003
28067.750000000025
27088.00000000003
28273.00000000003
27338.000000000022
29856.25000000003
29345.00000000003
31463.250000000036
31205.000000000033
31557.00000000004
31559.000000000033
31225.750000000036
26116.000000000022
28706.250000000036
18027.00000000001
26774.000000000033
14157.000000000015
25320.750000000022
13626.000000000018
24538.000000000025
15185.000000000016
23201.250000000025
14312.000000000018
22082.250000000022
15562.000000000018
21220.250000000025
13855.000000000018
21366.50000000002
11696.000000000016
21860.250000000022
11802.000000000007
22049.250000000025
13977.000000000018
21608.500000000022
14410.000000000013
19754.00000000002
15219.000000000015
17109.00000000002
19519.00000000002
17080.250000000015
23365.000000000025
17538.500000000015
21247.000000000022
16911.75000000002
23601.00000000001
17968.500000000015
24474.000000000022
17200.50000000002
22541.000000000025
15408.250000000016
22811.000000000022
15184.000000000013
20503.000000000015
14539.500000000016
19852.000000000022
13471.500000000013
21769.000000000025
13415.750000000013
21117.000000000022
13250.750000000015
19530.000000000025
12630.000000000015
19375.000000000015
12986.250000000011
19053.000000000022
13071.000000000015
19132.000000000015
12714.000000000013
19544.000000000022
12530.000000000013
20117.000000000022
12222.500000000011
19823.00000000002
12204.250000000013
20897.000000000022
12041.250000000011
20905.00000000002
12246.250000000013
21549.000000000025
12640.500000000011
23610.000000000025
13046.000000000013
28282.000000000022
13755.500000000015
27603.00000000002
13778.000000000013
26330.000000000022
13219.000000000013
25369.000000000022
13419.250000000013
24954.000000000033
14216.000000000015
24918.000000000015
14060.250000000013
25016.00000000003
13980.750000000011
24889.000000000025
13992.500000000016
24351.000000000015
13800.750000000016
23658.00000000002
13515.750000000015
23878.000000000015
13553.250000000013
24267.000000000025
13849.500000000013
24796.000000000015
14027.000000000016
24365.000000000022
14219.000000000013
23648.000000000022
14491.750000000015
23655.000000000015
15380.500000000016
24437.00000000002
15668.000000000018
24855.000000000022
16238.750000000016
25092.00000000002
16875.50000000002
25151.000000000025
17403.00000000002
26511.00000000003
17763.250000000022
26962.000000000025
17728.00000000002
27218.00000000003
18418.00000000002
27959.000000000033
19769.50000000002
28970.000000000033
20323.750000000022
29208.00000000003
20759.25000000002
29852.000000000033
20672.75000000002
30686.000000000033
21762.500000000022
31072.000000000036
20922.000000000022
31042.000000000033
21871.000000000025
31037.000000000033
23927.750000000025
31075.000000000036
24594.500000000025
31164.000000000036
25174.000000000022
31286.000000000033
28957.000000000033
31235.000000000033
30893.500000000033
31276.000000000036
30969.500000000033
31339.000000000033
31068.250000000033
31342.000000000033
31148.750000000036
31449.000000000033
31210.750000000036
31435.000000000033