12360.750000000015
10533.000000000007
12225.750000000013
11538.000000000013
12309.750000000011
12073.00000000001
12337.000000000013
12212.000000000015
12453.000000000013
12270.00000000001
12269.500000000013
12452.000000000015
12273.750000000011
12419.000000000011
12336.50000000001
12506.000000000013
12163.000000000013
12343.000000000011
12301.000000000013
12042.00000000001
12131.000000000011
11680.000000000007
11849.000000000013
11364.000000000013
11451.500000000011
11106.000000000013
11268.00000000001
11099.000000000011
11221.000000000011
11424.000000000015
11356.750000000011
11936.00000000001
11702.500000000011
12284.000000000015
11897.50000000001
12280.000000000015
11056.250000000011
12260.000000000007
10611.00000000001
12097.000000000015
11298.000000000011
12091.000000000013
11692.250000000011
11932.000000000011
11929.50000000001
11872.000000000011
12656.750000000015
11873.000000000016
12155.250000000011
11839.000000000011
11985.25000000001
11780.000000000011
12405.250000000015
11725.000000000015
12633.500000000013
12023.000000000011
11872.75000000001
12463.000000000015
11214.750000000011
12844.000000000015
10930.750000000013
13865.000000000015
11324.500000000011
14719.000000000011
11166.250000000011
14868.000000000016
10365.750000000011
14060.000000000013
10415.000000000011
13856.00000000001
10479.500000000013
13397.000000000015
10638.25000000001
12854.000000000007
11008.500000000011
12189.000000000011
11093.250000000011
12242.00000000001
11133.750000000011
12432.000000000015
10947.00000000001
11384.000000000011
10344.250000000011
11298.000000000015
10266.500000000011
12444.000000000007
10873.500000000011
12259.000000000015
11067.750000000011
11192.00000000001
10820.750000000011
11386.000000000013
11014.250000000011
12450.000000000011
11296.25000000001
13866.000000000011
11472.250000000011
13994.000000000015
11524.250000000011
12724.000000000011
11460.000000000013
12575.00000000001
11892.750000000013
12838.000000000007
11202.500000000013
12959.000000000015
9929.500000000011
12991.000000000016
10692.50000000001
13012.000000000011
10718.00000000001
13226.000000000011
11109.250000000011
13233.000000000015
10798.50000000001
13382.000000000015
9496.75000000001
13576.000000000011
9813.75000000001
13573.000000000013
9150.00000000001
13346.000000000015
8501.75000000001
13846.000000000013
7579.000000000007
14367.000000000016
7038.000000000008
13991.000000000015
7053.250000000007
13991.000000000015
7139.500000000008
13900.000000000015
7680.000000000008
13378.000000000011
8241.75000000001
11957.000000000013
8239.500000000007
10519.000000000011
8208.250000000007
10040.00000000001
8136.500000000007
9018.000000000007
8265.25000000001
8282.000000000005
9380.000000000011
9422.000000000011
9808.000000000007
10458.000000000011
10070.000000000011
11777.000000000005
10270.00000000001
13009.000000000013
9522.00000000001
13417.000000000016
9098.00000000001
13512.000000000013
9149.750000000007
13280.000000000016
10094.750000000011
13257.000000000011
10937.00000000001
13171.00000000001
11818.500000000011
13136.000000000011
12272.750000000011
13115.000000000013
12458.25000000001
13043.000000000011
13146.750000000015
12918.000000000013
12965.500000000011
13183.000000000013
12479.250000000011
13554.000000000016
12091.000000000013
13603.000000000013
11905.250000000015
13204.000000000007
12118.00000000001
12573.000000000015