10728.75000000001
9040.000000000007
10513.50000000001
9022.000000000011
10379.000000000011
8953.000000000005
10474.00000000001
9271.00000000001
10367.25000000001
8686.00000000001
10413.750000000011
8381.000000000005
10409.75000000001
8621.000000000007
10512.250000000011
8977.000000000011
10267.750000000011
8819.000000000007
10258.250000000011
8817.00000000001
10305.750000000011
9158.00000000001
10279.500000000011
9055.000000000007
10205.50000000001
9019.00000000001
10273.250000000011
9125.000000000011
10404.000000000011
9134.00000000001
10584.000000000011
9091.000000000011
10388.50000000001
9388.000000000013
10119.500000000011
9258.000000000011
10031.500000000011
9311.000000000005
10103.750000000011
9391.000000000007
9889.750000000007
9187.00000000001
9683.00000000001
9341.000000000005
9568.75000000001
9198.000000000011
9228.500000000011
9275.00000000001
9238.50000000001
9473.000000000011
9525.000000000011
10138.000000000013
9973.25000000001
10266.000000000007
10495.500000000013
8839.000000000005
10760.250000000011
9092.000000000011
10388.50000000001
9246.000000000007
10299.000000000011
8696.000000000011
9988.750000000011
9657.000000000007
9663.00000000001
10414.00000000001
9064.25000000001
10481.000000000013
8935.00000000001
10272.000000000011
9031.000000000011
10639.000000000011
9264.25000000001
11508.000000000011
10209.250000000011
12505.000000000013
9161.75000000001
13332.000000000011
8367.25000000001
12788.00000000001
8359.50000000001
12502.000000000013
8025.250000000008
11775.000000000013
7819.500000000007
10163.00000000001
7850.000000000009
10476.000000000011
8046.750000000006
10783.000000000011
8409.00000000001
11264.000000000013
9048.000000000007
11353.000000000011
9979.50000000001
10817.00000000001
9798.000000000011
10712.00000000001
9379.500000000011
10566.000000000011
9834.500000000011
9638.00000000001
10104.00000000001
9699.000000000011
11069.750000000011
9813.00000000001
11206.750000000013
9833.000000000011
10560.250000000013
9241.00000000001
10288.75000000001
8480.00000000001
9411.25000000001
8891.00000000001
9007.500000000011
9252.000000000011
9511.75000000001
9646.000000000011
10009.250000000011
9424.00000000001
9817.000000000011
9356.00000000001
10463.50000000001
9451.000000000007
10604.500000000011
9330.000000000007
11064.500000000011
8955.000000000011
11267.250000000013
8785.00000000001
10727.750000000011
8834.000000000007
8941.25000000001
9021.000000000005
8273.750000000007
8733.000000000005
8036.750000000007
8757.000000000011
8010.000000000009
8826.000000000007
8059.750000000009
8682.000000000007
7571.750000000006
8815.00000000001
7458.250000000009
8832.000000000005
7532.250000000009
8579.000000000005
7585.500000000006
8543.000000000011
6575.500000000007
8559.000000000007
6837.500000000006
8593.00000000001
7211.750000000008
7981.000000000008
7342.750000000006
7807.000000000007
6458.500000000006
7547.000000000009
6175.7500000000055
7003.000000000007
4782.0000000000055
5877.000000000005
3037.750000000003
5572.0000000000055
2142.5000000000023
5625.000000000006
2048.500000000002
5790.000000000006
1818.0000000000016
6181.000000000005
1729.500000000002
6783.000000000005
1549.0000000000011
7652.000000000007
1410.5000000000014
8248.000000000007
1281.5000000000014
8686.000000000005