8594.000000000005
11578.000000000013
9183.25000000001
11681.000000000007
10028.25000000001
12029.000000000011
10906.75000000001
11557.000000000015
11800.750000000013
10655.000000000007
12134.750000000013
10383.000000000013
11139.500000000011
10887.000000000011
10337.250000000011
11816.000000000015
10624.250000000011
12168.000000000007
11957.250000000013
11772.000000000007
13165.250000000013
12738.000000000005
12881.00000000001
13571.000000000007
13193.000000000015
13180.000000000011
13297.250000000015
11741.000000000007
13312.250000000015
11142.00000000001
13888.000000000013
11721.00000000001
13774.250000000013
12262.000000000013
13966.250000000015
11653.000000000013
14917.750000000018
11845.00000000001
15794.000000000016
12571.000000000011
16291.000000000015
13342.000000000016
15362.000000000015
14384.000000000011
14925.500000000016
14037.000000000015
15770.250000000016
12725.000000000013
16310.50000000002
12271.000000000018
16613.50000000002
12934.000000000015
16325.000000000018
13206.000000000013
15874.500000000015
13190.000000000016
15638.750000000013
13407.000000000005
15587.000000000016
13992.000000000018
15950.500000000013
14713.000000000018
16707.250000000015
15745.000000000015
16219.750000000016
14628.000000000011
16014.750000000015
12449.000000000011
14989.250000000013
11871.000000000011
13742.750000000015
12576.00000000001
13203.750000000013
12883.000000000013
13404.000000000013
11881.000000000007
14110.250000000015
11502.00000000001
14971.500000000015
11953.000000000015
14728.500000000013
12646.000000000015
14027.500000000015
12874.000000000015
13946.000000000013
12959.000000000015
14148.250000000015
13739.000000000013
13889.250000000013
14748.000000000016
13346.000000000015
15055.000000000015
13866.250000000013
14044.000000000013
14639.250000000013
12849.00000000001
14364.000000000016
12245.000000000016
14147.000000000013
12715.000000000015
13711.500000000013
12319.000000000015
13463.750000000015
12686.000000000007
13817.250000000013
13491.000000000013
13658.000000000013
12309.000000000013
14324.250000000015
11214.000000000013
14119.750000000011
11754.00000000001
13794.000000000015
13397.000000000018
13847.250000000013
14339.000000000011
13888.000000000013
15601.000000000015
14478.750000000016
17458.000000000007
14481.750000000016
18802.00000000002
13916.750000000013
19016.00000000002
13895.750000000015
18157.000000000015
14479.750000000016
16931.00000000001
14626.000000000015
17034.00000000002
14261.500000000013
17806.000000000015
13162.000000000013
17350.000000000015
12961.000000000011
15234.000000000016
12933.000000000016
14508.000000000016
13266.500000000015
14924.000000000015
14951.000000000015
13856.00000000001
16037.250000000018
14386.000000000013
17127.50000000002
13719.00000000001
17721.25000000002
13210.000000000011
16798.000000000015
13757.000000000016
14274.250000000013
13692.000000000007
12733.750000000011
12385.000000000013
12355.500000000013
11971.000000000007
12782.000000000015
10910.000000000011
12959.250000000013
11819.000000000007
13103.000000000011
11949.000000000015
12910.500000000016
11433.000000000011
13484.750000000013
11631.00000000001
13903.750000000013
12096.000000000013
13906.250000000013
11958.000000000013
14253.250000000013
11259.00000000001
14865.000000000016
11855.000000000011
14871.500000000016
10906.00000000001
13746.500000000013
10435.000000000011
12503.750000000011
11313.000000000011