3411.750000000004
10190.000000000007
3428.2500000000036
9990.000000000011
3505.500000000003
9883.000000000011
3586.0000000000036
9753.000000000011
3802.7500000000036
9619.000000000007
4047.5000000000045
9162.000000000007
4336.750000000005
8957.000000000007
4503.500000000005
8483.000000000007
4634.000000000005
8425.00000000001
4639.000000000005
7797.000000000007
4665.750000000006
7611.0000000000055
4702.000000000005
7237.000000000007
4476.250000000005
5439.000000000006
4312.500000000005
3375.0000000000027
4210.5000000000055
2649.0000000000027
4079.0000000000045
2434.0000000000023
3946.750000000004
2219.0000000000014
3893.0000000000036
5000.000000000004
3937.500000000003
7535.0000000000055
4217.500000000005
6224.0000000000055
4209.000000000005
6892.000000000004
4597.500000000005
7228.000000000006
5321.000000000005
6715.000000000007
5576.0000000000055
6597.000000000008
5755.2500000000055
6247.000000000003
6223.000000000006
6895.0000000000055
6195.750000000006
8765.000000000007
5953.000000000006
9011.000000000011
5804.250000000006
9623.000000000011
6183.500000000006
11102.000000000013
6591.500000000006
12064.000000000013
9093.500000000011
11940.000000000007
10440.00000000001
11802.000000000007
10707.25000000001
11208.000000000011
11055.000000000011
9658.00000000001
10838.00000000001
8469.000000000007
10406.250000000011
7648.00000000001
10388.000000000013
7392.000000000009
10624.750000000011
6962.000000000009
10472.250000000011
5975.000000000005
10541.250000000011
5852.0000000000055
11452.750000000011
6580.000000000004
11512.500000000011
6441.000000000007
11763.500000000013
5852.0000000000055
12427.25000000001
5459.0000000000055
12233.000000000013
5377.000000000004
11824.500000000011
4909.0000000000055
11446.500000000013
4655.000000000005
11125.500000000011
4673.000000000006
10771.50000000001
4703.000000000004
10616.000000000013
4488.0000000000055
10157.000000000007
4821.000000000004
10153.750000000007
5641.000000000006
10935.500000000011
6415.0000000000055
10913.500000000011
6723.000000000007
10656.250000000011
6927.000000000007
10836.000000000011
7299.0000000000055
10272.000000000011
7341.000000000006
9579.250000000011
7012.000000000009
9748.50000000001
6297.000000000007
9618.000000000011
5565.0000000000055
9657.250000000011
5097.000000000006
9662.000000000011
8266.00000000001
9021.75000000001
10164.000000000013
8867.50000000001
8183.000000000008
9687.75000000001
7381.000000000007
9754.500000000011
7490.000000000007
9350.750000000011
7302.000000000006
9461.00000000001
7188.000000000008
10059.25000000001
7797.000000000007
9840.750000000011
7741.00000000001
10086.50000000001
8401.000000000007
10580.25000000001
9149.00000000001
10010.750000000011
10108.000000000011
9401.500000000011
11304.000000000013
9284.00000000001
12648.000000000011
9034.250000000011
11896.000000000007
9015.00000000001
10390.000000000013
8313.00000000001
8806.00000000001
6782.000000000006
5696.0000000000055
5035.500000000005
4215.000000000004
3978.750000000004
3325.0000000000036
3785.250000000003
3818.0000000000023
3678.000000000003
3690.000000000004
3188.0000000000036
3943.000000000004
2777.2500000000027
4370.0000000000055
2736.5000000000023
4692.0000000000055
2892.250000000003
5099.000000000004
3221.750000000003
5502.000000000005
3479.000000000003
5492.000000000006