12568.750000000011
6398.000000000006
11906.250000000011
6481.000000000006
11373.500000000011
5998.000000000005
10994.75000000001
5026.0000000000055
11689.750000000013
4772.0000000000055
11201.500000000011
5409.000000000005
10304.250000000011
4774.0000000000055
10539.750000000011
3927.000000000005
11587.250000000013
5693.0000000000055
14418.250000000011
9963.00000000001
14314.500000000015
11015.000000000013
12321.500000000013
8610.000000000005
12275.500000000011
6549.000000000008
13804.000000000015
7410.000000000008
13605.500000000013
6889.000000000006
12379.500000000015
6020.000000000007
13507.250000000013
6049.0000000000055
13659.750000000016
7237.000000000008
12278.250000000013
10544.00000000001
11513.750000000015
12256.00000000001
11638.250000000011
9499.000000000011
12305.500000000011
9256.00000000001
11701.500000000011
8626.000000000005
11840.500000000011
8417.000000000011
12347.250000000015
7377.000000000009
12476.250000000013
8469.000000000007
11821.500000000013
10450.00000000001
13230.250000000011
11238.000000000011
13838.750000000013
12100.000000000011
12863.250000000015
8246.000000000011
10972.250000000011
7934.000000000007
9491.00000000001
9812.00000000001
9585.000000000011
8855.000000000005
9818.750000000011
8677.00000000001
9418.00000000001
8776.00000000001
9347.750000000007
8385.000000000007
9551.250000000011
9058.00000000001
9731.25000000001
11090.00000000001
9657.50000000001
12489.000000000007
9630.500000000011
10444.000000000013
9920.25000000001
10883.000000000011
10129.750000000011
11529.000000000011
10661.000000000011
11701.000000000005
11017.500000000013
10327.000000000007
11335.00000000001
9550.000000000007
11534.75000000001
10007.000000000007
11791.250000000016
8993.000000000011
11812.250000000011
6612.000000000008
11227.250000000013
5645.0000000000055
12736.250000000013
6226.000000000007
11513.000000000013
6984.000000000006
10469.750000000013
5654.000000000006
10682.750000000013
5402.000000000006
10865.75000000001
5242.000000000003
11084.250000000011
5222.0000000000055
11500.500000000013
5022.0000000000055
11646.750000000013
8167.000000000008
11360.000000000013
9870.000000000007
10917.500000000011
10581.000000000011
11045.750000000011
10712.000000000013
11171.75000000001
9531.00000000001
10758.250000000011
11546.000000000011
11504.250000000013
11746.000000000015
12787.750000000013
10890.000000000011
12781.500000000015
10014.000000000011
13853.500000000013
12014.000000000013
13078.000000000013
12001.000000000007
12915.000000000013
11663.00000000001
13017.000000000015
13426.000000000013
12385.250000000013
14440.000000000016
11978.000000000011
9479.000000000005
12122.25000000001
7207.0000000000055
12868.500000000015
7069.000000000008
12377.750000000011
9472.00000000001
12576.250000000015
9299.000000000007
12301.000000000013
9787.000000000007
10508.000000000011
10169.000000000011
8801.00000000001
8294.000000000007
7950.500000000008
9314.000000000007
7147.750000000006
9771.000000000007
7414.750000000008
9602.000000000011
7405.0000000000055
11526.000000000011
7865.500000000007
12155.000000000007
8781.25000000001
12160.000000000011
9825.250000000011
10981.000000000011
10222.75000000001
11971.000000000007
10004.750000000011
12244.000000000007
10293.50000000001
11458.000000000013
10528.50000000001
9521.00000000001
11519.750000000013
10788.00000000001