17687.250000000015
14890.000000000015
17551.00000000002
14831.000000000013
17441.00000000002
14739.00000000001
17318.25000000002
14667.000000000016
17158.500000000015
14631.000000000015
17035.00000000002
14606.000000000007
16983.000000000015
14602.000000000018
16840.25000000002
14519.000000000016
16685.00000000002
14454.000000000016
16600.25000000002
14363.000000000016
16623.500000000015
14364.000000000013
16705.50000000002
14404.000000000018
16735.25000000002
14589.000000000013
16789.00000000002
14790.000000000013
16813.75000000002
15205.000000000015
16825.25000000002
15741.000000000015
16833.000000000015
16317.000000000016
16884.00000000002
16766.000000000022
16992.25000000002
16947.00000000001
17155.000000000015
16775.00000000002
17362.50000000002
16696.000000000015
17494.25000000002
16950.000000000022
17602.75000000002
17207.00000000001
17710.250000000015
17380.000000000015
17687.75000000002
17509.00000000001
17675.00000000002
18815.00000000002
17693.750000000015
18647.000000000022
17486.000000000015
17597.00000000002
17274.25000000002
18185.000000000015
16729.00000000002
18670.000000000022
15346.500000000016
18671.000000000022
14312.000000000013
18677.00000000002
13708.500000000013
18634.00000000002
13414.250000000015
18529.00000000002
14188.750000000015
18457.000000000022
15099.750000000015
18460.000000000015
15616.750000000015
18440.00000000001
14823.500000000015
18436.00000000002
14130.500000000015
18351.000000000022
13892.500000000015
18189.000000000022
13678.250000000013
18008.00000000002
14067.000000000013
17940.00000000002
15032.750000000016
17975.000000000015
15105.500000000016
17887.00000000002
14785.500000000015
16871.00000000001
14547.500000000015
15970.000000000016
14229.250000000016
16964.00000000002
15092.250000000015
18310.000000000007
15144.250000000013
19014.00000000002
14889.250000000015
19044.00000000002
14751.750000000015
18205.000000000022
15240.750000000016
18329.00000000002
15806.250000000016
19045.00000000002
15833.750000000015
19063.000000000025
16022.250000000015
18622.00000000001
15860.000000000016
19497.000000000015
15924.000000000015
18863.00000000002
15816.750000000018
17680.000000000022
16142.500000000015
18713.000000000022
16436.250000000015
18674.000000000015
17224.50000000002
18445.000000000015
17645.750000000015
19655.00000000002
17960.25000000002
19337.00000000001
17653.750000000022
19563.00000000002
16795.25000000002
19530.000000000025
16604.25000000002
19263.00000000001
16094.500000000016
19169.00000000002
15458.750000000016
19286.000000000022
15115.000000000015
19029.000000000022
15101.750000000013
19310.000000000022
14981.500000000016
19647.000000000022
16166.250000000016
19292.00000000001
16889.250000000015
19189.000000000022
17785.50000000002
19286.000000000022
18589.750000000022
18934.000000000015
17275.00000000002
18667.00000000001
15703.500000000016
18737.00000000002
15358.500000000016
18636.00000000002
15679.500000000016
18689.000000000015
15917.500000000015
18468.00000000002
15847.250000000015
18262.000000000015
15708.250000000016
18390.00000000002
15759.750000000016
18362.00000000001
15757.000000000016
18219.000000000022
15762.750000000015
18209.00000000001
15651.000000000018
18249.000000000015
15881.750000000013
18292.000000000015
18332.000000000022
18299.00000000002
16948.50000000002
18322.000000000015
15384.250000000018
18401.000000000015