12878.250000000011
17374.00000000001
14153.750000000015
17535.000000000022
15446.500000000015
16764.000000000022
16123.500000000018
15088.000000000018
16682.250000000015
13267.000000000013
16995.250000000015
11727.000000000016
17675.00000000002
10997.000000000011
18064.750000000022
11224.000000000011
18665.750000000015
12071.000000000015
16951.25000000002
12677.000000000011
15905.750000000015
12786.000000000016
17850.000000000015
12626.000000000007
17865.75000000002
12279.000000000015
15694.500000000016
11742.000000000007
15940.750000000018
11216.000000000013
15660.000000000016
11174.000000000011
14535.000000000015
11639.000000000013
14353.250000000016
12320.000000000015
13445.750000000011
13114.000000000007
12045.750000000011
14196.000000000016
13055.750000000011
15454.000000000018
13667.000000000011
16466.000000000015
12974.500000000015
17351.00000000002
12813.000000000015
17914.000000000015
13565.000000000015
17672.00000000002
13567.500000000015
17319.000000000015
13245.500000000013
16311.000000000016
13169.750000000016
15013.000000000018
13114.500000000013
14090.000000000013
12328.250000000016
12420.000000000011
13217.500000000016
10683.000000000011
13506.750000000011
9490.000000000007
13075.000000000015
10115.000000000011
12763.250000000013
10700.000000000013
13034.250000000013
10062.000000000004
13358.750000000015
10811.00000000001
14579.000000000015
10931.00000000001
14673.500000000011
11099.000000000013
14989.500000000018
11621.000000000007
14551.750000000013
10840.000000000011
14661.500000000013
10392.000000000013
15168.750000000016
9659.00000000001
15554.500000000018
9339.00000000001
15630.500000000015
8952.00000000001
15714.500000000016
8361.000000000007
14949.000000000016
8349.00000000001
14229.750000000015
7427.000000000008
13214.750000000015
6227.000000000005
11770.250000000015
6207.000000000006
10573.250000000011
5783.0000000000055
9567.75000000001
5727.000000000006
9373.00000000001
5708.000000000006
10012.250000000011
5666.000000000005
10499.500000000011
5843.000000000003
11315.500000000015
5965.0000000000055
11682.25000000001
5846.000000000005
11447.500000000013
5590.0000000000055
12184.000000000011
5316.000000000004
13159.250000000015
5194.000000000004
13736.250000000013
5113.000000000006
13487.250000000015
5007.0000000000055
13165.750000000015
4852.000000000006
13428.250000000015
4725.0000000000055
14696.250000000015
4883.0000000000055
15287.000000000018
5307.0000000000055
14876.750000000016
5777.0000000000055
14926.000000000016
6305.000000000004
15236.250000000013
6874.000000000005
15457.250000000018
7484.000000000009
15864.500000000018
7915.000000000008
15577.000000000015
8246.000000000011
14095.250000000016
8576.000000000007
12823.25000000001
8754.000000000005
13548.750000000015
8653.00000000001
13200.500000000015
8107.000000000008
13255.750000000015
7466.000000000007
13691.500000000015
6974.000000000007
14115.500000000015
6756.000000000006
14330.000000000015
6645.000000000007
14059.500000000013
6526.000000000008
13926.750000000015
6555.000000000005
13736.750000000013
6532.000000000005
14152.500000000015
6529.0000000000055
14396.250000000016
6439.000000000006
14701.250000000016
6459.000000000006
15445.000000000018
6581.000000000006
16317.250000000018
7028.000000000007
16838.25000000002
7554.000000000006
17036.500000000015
7993.000000000009
17275.00000000002
8599.000000000007