26395.25000000003
29179.000000000022
26704.50000000003
29275.000000000033
27077.000000000033
29409.000000000033
27486.500000000025
29609.00000000003
28068.750000000033
29553.00000000003
29415.000000000033
29135.000000000033
30653.50000000003
28570.000000000036
30775.250000000033
27894.000000000036
30569.50000000003
27289.000000000022
30148.75000000003
26838.000000000025
29726.250000000033
26365.000000000015
29269.500000000033
25477.000000000025
28567.250000000025
24123.000000000022
27719.000000000025
22177.000000000025
27013.500000000033
20203.00000000002
26399.750000000022
18789.00000000001
25566.75000000002
18203.000000000015
24988.750000000022
18389.000000000025
24432.500000000025
19375.000000000015
23469.50000000002
20788.000000000022
22615.000000000022
21921.000000000022
22324.250000000022
22629.000000000022
22463.000000000022
23150.000000000022
22624.000000000025
23583.00000000002
22786.000000000025
23841.00000000001
22992.000000000025
24017.000000000015
23210.250000000022
24171.000000000015
23413.250000000025
24305.000000000022
23582.000000000022
24340.000000000015
23654.00000000003
24348.000000000022
23654.00000000003
24388.00000000002
23592.50000000003
24540.00000000002
23400.750000000022
24588.000000000025
20922.750000000022
24576.00000000003
17891.000000000022
24651.00000000002
13671.250000000015
24747.000000000015
11637.750000000011
24127.000000000025
10294.75000000001
21995.000000000022
9172.50000000001
19325.00000000002
8762.75000000001
17274.000000000015
8280.50000000001
15698.000000000015
8445.500000000007
14178.000000000013
8864.500000000007
13520.000000000018
8759.250000000007
13170.000000000018
9023.00000000001
13231.00000000001
9834.500000000011
13696.000000000005
10142.750000000011
14186.000000000011
9935.750000000011
14729.000000000018
10304.750000000011
15238.000000000013
10146.50000000001
16463.000000000015
10249.50000000001
16804.000000000022
10836.500000000011
17195.000000000015
10855.500000000011
19136.00000000002
11384.250000000013
21206.00000000002
11652.250000000013
22752.000000000022
11676.000000000007
23519.00000000002
11685.000000000011
24954.000000000033
11539.500000000011
25494.000000000015
11247.750000000011
25551.00000000003
11378.750000000011
25559.00000000003
11284.750000000013
25574.000000000025
11542.250000000011
25573.000000000025
12050.000000000011
25592.000000000022
13023.000000000013
25558.000000000025
14282.250000000016
25562.000000000025
14460.000000000015
25562.000000000025
14616.250000000016
25498.000000000025
14274.000000000015
25328.000000000022
13976.750000000016
25284.000000000025
13973.250000000016
25340.00000000003
14313.000000000018
25158.000000000033
14830.000000000015
25023.000000000033
15563.250000000015
24998.00000000002
16211.00000000002
24912.00000000003
16792.25000000002
24852.00000000003
16572.25000000002
24769.00000000002
16764.75000000002
24829.00000000002
16937.75000000002
24829.00000000002
17655.25000000002
24746.000000000022
17971.75000000002
24739.00000000002
19214.75000000002
24714.000000000022
20411.500000000022
24729.000000000022
21716.500000000025
24551.000000000022
23156.000000000025
24494.000000000025
23955.25000000002
24493.000000000025
24413.250000000022
24499.00000000002
24745.00000000003
24487.000000000022
24836.25000000002
24431.000000000025
24933.250000000022
24486.000000000025
25025.000000000025
24484.00000000002