19043.750000000015
20350.000000000015
19222.00000000002
20940.000000000022
19063.50000000002
20493.00000000002
19077.50000000002
20310.00000000002
18578.25000000002
19590.000000000025
18625.750000000015
19033.00000000001
19533.500000000022
16890.000000000015
18861.750000000022
16389.000000000015
19085.00000000002
16471.00000000002
19162.500000000022
16916.00000000001
18480.50000000002
19840.000000000022
18198.750000000015
18704.000000000015
17340.25000000002
18367.000000000022
16791.00000000002
21501.000000000025
17337.250000000015
23610.000000000025
18633.250000000015
25231.000000000025
18355.000000000015
25403.000000000022
17302.75000000002
25169.00000000002
17856.25000000002
26554.00000000002
17894.250000000015
25598.000000000022
18343.500000000022
24058.000000000022
18176.50000000002
23628.00000000002
18194.25000000002
22579.000000000025
18527.50000000002
21320.000000000022
18867.25000000002
22276.00000000002
18290.75000000002
20892.000000000022
17436.25000000002
20879.000000000022
16837.75000000002
20679.00000000001
17896.750000000015
20255.000000000022
17929.000000000015
20058.000000000022
17746.25000000002
21236.00000000002
18332.000000000022
22230.00000000002
17116.000000000015
20595.000000000022
14770.500000000015
19797.000000000022
13447.000000000015
19039.000000000015
14060.250000000016
19248.000000000022
14748.500000000015
20094.000000000022
14231.500000000013
20314.00000000001
13878.000000000015
19861.000000000022
13659.500000000015
19769.000000000022
13692.250000000015
19431.000000000022
14676.500000000016
20200.000000000025
14385.250000000011
18812.000000000015
14777.000000000016
18020.000000000015
14737.250000000015
19114.000000000022
15263.500000000018
19079.00000000001
14535.750000000015
18984.00000000002
14334.000000000013
18995.000000000015
15321.500000000015
19275.00000000002
16089.750000000015
18745.00000000001
15173.250000000016
18920.00000000002
15484.000000000022
18081.000000000015
16202.250000000016
18854.000000000022
15755.500000000018
18679.00000000002
15167.000000000018
18142.000000000015
15072.000000000015
19445.000000000025
15826.000000000018
20890.00000000002
16353.500000000015
19858.000000000022
17214.75000000001
20623.000000000022
17383.25000000002
20475.000000000022
17530.75000000002
18997.00000000002
17674.25000000002
19839.00000000002
17412.00000000002
19543.000000000015
19100.50000000002
19283.000000000015
19935.250000000022
19533.00000000002
19890.000000000022
18733.000000000022
20104.50000000002
19000.00000000002
20742.750000000022
19892.000000000015
21400.250000000022
19570.000000000022
21640.500000000022
19731.00000000002
21133.750000000022
19689.00000000001
20944.000000000022
18465.000000000022
21091.50000000002
19979.00000000001
20933.750000000022
20551.00000000002
20778.000000000022
20113.00000000002
20797.500000000022
20820.000000000022
21873.250000000022
18210.00000000002
21792.000000000022
16211.000000000015
22401.750000000022
19698.000000000022
22073.000000000022
20077.000000000022
7440.000000000008
10800.000000000013
4886.000000000005
11155.000000000013
6652.000000000007
12377.00000000001
6916.500000000007
12785.000000000011
6010.250000000006
11249.000000000011
5223.0000000000055
11045.000000000013
19465.000000000022
19366.00000000002
21780.25000000002
21826.000000000022
21993.75000000002
19625.00000000002
21994.750000000022
18897.000000000022