14931.250000000016
16654.00000000002
12475.750000000011
15030.000000000015
12931.250000000013
15044.00000000001
12317.250000000011
14302.000000000007
11478.500000000013
13866.000000000011
10786.750000000011
13842.000000000015
10241.500000000011
13532.000000000011
10432.250000000011
13453.000000000016
10756.75000000001
13696.000000000015
10945.00000000001
14093.000000000016
10815.50000000001
14376.000000000016
10831.500000000011
14774.000000000016
10700.500000000007
14502.000000000013
10693.000000000011
13181.000000000011
10896.75000000001
11758.000000000013
11380.50000000001
11469.000000000011
11277.500000000011
11010.000000000011
12065.250000000013
11834.000000000013
12551.000000000013
14864.000000000016
12206.500000000011
16715.00000000002
11316.250000000013
16948.00000000001
10869.750000000011
16758.00000000002
10790.500000000011
16506.00000000001
10861.500000000011
16156.000000000015
11444.500000000011
15508.000000000016
12028.500000000015
15614.000000000015
12499.250000000015
15594.000000000015
12992.500000000013
15162.000000000015
12856.250000000013
15477.000000000016
12750.250000000013
15059.00000000001
12708.250000000013
14857.000000000016
12590.500000000011
14307.000000000016
12092.750000000011
13165.000000000011
11611.000000000011
13146.000000000013
11613.75000000001
11700.000000000013
11924.750000000013
10744.000000000011
11764.00000000001
9996.00000000001
11840.250000000011
9168.00000000001
11802.000000000013
9229.000000000011
11284.25000000001
8602.000000000005
10980.500000000011
7760.000000000008
11188.750000000013
7432.000000000008
11481.500000000011
7612.000000000007
11207.750000000013
8904.000000000011
11467.250000000013
9154.000000000007
11385.000000000013
8919.000000000007
10818.250000000013
9528.000000000007
9532.50000000001
10349.000000000011
9323.00000000001
11759.000000000007
9532.000000000011
12027.00000000001
9831.500000000011
11113.000000000013
10092.50000000001
10254.00000000001
10659.250000000011
9151.000000000005
10208.25000000001
8836.00000000001
9769.25000000001
8766.000000000007
8536.500000000007
8483.000000000007
8235.750000000007
8618.000000000005
8178.00000000001
8011.000000000008
8863.75000000001
7666.000000000009
9582.75000000001
7347.000000000007
9219.500000000011
7428.0000000000055
8645.50000000001
7373.000000000008
7910.750000000007
6749.000000000008
6970.750000000007
6347.0000000000055
6442.500000000006
5856.000000000004
5762.7500000000055
6211.000000000005
5670.500000000006
5704.0000000000055
6144.000000000006
5563.000000000006
6489.750000000007
6290.000000000004
7118.000000000006
6199.000000000004
7675.500000000008
5597.0000000000055
8340.75000000001
4886.0000000000055
8445.00000000001
4892.0000000000055
8077.250000000008
5079.0000000000055
7855.250000000006
5490.0000000000055
7614.250000000008
5628.000000000005
7562.000000000008
5946.000000000006
7577.000000000008
7219.000000000008
7798.250000000008
7658.000000000009
8324.750000000007
7934.00000000001
9046.000000000007
8222.000000000005
9963.00000000001
7903.000000000007
9770.500000000011
8422.000000000007
8807.50000000001
8656.000000000005
8018.250000000008
8294.000000000007
7270.000000000009
7904.000000000008
6754.000000000006
8543.00000000001
6602.750000000007
8510.00000000001
6030.2500000000055
8436.000000000005
5908.2500000000055
8270.000000000007