22444.000000000022
24808.000000000022
20946.50000000002
22875.000000000025
19917.50000000002
20990.000000000015
20063.500000000022
19446.00000000001
20220.500000000022
18660.000000000015
20599.00000000002
18690.000000000015
20658.250000000022
18935.000000000022
21240.500000000022
18908.00000000002
20672.250000000025
18299.00000000002
18475.750000000022
18783.00000000002
17823.250000000022
19934.000000000022
19033.50000000002
19878.000000000015
19813.000000000022
20217.000000000022
19943.75000000002
18299.00000000002
19257.750000000022
18055.00000000002
18859.250000000022
17251.00000000001
19294.75000000002
16858.000000000022
20042.75000000002
17611.00000000002
21071.00000000002
17848.000000000022
21317.000000000022
17651.000000000022
21178.000000000022
20023.000000000022
21124.500000000022
20829.00000000002
20448.75000000002
21027.00000000002
19359.50000000002
20464.000000000022
17941.50000000002
20838.000000000015
17363.50000000002
20261.000000000022
17608.500000000015
17419.00000000001
16989.00000000002
16642.00000000001
16615.50000000002
17675.00000000002
17560.250000000015
18089.00000000001
18391.75000000002
16866.00000000002
15734.75000000002
20400.000000000022
12317.000000000013
24580.000000000015
10305.00000000001
18470.000000000022
10064.00000000001
16458.00000000001
9758.00000000001
14407.000000000018
9272.750000000007
13141.000000000011
9555.25000000001
14260.000000000016
10106.750000000011
15816.00000000002
10130.500000000011
16736.00000000002
10328.000000000011
16044.00000000002
10240.25000000001
13201.00000000001
9053.00000000001
11005.000000000011
8176.750000000009
8500.000000000007
8145.000000000007
8114.000000000008
8045.250000000009
7843.000000000008
7642.500000000008
9506.00000000001
7758.000000000009
10474.000000000011
8675.50000000001
11252.000000000013
9141.250000000011
12283.000000000011
8463.00000000001
13581.00000000001
7915.250000000008
14667.000000000016
8533.75000000001
14421.000000000015
8748.500000000007
14128.000000000015
8889.00000000001
16061.000000000015
9067.500000000011
15558.000000000015
9233.75000000001
16235.000000000018
9914.75000000001
18159.00000000002
10815.250000000013
17915.00000000002
10858.25000000001
16805.00000000002
10675.500000000011
15216.000000000018
10152.750000000011
15006.000000000016
9566.00000000001
16133.000000000016
8569.00000000001
16607.00000000002
8683.50000000001
15520.000000000018
11019.500000000011
14772.000000000016
11839.500000000011
13946.00000000001
12014.500000000011
15475.000000000016
12872.000000000013
16108.000000000018
13537.000000000013
14395.000000000013
13939.750000000016
12886.000000000007
14375.000000000015
13553.000000000013
13780.500000000015
16542.000000000015
13818.500000000015
17121.000000000015
14431.250000000016
18083.00000000002
14454.500000000015
18933.000000000015
15412.500000000015
18416.000000000015
16353.250000000015
17467.00000000002
16524.250000000015
15886.000000000018
15454.250000000015
14842.000000000016
16251.000000000016
15984.00000000002
17805.50000000002
15540.000000000016
17809.25000000002
16467.000000000015
19029.750000000022
19546.000000000022
18751.000000000022
19762.00000000002
16345.500000000015
17568.00000000002
16098.000000000018
21448.00000000002
16943.500000000015
21093.000000000025
18082.750000000015
19268.000000000015
18216.25000000002
18289.000000000022