0.0
0.0
17613.50000000002
16417.000000000015
30887.75000000003
28672.00000000003
31117.750000000033
28788.000000000033
26397.75000000003
25667.000000000025
12751.250000000016
17011.000000000022
13011.750000000013
17415.00000000002
13192.750000000015
17719.00000000002
13267.750000000015
17900.000000000022
13256.500000000013
17949.00000000002
13193.500000000015
17919.00000000002
13048.000000000013
17818.000000000022
12866.500000000015
17739.00000000001
12630.750000000015
17598.00000000002
12376.250000000015
17445.00000000002
12101.000000000013
17195.000000000015
11822.500000000013
16808.00000000001
11584.00000000001
16229.000000000016
11260.500000000011
15560.000000000015
10982.500000000013
14747.000000000016
10477.25000000001
14032.000000000015
10131.000000000011
13533.000000000015
10581.500000000011
13358.000000000013
12358.250000000013
13475.00000000001
11969.000000000011
13757.000000000016
11503.000000000011
14111.000000000015
12053.750000000013
14498.000000000016
12622.750000000013
14953.000000000018
13470.250000000011
15376.000000000015
13508.250000000015
15762.000000000018
13162.000000000011
16308.000000000018
12122.000000000013
16399.000000000022
11782.500000000013
16567.000000000022
11496.000000000011
16867.00000000002
11508.250000000011
16715.00000000002
12012.000000000013
16119.00000000002
11968.500000000011
16376.000000000018
11104.250000000013
16276.000000000018
11090.750000000011
15984.000000000016
10975.250000000011
15909.000000000016
11149.25000000001
15768.000000000016
10961.750000000011
15490.000000000016
10873.250000000011
15656.000000000016
9627.50000000001
15361.000000000015
9448.75000000001
15184.000000000018
9440.25000000001
15478.000000000018
10100.00000000001
14875.000000000018
10507.25000000001
14805.000000000018
10134.75000000001
14887.000000000011
10403.75000000001
14392.000000000016
10927.750000000013
14121.000000000013
11082.500000000013
14377.000000000016
10764.500000000011
14368.000000000015
11430.75000000001
14950.000000000015
11457.750000000013
14833.000000000018
11153.500000000011
14391.000000000015
11257.250000000011
14315.000000000015
11738.750000000013
14341.000000000015
10946.000000000013
14309.000000000015
10749.250000000013
14330.000000000015
9934.25000000001
14331.000000000016
10612.250000000013
14327.000000000015
11757.000000000011
14222.000000000015
12702.000000000013
13970.000000000016
12255.750000000013
13671.000000000015
9787.25000000001
13216.00000000001
7878.750000000006
12759.00000000001
7408.250000000008
12420.000000000011
7104.000000000006
12173.000000000015
6847.750000000005
12045.000000000015
6329.250000000006
11946.000000000005
6050.250000000006
11795.000000000011
5836.500000000005
11645.00000000001
5551.2500000000055
11440.000000000013
5041.000000000005
11243.000000000013
4540.250000000005
11104.000000000011
4461.750000000005
10887.000000000011
4391.500000000005
10714.000000000011
4364.750000000005
10610.000000000013
4362.500000000004
10551.000000000011
4371.500000000004
10542.000000000011
4384.000000000005
10634.000000000013
4428.7500000000055
10855.000000000011
4401.000000000004
10974.000000000013
4358.500000000004
11038.000000000011
24729.500000000022
24520.000000000015
31161.500000000033
28809.00000000003
31259.75000000003
29008.00000000003
21697.250000000025
20138.000000000025
0.0
0.0