11458.750000000013
12174.000000000011
11333.000000000011
12424.00000000001
11364.000000000011
12783.000000000015
11468.000000000011
13156.000000000015
11691.750000000013
13556.000000000016
11893.250000000013
13874.000000000013
12205.500000000015
14203.000000000016
12647.500000000013
14486.000000000013
13153.500000000013
15116.000000000016
13765.500000000011
15444.000000000016
14385.750000000015
15706.000000000015
14985.500000000015
16036.000000000018
15377.500000000016
16492.00000000002
15687.000000000013
16841.00000000001
15900.000000000018
17246.000000000022
16163.500000000015
17857.00000000002
17031.250000000015
18268.00000000002
17672.75000000002
18174.00000000002
17766.500000000022
18259.000000000022
16704.250000000015
18820.00000000001
15955.000000000016
18900.000000000015
15803.000000000018
18616.000000000022
15258.750000000016
18199.000000000022
14398.250000000016
18257.000000000022
14305.000000000016
18527.00000000002
14573.500000000015
18167.000000000022
14585.000000000015
17697.000000000022
14486.500000000015
17071.000000000022
14733.000000000011
16850.00000000002
15229.250000000015
16326.000000000016
15029.500000000015
15585.000000000016
15388.250000000018
14636.000000000013
15599.500000000018
13541.000000000013
15906.000000000016
12406.000000000015
16248.250000000015
11219.000000000011
16396.500000000015
10110.00000000001
16687.500000000015
9150.00000000001
16784.75000000002
8657.000000000005
16657.750000000015
8540.00000000001
16551.750000000015
8710.000000000005
16048.250000000016
9038.000000000011
14920.500000000013
9348.00000000001
13808.000000000015
9587.000000000011
13679.750000000015
9851.00000000001
13462.500000000015
10088.000000000011
13728.500000000013
10351.000000000011
13533.000000000015
10762.000000000013
12778.000000000013
11043.000000000011
12547.500000000011
11107.000000000013
12505.250000000015
11231.000000000013
13362.750000000015
11157.000000000011
13707.750000000015
11232.000000000013
13990.250000000015
11185.000000000013
13711.250000000016
10885.000000000011
14017.750000000013
10755.000000000013
14358.500000000015
10717.000000000011
14686.750000000013
10708.000000000007
14521.000000000011
10784.000000000013
15075.500000000016
10877.000000000013
15684.250000000015
11034.000000000011
15685.000000000018
11086.000000000011
15421.000000000015
11099.000000000011
15757.250000000016
11048.000000000013
16239.000000000016
11071.000000000011
16283.000000000016
11018.000000000013
16217.750000000016
11076.00000000001
15644.500000000013
11181.00000000001
15477.250000000018
11249.000000000011
15361.750000000015
11173.000000000013
15257.500000000015
11016.00000000001
14567.500000000016
10832.000000000013
14968.250000000015
10508.000000000011
14731.000000000016
10435.000000000013
14234.250000000015
10566.000000000013
14783.500000000016
10803.000000000011
16483.50000000002
11005.000000000011
15755.250000000016
11282.000000000011
15917.250000000018
11525.000000000013
16044.750000000018
11672.000000000011
15131.000000000011
11895.000000000007
14815.000000000015
12159.000000000011
14991.500000000013
12412.000000000016
15158.750000000015
12499.00000000001
15241.500000000015
12398.000000000007
15188.000000000016
12254.000000000015
15056.750000000015
12148.00000000001
14947.000000000016
12011.00000000001
14947.750000000015
11780.000000000011
14874.750000000013
11419.000000000013
14859.000000000018
11070.000000000011