13721.750000000013
17041.00000000002
13372.250000000013
13178.000000000016
13372.750000000015
11095.000000000013
13679.250000000016
10371.000000000011
12825.750000000015
10543.000000000011
12154.250000000013
10138.000000000011
11820.000000000013
9640.000000000011
10954.50000000001
9840.000000000007
9971.25000000001
10121.000000000011
9288.75000000001
10517.000000000011
9160.250000000011
9931.000000000007
9291.25000000001
9419.000000000011
10513.00000000001
8120.000000000008
10568.500000000011
7678.000000000008
9993.50000000001
7937.000000000008
9567.50000000001
7593.000000000009
9344.75000000001
7725.000000000008
9778.25000000001
8512.000000000005
10618.50000000001
8710.000000000011
10309.250000000013
8713.000000000007
10012.250000000011
8276.000000000005
9615.500000000011
9391.000000000004
9447.000000000011
12272.00000000001
10282.250000000011
9551.000000000007
10887.750000000011
7554.000000000008
10380.500000000011
5180.000000000005
10268.00000000001
5068.0000000000055
11185.500000000011
5627.0000000000055
12146.750000000013
5793.000000000005
11935.500000000011
5130.000000000002
12318.750000000011
4170.000000000004
12032.000000000013
3880.0000000000045
11253.250000000011
3618.000000000004
12312.000000000011
5804.000000000006
12477.000000000015
9808.000000000007
12298.000000000011
10783.000000000011
11792.250000000013
10282.000000000007
12040.000000000013
9644.00000000001
12711.750000000011
9983.00000000001
13109.000000000015
8297.00000000001
12828.250000000013
6993.000000000008
12614.000000000015
7507.000000000007
12281.500000000013
7316.000000000009
12209.750000000013
8400.000000000007
11740.750000000013
8623.00000000001
11689.250000000015
8290.000000000005
12159.750000000015
8566.000000000011
11940.000000000011
8987.000000000007
12687.000000000011
10062.000000000013
12833.750000000015
10909.00000000001
13695.250000000013
11185.000000000011
13370.250000000015
10770.000000000013
13130.750000000015
10918.000000000011
13259.000000000015
11142.000000000011
13714.750000000015
11171.000000000013
13546.250000000016
9932.00000000001
13825.250000000015
10098.000000000011
12658.500000000013
9726.000000000007
12495.250000000013
8185.000000000007
12608.000000000011
8407.000000000007
14204.000000000018
9670.000000000011
14577.000000000016
11311.000000000013
14009.750000000013
11921.00000000001
13646.750000000015
11842.000000000015
13405.750000000015
11285.000000000011
13458.750000000011
11226.000000000015
13424.500000000013
9831.000000000011
13723.250000000013
10296.000000000011
13918.500000000015
8358.00000000001
14016.000000000016
13641.000000000018
13717.750000000018
17368.00000000002
14285.750000000015
14549.000000000016
14495.000000000018
9860.000000000013
15712.750000000016
7546.000000000006
15425.500000000015
8452.00000000001
14625.000000000015
9698.00000000001
14227.500000000015
10918.000000000011
14295.750000000015
11672.000000000011
13156.750000000013
13367.00000000001
12971.250000000015
13154.00000000001
13516.250000000011
9069.000000000011
13369.750000000013
7637.000000000006
13667.250000000013
8492.000000000007
13796.750000000011
10131.000000000013
13502.250000000015
10190.000000000007
13610.500000000011
12476.000000000013
13912.750000000015
14685.000000000016
13689.750000000013
14099.000000000018
12752.750000000013
13346.000000000016
12259.500000000015
13189.000000000007