27.50000000000002
46.00000000000005
7473.000000000007
7943.000000000008
16530.250000000015
17613.00000000002
15402.500000000015
16920.000000000015
15394.500000000016
16529.00000000002
16157.000000000015
16318.000000000015
15443.500000000016
17621.000000000015
15532.000000000015
17755.00000000001
16005.500000000016
18809.000000000022
15296.750000000018
18041.00000000002
15071.500000000016
17823.000000000022
15172.000000000016
17998.000000000022
15153.750000000016
17614.00000000002
15466.000000000015
16500.00000000002
14638.500000000013
14908.000000000015
14119.500000000015
15343.000000000016
14669.250000000013
18138.000000000022
15137.750000000013
19471.000000000022
14821.500000000015
19900.00000000002
14803.000000000016
19161.000000000015
14806.500000000015
19401.000000000022
14507.500000000016
19515.000000000025
14564.250000000016
19957.000000000022
14237.500000000015
19908.000000000015
15194.000000000015
20536.000000000025
14388.000000000013
20481.000000000022
13480.250000000013
19928.00000000002
13577.250000000015
17965.00000000002
13147.250000000013
17227.000000000015
12606.500000000015
19168.00000000002
12105.000000000015
20514.000000000022
11595.250000000013
18906.000000000022
11358.500000000011
18758.00000000002
11042.25000000001
18978.000000000015
11261.250000000011
19022.000000000022
11305.250000000013
18315.00000000002
11380.000000000013
17887.00000000002
11174.250000000011
16387.000000000015
11900.000000000015
16284.000000000015
11907.000000000013
16011.000000000016
11735.000000000011
16020.000000000015
11565.500000000013
16440.00000000002
11605.250000000013
17273.000000000015
11055.250000000013
17245.000000000022
11281.500000000011
17110.00000000002
11882.250000000013
19350.00000000002
12034.000000000013
17658.000000000007
11879.750000000015
15862.00000000002
12214.250000000013
15187.000000000013
12157.500000000013
13586.000000000016
12591.750000000011
11064.000000000011
12317.000000000013
12539.000000000015
11521.500000000011
13935.000000000016
12591.750000000016
15005.000000000016
12768.500000000015
17680.000000000022
12448.750000000015
17439.000000000015
12019.000000000011
15029.000000000018
12101.750000000013
14441.000000000013
12846.000000000015
14956.000000000016
12642.250000000013
14319.000000000013
12502.250000000013
13580.000000000013
12522.750000000011
12666.00000000001
12688.750000000015
12812.000000000015
12534.500000000016
12733.000000000016
11958.500000000013
11875.00000000001
11221.750000000011
10654.000000000011
10924.250000000013
10298.000000000013
11263.500000000013
10373.000000000007
12327.750000000013
10797.000000000011
12681.250000000015
10833.00000000001
12897.000000000013
12012.00000000001
13530.250000000013
13230.00000000001
14081.750000000015
12544.00000000001
14303.000000000013
11691.00000000001
14325.500000000016
11464.000000000013
14805.500000000013
12794.000000000007
15182.500000000016
13373.000000000016
14923.250000000015
12696.000000000015
14608.000000000016
12880.00000000001
14905.750000000016
14970.000000000018
15934.500000000015
15061.000000000015
16586.75000000002
13982.000000000007
15803.250000000015
13308.00000000001
15717.250000000018
14243.000000000013
16276.500000000016
15866.000000000018
16690.750000000015
15606.000000000013
15963.75000000002
15146.000000000011
15489.500000000015
16801.000000000015
7298.500000000008
7824.00000000001
61.25000000000006
58.00000000000006