11918.750000000011
5364.000000000006
12301.750000000013
5636.000000000006
12942.500000000015
6330.000000000007
13157.500000000015
7699.000000000006
13120.750000000013
9699.000000000011
13167.750000000013
11310.000000000013
13140.500000000015
10765.00000000001
13000.750000000013
11339.000000000013
12827.250000000013
12207.000000000011
12726.250000000011
12715.000000000013
12622.500000000015
13162.000000000013
12433.750000000013
13152.000000000015
12472.750000000013
12441.000000000015
12253.750000000013
11774.000000000007
12006.500000000013
10686.000000000011
12155.750000000015
9854.000000000011
12626.500000000013
8917.000000000011
12939.500000000016
8029.000000000008
13175.500000000015
7430.000000000009
13315.750000000015
7097.000000000008
13804.500000000015
6782.000000000006
13868.750000000013
6334.000000000005
13630.500000000011
5851.0000000000055
13419.500000000015
5481.000000000006
13074.500000000011
5541.0000000000055
12865.250000000015
5820.000000000003
12609.000000000013
6179.0000000000055
12592.500000000015
6596.000000000006
13059.000000000011
9807.00000000001
14091.000000000013
10510.000000000007
15152.750000000016
11505.000000000013
15346.750000000018
11497.000000000013
15118.500000000016
11167.000000000013
14935.250000000016
11365.000000000013
14675.000000000015
12432.000000000015
13703.000000000015
12685.000000000015
13545.250000000013
12870.000000000016
13162.000000000016
13900.000000000015
13048.000000000015
15484.000000000015
12932.500000000013
14779.000000000016
12703.750000000015
11780.000000000011
12538.000000000015
10828.000000000013
12213.000000000013
9392.00000000001
11976.500000000015
9856.000000000011
11777.500000000013
10116.000000000011
11628.000000000011
10613.000000000011
12092.000000000011
11236.000000000011
12785.000000000015
12538.000000000015
13484.500000000013
12967.000000000011
12667.500000000016
13060.000000000015
12231.250000000013
13204.000000000016
12605.750000000013
14384.000000000011
12830.500000000016
15144.000000000015
13168.250000000015
15052.000000000011
12897.000000000015
14595.000000000015
13093.750000000013
14140.000000000011
12987.000000000015
12968.000000000011
13244.750000000011
12231.000000000007
13222.750000000015
11735.000000000011
12676.250000000013
11537.000000000013
12796.250000000013
11191.000000000013
12862.250000000015
11123.000000000015
12597.750000000011
10890.000000000011
12900.750000000015
10422.00000000001
12690.500000000013
10504.000000000011
13111.750000000011
11211.000000000007
13631.250000000015
11431.000000000013
13856.750000000016
12222.000000000011
14048.000000000016
13639.000000000015
14079.500000000013
14257.000000000016
14254.750000000013
14234.000000000016
14374.750000000016
13164.000000000015
14189.500000000016
12423.00000000001
13642.750000000016
12370.000000000013
13942.250000000013
12008.000000000011
13950.500000000015
10937.000000000013
13301.000000000015
10981.000000000011
12724.000000000011
10295.000000000011
12025.500000000013
10512.000000000011
11993.750000000015
10337.000000000011
10706.250000000013
11641.000000000011
9993.500000000013
13202.000000000015
10275.000000000011
14024.000000000018
10151.250000000011
15985.000000000015
9583.50000000001
13988.000000000011
9753.75000000001
11578.000000000013
10249.50000000001
10186.00000000001
9258.75000000001
10025.000000000011
8910.50000000001
11181.00000000001
9545.750000000011
11336.00000000001