22057.500000000022
14219.000000000013
21628.500000000025
14993.000000000015
21526.500000000022
15521.000000000016
21685.250000000025
16375.000000000016
21963.50000000002
17165.000000000015
22489.000000000025
17713.000000000015
22955.500000000025
18693.00000000002
23100.250000000025
19289.00000000002
23058.500000000022
19355.000000000022
23358.250000000022
19194.00000000002
23542.750000000022
20069.000000000022
23488.500000000025
20365.000000000015
23539.75000000003
19744.000000000025
23291.000000000022
19540.000000000022
23112.25000000002
19504.00000000002
23199.75000000003
18966.000000000022
23237.750000000022
19016.00000000002
22029.500000000022
19744.000000000025
21172.000000000022
20364.000000000022
20679.50000000002
20033.000000000022
19844.50000000002
19905.000000000022
19090.750000000022
20219.00000000002
18465.25000000002
19912.000000000022
18351.25000000002
20089.000000000022
19022.00000000002
20552.000000000022
19863.250000000015
20561.000000000022
19864.750000000022
20218.000000000022
19213.25000000002
20266.000000000022
18613.50000000002
20982.000000000022
18403.00000000002
20874.00000000002
17529.50000000002
21400.000000000025
16474.25000000002
21646.000000000025
16626.000000000015
21747.000000000022
17183.00000000002
22111.000000000022
17489.25000000002
21696.000000000022
17259.75000000002
21644.000000000022
16977.750000000015
21605.000000000025
15958.250000000016
20154.000000000022
12705.000000000011
17742.000000000022
11675.750000000011
17071.00000000002
11432.750000000013
16337.000000000015
11650.500000000011
14473.000000000015
11957.750000000011
15723.000000000016
11887.000000000011
17210.000000000015
11855.000000000011
16986.000000000022
11659.000000000015
16687.00000000001
11718.000000000015
16629.000000000022
11816.500000000015
19038.000000000022
11940.000000000011
21187.000000000022
11807.750000000013
22746.000000000025
11721.000000000013
22611.000000000025
12055.000000000015
21530.000000000025
12402.500000000013
21129.000000000025
13474.500000000015
20811.000000000022
14651.250000000015
21224.000000000022
15387.750000000015
21797.000000000015
15380.500000000015
22856.000000000022
15042.250000000016
22209.000000000022
14749.250000000016
21417.000000000025
14908.750000000016
22761.000000000025
15566.250000000018
21517.000000000022
16211.500000000018
19258.00000000002
15455.250000000015
19209.00000000002
14407.500000000011
19593.000000000022
15108.750000000016
21288.000000000022
15535.50000000002
21306.000000000022
16910.00000000002
20859.00000000002
18178.00000000002
21880.00000000002
18734.75000000002
23109.000000000025
17776.750000000015
22113.000000000025
17581.50000000002
21222.000000000025
18246.25000000002
20785.00000000001
19895.00000000002
18784.000000000022
20981.000000000022
20645.00000000002
22035.500000000022
22033.00000000002
22345.250000000022
22270.000000000025
22718.750000000022
22093.00000000002
23300.750000000022
22839.000000000025
23417.500000000025
22559.000000000015
23548.000000000022
22888.000000000022
23427.00000000002
24002.000000000015
24023.500000000025
25076.000000000033
24298.750000000025
25617.000000000022
24165.000000000025
25960.00000000003
24665.750000000022
25135.00000000002
24574.000000000025
24272.000000000025
24827.250000000033
24623.000000000025
25013.000000000025
22225.00000000003
24586.75000000003
21881.000000000022
24526.250000000025
22947.000000000025