2188.5000000000023
5898.0000000000055
2040.750000000002
7637.000000000006
2157.250000000002
8041.000000000008
2172.250000000002
7035.000000000007
2119.7500000000023
6214.000000000004
2254.7500000000023
5629.000000000006
2525.5000000000023
5634.0000000000055
2443.0000000000023
6416.000000000007
2417.0000000000023
6077.000000000006
2517.0000000000027
4079.000000000004
2682.2500000000036
3507.000000000002
2864.2500000000027
3391.0000000000036
2859.7500000000027
3139.0000000000027
2967.7500000000027
3573.0000000000027
3302.2500000000036
4782.0000000000055
2632.5000000000027
5514.0000000000055
1988.7500000000023
6531.000000000007
2032.7500000000018
7100.000000000008
2083.7500000000023
7740.000000000008
2168.7500000000027
8628.000000000007
2184.5000000000023
8258.00000000001
2132.7500000000023
7066.000000000007
2196.000000000002
4961.0000000000055
2488.0000000000027
3288.0000000000036
2569.5000000000027
2701.0000000000027
2709.0000000000027
3178.0000000000023
3143.0000000000036
5270.0000000000055
3704.2500000000036
7732.00000000001
4333.0000000000055
9409.00000000001
5246.250000000005
9951.000000000005
5581.7500000000055
10035.000000000011
5729.2500000000055
9945.000000000011
6407.250000000006
10381.000000000007
7139.500000000006
9597.000000000013
7357.000000000008
8602.000000000005
9185.50000000001
7775.000000000006
8879.75000000001
6945.000000000004
9513.75000000001
6309.0000000000055
11287.750000000011
5505.0000000000055
11524.750000000011
4893.000000000004
11277.500000000011
4318.000000000004
10635.500000000011
3851.000000000004
9636.25000000001
2900.0000000000023
9709.75000000001
2284.0000000000027
8925.500000000007
1879.000000000002
8381.000000000007
1462.000000000001
7894.250000000006
1249.000000000001
8185.75000000001
1067.0000000000014
8596.00000000001
887.0000000000009
7983.750000000008
627.0000000000007
7411.250000000009
481.00000000000045
6644.250000000008
499.0000000000006
6866.750000000007
540.0000000000003
6712.250000000006
580.0000000000003
6541.500000000008
520.0000000000006
8095.000000000006
600.0000000000007
8181.250000000007
683.0000000000007
6148.5000000000055
650.0000000000008
5708.2500000000055
675.0000000000008
7254.750000000008
598.0000000000007
7348.500000000008
606.0000000000006
7353.000000000008
581.0000000000003
8786.50000000001
621.0000000000003
9154.25000000001
639.0000000000006
9720.00000000001
627.0000000000007
9930.000000000011
623.0000000000007
7847.500000000007
609.0000000000006
5931.500000000006
654.0000000000007
4999.500000000005
669.0000000000006
4357.750000000005
714.0000000000007
4315.500000000005
748.0000000000009
4121.750000000005
735.0000000000008
3952.2500000000045
700.0000000000007
4384.500000000004
654.0000000000006
4888.0000000000055
653.0000000000007
5578.5000000000055
733.0000000000005
6904.250000000008
764.0000000000006
5738.750000000006
779.0000000000007
4850.7500000000055
838.0000000000009
4184.750000000004
908.0000000000008
4290.000000000005
1030.000000000001
3294.0000000000027
986.0000000000011
2701.750000000003
1054.0000000000011
2787.5000000000027
1128.000000000001
2907.250000000003
1105.0000000000014
2864.7500000000027
1133.0000000000011
2790.7500000000027
1239.0000000000011
4318.000000000004
1290.000000000001
5715.750000000004
1300.0000000000014
3196.5000000000036
1240.0000000000007