6357.000000000006
11923.000000000013
7002.500000000007
13670.000000000013
8049.250000000007
14180.000000000016
9173.00000000001
14481.000000000015
10100.250000000011
14774.000000000016
10578.250000000011
13531.000000000011
10641.00000000001
11071.000000000011
10767.50000000001
10210.000000000005
10900.250000000011
9744.00000000001
10916.000000000011
9165.00000000001
11098.500000000013
8925.000000000007
11542.750000000013
8760.00000000001
11941.25000000001
8587.00000000001
11997.500000000011
7103.000000000009
12573.250000000015
5629.000000000006
12542.750000000013
4522.000000000003
11569.500000000013
4252.000000000003
11150.750000000011
4721.0000000000055
11614.500000000011
7183.000000000007
11517.250000000011
9146.000000000007
12081.250000000013
10504.000000000011
11928.750000000015
11761.000000000013
11177.750000000011
12600.000000000015
11525.50000000001
13230.00000000001
10611.750000000011
13520.000000000018
11119.500000000013
13498.000000000016
10076.500000000011
13451.000000000013
9623.75000000001
13634.000000000013
7620.750000000007
13498.000000000015
7348.750000000007
11568.000000000013
8056.750000000008
9486.000000000011
7601.000000000008
7966.000000000008
7708.750000000007
6819.0000000000055
7210.500000000006
7187.000000000005
6596.0000000000055
7067.000000000004
6859.000000000006
6208.000000000007
6893.750000000006
7213.000000000006
7023.500000000007
7652.000000000009
6899.000000000008
6829.000000000005
6768.500000000006
8031.000000000009
6803.250000000006
9307.000000000007
6754.500000000006
9982.000000000013
7261.500000000007
10355.000000000011
7234.500000000008
10853.000000000007
7032.500000000007
12009.000000000011
7101.750000000006
13105.000000000011
6791.750000000007
13496.000000000013
7028.500000000008
13267.000000000013
7134.500000000007
12394.00000000001
7755.250000000006
11494.000000000011
7840.00000000001
11392.000000000011
7779.750000000008
11585.000000000011
7653.000000000008
11356.000000000011
7813.250000000007
11082.000000000011
7841.750000000008
11088.000000000011
7931.000000000007
11062.000000000011
8448.00000000001
10856.00000000001
8070.750000000008
10489.000000000011
8015.250000000008
9771.000000000007
8471.00000000001
6788.0000000000055
8222.25000000001
5985.000000000008
8629.750000000011
6192.000000000006
8326.250000000007
6651.0000000000055
8587.25000000001
7822.000000000009
8644.500000000011
9275.000000000011
8183.000000000008
10528.000000000013
7885.000000000007
11949.000000000013
7788.250000000008
12885.000000000007
7890.750000000007
13269.000000000016
8023.250000000009
13494.000000000016
8039.750000000008
13381.000000000015
8004.250000000007
13187.000000000015
8037.250000000008
12174.000000000011
8267.00000000001
10265.000000000011
8706.50000000001
7692.000000000008
9165.00000000001
6219.000000000005
9295.75000000001
5660.0000000000055
9306.25000000001
5252.0000000000055
9445.250000000011
5587.000000000006
9373.25000000001
6182.000000000006
9200.75000000001
6482.0000000000055
9090.75000000001
6803.000000000007
9147.25000000001
7158.000000000008
9205.00000000001
7403.000000000006
9096.50000000001
7470.000000000006
8977.500000000011
7634.0000000000055
8731.750000000011
7934.000000000009
8567.25000000001
8500.000000000007
8589.75000000001
9125.000000000011
8790.750000000007
9627.000000000007