2625.7500000000023
9052.000000000005
2488.0000000000023
9345.000000000007
2336.2500000000023
9599.00000000001
2201.2500000000023
9792.000000000011
2062.000000000002
9939.000000000007
1969.7500000000023
10001.000000000011
1881.500000000002
10033.00000000001
1816.0000000000018
10042.000000000013
1754.250000000002
10005.000000000011
1686.2500000000016
10028.000000000011
1641.5000000000018
10014.000000000011
1600.2500000000016
9992.000000000007
1565.2500000000016
9960.000000000011
1572.7500000000014
9948.00000000001
1931.250000000002
9944.000000000011
2658.5000000000023
9900.000000000011
3456.000000000003
9846.000000000011
3792.250000000003
9808.000000000011
3723.0000000000045
9725.000000000007
3959.500000000004
9668.00000000001
4053.000000000005
9557.000000000011
4253.250000000004
9546.00000000001
4662.0000000000055
9806.000000000011
4970.000000000005
9875.000000000005
4885.0000000000055
9942.00000000001
4715.500000000005
10696.00000000001
5767.0000000000055
11745.000000000013
7676.750000000007
12441.000000000011
10179.000000000011
12069.000000000011
12845.500000000013
12177.000000000015
12657.250000000013
12471.000000000013
12623.500000000015
12097.000000000015
12237.750000000013
11995.000000000013
11181.500000000013
12516.00000000001
10709.50000000001
12216.000000000007
10952.000000000013
11022.000000000015
11205.750000000011
9303.000000000005
11745.000000000011
10121.000000000013
10983.000000000011
10741.000000000013
11070.000000000013
11380.000000000013
11174.000000000013
12181.00000000001
10577.000000000011
12577.00000000001
10582.500000000011
12599.000000000016
10302.000000000011
11665.000000000007
10354.000000000013
10978.00000000001
11060.000000000013
10428.000000000011
11254.000000000011
10153.000000000013
11166.250000000011
9333.00000000001
11088.250000000011
9280.000000000005
10842.250000000011
9265.000000000005
10949.500000000011
8962.000000000011
11334.250000000011
8915.000000000005
11313.000000000011
9095.000000000013
10821.00000000001
9386.00000000001
10611.00000000001
9716.000000000011
10881.75000000001
9937.000000000011
11861.250000000013
9906.000000000013
12754.250000000013
10060.000000000011
13166.000000000015
10157.000000000013
12798.000000000011
10246.000000000011
12643.250000000011
10341.000000000011
11956.500000000013
10413.000000000011
11325.25000000001
10474.000000000013
10707.750000000011
10454.000000000005
10368.750000000007
10439.000000000011
11014.25000000001
10342.000000000011
11063.250000000013
10234.000000000011
10856.000000000011
10043.000000000011
10411.25000000001
9930.000000000011
10688.750000000011
9765.00000000001
10574.250000000011
9660.00000000001
10464.50000000001
9454.00000000001
10316.750000000011
9327.000000000005
9790.500000000011
9202.00000000001
10173.250000000013
9081.00000000001
10349.75000000001
8926.000000000007
9587.50000000001
8774.000000000007
9211.250000000011
8626.000000000005
8781.750000000007
8513.00000000001
8592.75000000001
8383.000000000011
8594.50000000001
8322.000000000005
8595.00000000001
8267.000000000005
8571.25000000001
8196.00000000001
8568.750000000007
8137.000000000008
8535.25000000001
8109.000000000009
8500.75000000001
7976.000000000008
8467.25000000001
7852.000000000008
8442.50000000001
7716.000000000008
8389.75000000001
7580.00000000001
8364.75000000001
7384.000000000007