10493.50000000001
14322.000000000016
10490.25000000001
14279.000000000015
10467.00000000001
14249.000000000015
10455.000000000011
14150.000000000016
10476.000000000011
14079.000000000011
10487.750000000011
13965.000000000013
10497.250000000011
13912.000000000011
10485.500000000011
13822.000000000015
10576.750000000011
13805.000000000011
10649.750000000011
13802.000000000016
10889.750000000011
13736.000000000015
11085.000000000011
13678.000000000007
10937.50000000001
13680.000000000015
10822.500000000011
13666.000000000015
10567.50000000001
13648.000000000013
10477.750000000011
13608.000000000011
10382.500000000011
13626.00000000001
10641.250000000011
13568.000000000015
11393.250000000013
13465.000000000013
11242.250000000011
13421.000000000013
11641.750000000013
13355.000000000015
11872.250000000011
13388.000000000016
10955.750000000011
13329.000000000013
10887.750000000011
13601.000000000016
12355.750000000013
14365.000000000013
12937.500000000011
13891.000000000016
12572.500000000013
12707.000000000015
12498.000000000015
12333.00000000001
12306.250000000013
12592.00000000001
11979.500000000013
13942.000000000011
11451.500000000011
15207.000000000011
10813.500000000011
15416.000000000015
10479.000000000011
15970.000000000015
10429.000000000013
16383.000000000018
10304.500000000007
16169.000000000018
10676.75000000001
15041.000000000016
10380.00000000001
14337.000000000016
9969.50000000001
13176.000000000013
9981.75000000001
12943.000000000015
10510.750000000011
13616.000000000016
10396.750000000011
12655.000000000015
10537.500000000013
12121.000000000013
11016.750000000011
12853.000000000015
11209.25000000001
13722.000000000016
10763.00000000001
13821.000000000011
10874.000000000007
13438.000000000015
11559.25000000001
13460.00000000001
10834.500000000011
13548.000000000016
11125.750000000013
13554.000000000016
11767.000000000013
13548.000000000015
11187.500000000011
14004.000000000011
10881.000000000011
13639.000000000016
10718.00000000001
13711.000000000015
10873.000000000011
13529.000000000015
11091.750000000013
13179.000000000015
11273.750000000011
12871.000000000013
12861.75000000001
13015.000000000015
13018.500000000015
13328.000000000013
13158.000000000016
13129.000000000007
13038.000000000013
12575.00000000001
13611.250000000015
12674.000000000011
14356.500000000016
12606.00000000001
14721.500000000016
11696.000000000016
15418.750000000018
11536.000000000011
14818.750000000016
11463.000000000011
13729.500000000016
11396.000000000011
13918.500000000015
11392.000000000011
12699.500000000015
11314.000000000011
12216.750000000011
11276.000000000013
12407.750000000011
11189.000000000013
11908.000000000013
11138.00000000001
11905.750000000013
11109.000000000013
12352.250000000013
11086.000000000011
12789.500000000011
10990.000000000007
13191.000000000013
10931.000000000013
13542.250000000016
10960.000000000011
13660.250000000015
10999.000000000013
13516.500000000018
10910.000000000013
13433.750000000015
10831.000000000013
13875.000000000013
10807.000000000011
14159.000000000013
10819.000000000013
14053.750000000016
10830.000000000007
13815.750000000016
10794.000000000011
13610.750000000011
10787.000000000011
13706.000000000016
10767.00000000001
13793.750000000013
10795.00000000001
13407.750000000013
10871.000000000013
12963.500000000015
10961.000000000011
12641.750000000015
11064.000000000013
12173.500000000013
11056.000000000011