11278.750000000013
10870.000000000011
11741.500000000015
9103.000000000011
11988.000000000013
8849.000000000007
11639.750000000011
8209.000000000007
11825.750000000013
8026.000000000009
12427.500000000011
9629.00000000001
11680.750000000013
11998.00000000001
10916.500000000011
11868.000000000015
10985.000000000011
11304.000000000015
10445.500000000011
11893.000000000007
10296.25000000001
11906.00000000001
10751.000000000011
11435.000000000011
11765.250000000011
11239.000000000011
13232.250000000015
11017.000000000013
13214.750000000011
11537.000000000013
12827.750000000015
11482.000000000011
12499.750000000013
10631.000000000011
12836.250000000015
11710.000000000013
14918.250000000016
13016.000000000013
14192.500000000016
13045.000000000015
13763.000000000018
17761.000000000015
13283.750000000011
14775.000000000018
12229.750000000011
13857.000000000015
12628.000000000013
14086.000000000013
13601.250000000013
14956.000000000011
14280.750000000015
13551.00000000001
16089.500000000018
13366.000000000015
14711.000000000013
12582.000000000013
13251.750000000015
11188.000000000011
13419.500000000015
10974.000000000011
12300.500000000013
10771.000000000011
11881.750000000015
10956.00000000001
11590.750000000011
10539.000000000011
10580.250000000011
13104.000000000011
11263.250000000011
13279.000000000013
11986.750000000011
12551.000000000013
12187.500000000013
12580.000000000007
12201.500000000013
12729.00000000001
11276.250000000013
12168.000000000007
12149.250000000011
12932.000000000013
12289.750000000013
13772.000000000016
12136.750000000013
14375.000000000015
11574.50000000001
16205.000000000016
10214.50000000001
16789.00000000002
10097.50000000001
16558.000000000007
10182.00000000001
17230.00000000002
9385.75000000001
17750.00000000002
8592.25000000001
16027.000000000015
8296.750000000007
15808.000000000016
8398.500000000011
16252.000000000018
8826.750000000007
16298.000000000018
9067.00000000001
16490.00000000001
9047.25000000001
16097.000000000016
9880.75000000001
16126.000000000015
9754.75000000001
16492.000000000022
10391.750000000007
16639.00000000002
10729.500000000013
14357.000000000018
10944.250000000011
14544.000000000016
10446.50000000001
14585.000000000018
9748.25000000001
13424.000000000011
10589.000000000011
12142.000000000015
11256.250000000011
13834.000000000016
10902.750000000011
13004.000000000015
10411.750000000011
12322.000000000007
10727.000000000011
12427.000000000007
13719.750000000016
12506.000000000013
14894.500000000015
11526.000000000013
12878.500000000013
10974.000000000011
12784.000000000011
10223.000000000013
13138.250000000015
10662.000000000011
12809.500000000015
11826.000000000011
12899.000000000013
9621.00000000001
11930.00000000001
9736.00000000001
11622.000000000013
10797.000000000011
12433.250000000011
10915.000000000011
13243.000000000015
9672.000000000007
14224.500000000015
8929.00000000001
13227.500000000016
10692.000000000011
12165.250000000011
12228.000000000015
12268.750000000015
13701.000000000015
11946.500000000011
13104.000000000011
12380.000000000013
13027.000000000016
12747.250000000013
11930.000000000011
12846.500000000013
12150.00000000001
14609.500000000015
12225.00000000001
15921.750000000018
10460.00000000001
14531.500000000015
14582.000000000011
14379.750000000015
16638.00000000002
13664.000000000013
14166.000000000013
14146.250000000013
12308.000000000013