6243.2500000000055
9965.00000000001
6432.750000000007
8872.000000000007
6236.2500000000055
7605.000000000009
5890.7500000000055
6279.000000000008
5774.500000000006
4732.000000000006
5984.2500000000055
3531.0000000000036
6485.000000000005
3068.0000000000023
7217.000000000007
3183.000000000004
7917.000000000007
3729.000000000004
8774.75000000001
4341.000000000004
9343.750000000011
4714.000000000004
9618.75000000001
4901.000000000004
9687.25000000001
5489.000000000005
9451.25000000001
6113.000000000005
9196.250000000011
7141.000000000005
9211.50000000001
8159.000000000008
9411.25000000001
8635.000000000011
9068.25000000001
9085.000000000007
9131.50000000001
8747.000000000005
9395.25000000001
8701.00000000001
9203.750000000011
9579.000000000011
9423.00000000001
10177.00000000001
9068.25000000001
9832.000000000007
9139.500000000011
9699.000000000011
9138.000000000011
10013.000000000011
8777.75000000001
9901.000000000007
9515.750000000007
9630.00000000001
10311.50000000001
9417.00000000001
10593.750000000011
9345.000000000007
10570.000000000011
9101.000000000007
9928.50000000001
7907.000000000008
9714.00000000001
6571.000000000006
10097.25000000001
5709.000000000006
11009.250000000011
5002.0000000000055
11637.250000000013
4232.000000000005
11438.75000000001
3820.0000000000036
11815.500000000011
4073.0000000000036
12014.750000000013
5360.0000000000055
12380.000000000013
7329.0000000000055
12793.750000000015
8900.000000000005
13524.250000000013
10635.00000000001
14025.250000000013
13036.000000000013
14225.250000000015
15257.000000000018
14148.250000000015
16407.00000000002
13829.750000000015
17047.00000000002
13826.500000000015
17606.000000000015
14187.250000000015
16066.000000000013
14761.500000000015
15743.000000000018
14721.750000000015
15112.000000000016
14166.250000000013
14389.00000000001
13747.00000000001
14458.000000000016
14358.500000000015
14542.000000000018
14469.750000000015
13891.000000000016
13948.500000000015
13721.000000000015
14654.000000000018
13929.000000000015
14661.250000000016
16022.000000000016
15115.750000000015
16996.000000000022
14295.500000000013
17385.00000000002
13167.750000000013
19815.000000000022
13263.250000000013
19675.000000000022
13302.500000000013
20001.00000000002
12563.000000000013
19429.00000000001
12559.250000000015
18358.000000000022
12478.750000000013
15738.00000000002
12371.750000000015
16284.000000000018
12436.500000000013
15287.000000000018
11865.750000000011
12011.00000000001
12417.500000000013
11690.000000000015
11812.500000000011
9565.000000000007
11373.25000000001
5653.000000000006
11313.750000000013
5445.0000000000055
11129.000000000013
5440.000000000005
11221.50000000001
4907.0000000000055
12716.500000000011
4473.000000000003
13745.750000000015
4229.000000000003
13325.000000000013
3794.000000000004
12662.250000000011
3471.0000000000036
12683.000000000013
3499.000000000004
12519.750000000011
3767.000000000004
12013.500000000015
3842.0000000000045
10255.00000000001
3909.0000000000036
8964.250000000011
3914.000000000004
7751.750000000008
3897.0000000000036
6764.500000000007
3861.000000000004
6568.2500000000055
3899.0000000000045
6310.500000000006
4015.000000000004
5713.7500000000055
3807.000000000003
5484.000000000006
13101.000000000013
5429.0000000000055
17064.000000000007
4684.250000000005
6087.0000000000055