15271.500000000016
15452.000000000016
14225.750000000016
15079.000000000007
13334.000000000015
14866.000000000016
12943.500000000011
14915.000000000016
13482.750000000013
13686.000000000016
13587.500000000015
13761.000000000016
13103.500000000013
15224.000000000015
12494.500000000015
15366.000000000018
13393.500000000015
15524.000000000016
13382.750000000013
15613.000000000013
12790.750000000013
15903.000000000018
12343.750000000013
15555.000000000016
11725.750000000011
14720.000000000016
11475.500000000013
14159.000000000013
13454.500000000013
14021.000000000015
15127.250000000016
14147.000000000015
15230.000000000016
15004.000000000013
14205.000000000015
14940.000000000018
13699.000000000015
15090.000000000018
14319.750000000015
15217.000000000011
14612.250000000016
15734.000000000013
14660.500000000016
15070.000000000011
14968.250000000015
14701.000000000016
14733.750000000013
14388.00000000001
14567.750000000015
14230.000000000016
14468.750000000016
14931.000000000015
14037.750000000013
15469.000000000018
14018.250000000013
16312.000000000016
13645.000000000013
16495.000000000015
14096.000000000015
17139.00000000002
13806.500000000011
15480.000000000016
13617.750000000015
13913.000000000013
14140.500000000016
12571.000000000011
13817.000000000016
10908.000000000011
13654.000000000013
10470.000000000013
13131.750000000015
10719.00000000001
12532.500000000011
10414.00000000001
12329.000000000011
8762.000000000005
12214.500000000015
10467.000000000011
11309.000000000013
14824.000000000015
11207.750000000013
16301.000000000016
12271.750000000013
16677.000000000015
12427.750000000015
15627.000000000016
12790.250000000013
12848.000000000015
12777.500000000011
12457.000000000015
11635.250000000013
10374.000000000013
11177.000000000013
10328.00000000001
11225.000000000011
9025.000000000007
10255.500000000013
7195.000000000006
10819.750000000013
6095.0000000000055
10257.000000000011
5782.000000000006
10683.500000000013
6361.000000000008
9891.500000000011
6692.000000000005
9996.500000000011
7472.000000000008
10293.000000000011
10062.000000000011
10364.500000000011
12566.000000000007
11276.250000000011
14415.000000000011
11005.250000000011
13508.000000000018
11708.500000000011
11123.000000000013
12513.500000000011
11616.00000000001
13101.500000000013
12024.000000000011
13036.500000000015
12104.00000000001
12781.000000000011
9947.000000000007
11195.000000000013
9429.000000000007
11249.000000000013
10068.000000000007
10955.750000000013
10386.000000000011
11525.500000000011
11517.000000000013
11710.750000000011
12520.000000000007
11496.250000000013
11322.000000000011
11537.500000000013
12739.000000000011
11398.500000000011
11920.00000000001
9806.25000000001
11288.000000000011
10659.000000000011
8873.000000000007
11265.250000000011
9049.000000000011
11771.250000000015
10310.000000000011
12034.250000000013
9999.000000000011
11788.500000000013
14030.000000000013
11116.000000000013
12776.000000000013
10160.750000000011
13249.000000000015
10705.250000000013
13327.000000000016
11168.250000000013
12749.000000000007
10811.75000000001
11898.000000000013
12747.250000000013
13185.00000000001
12947.750000000015
15155.000000000016
13073.750000000013
14013.000000000016
13254.500000000013
13035.000000000013
13309.500000000011
13903.000000000015
13481.750000000015
13145.000000000013
13590.750000000015
15018.000000000016
14089.000000000016
15178.000000000016