12305.750000000011
11966.00000000001
12533.750000000011
12197.000000000015
13036.500000000015
12685.000000000015
13464.500000000015
13401.000000000013
13170.750000000013
13670.000000000015
12842.250000000016
13399.00000000001
13261.500000000015
13464.000000000007
14057.500000000016
12966.000000000015
15146.000000000015
11874.00000000001
16210.250000000016
11652.000000000007
16711.50000000002
12533.000000000015
16332.250000000018
13063.00000000001
15236.250000000016
13259.000000000015
14443.750000000015
13327.000000000007
14912.500000000018
12782.000000000015
16495.75000000002
13073.000000000011
16786.000000000015
14229.000000000016
15894.250000000016
15399.000000000016
15575.250000000015
15338.000000000013
15985.000000000016
15311.000000000016
16014.000000000015
14734.000000000016
14954.500000000015
13785.000000000013
14557.750000000016
13974.000000000015
15098.000000000018
15214.000000000018
15665.500000000016
14932.000000000016
16960.00000000002
14460.000000000011
17624.00000000002
15322.000000000016
16997.50000000002
16991.00000000001
16244.250000000016
18796.000000000015
15847.250000000016
21340.000000000015
15438.500000000018
23896.000000000022
15176.500000000016
24360.00000000002
14664.500000000016
24217.000000000033
14054.250000000015
24052.00000000002
14391.500000000015
24476.00000000003
15307.750000000016
24926.00000000003
16465.25000000002
24535.000000000033
16831.25000000002
23717.000000000025
17042.50000000002
21304.000000000022
16445.250000000015
18672.000000000022
14440.000000000011
15961.000000000016
13642.250000000015
14620.000000000016
12943.000000000013
15626.000000000016
12672.250000000013
17796.00000000002
12459.000000000013
18632.000000000022
12974.250000000013
18325.000000000015
13131.000000000013
17026.000000000022
13360.250000000013
15324.000000000013
13517.750000000015
13282.000000000013
12996.750000000015
15180.000000000015
12788.750000000013
14850.000000000018
13722.000000000013
16330.000000000016
14314.000000000015
19157.000000000022
13932.500000000016
18775.000000000022
13928.750000000013
17214.00000000002
14747.500000000018
14965.000000000016
14803.500000000015
11444.000000000013
14046.000000000011
12360.000000000015
13338.250000000013
16927.00000000002
13762.500000000013
19840.00000000001
14034.500000000013
17081.00000000002
13235.250000000018
14554.000000000015
14122.750000000015
17518.000000000015
14575.250000000013
17053.00000000001
14748.250000000013
16267.000000000018
14203.500000000013
16267.000000000016
13301.500000000013
15630.000000000018
12248.000000000011
14730.000000000013
11734.000000000011
13169.00000000001
11431.500000000013
13509.000000000016
12119.25000000001
13573.000000000013
13843.500000000015
13390.000000000013
14342.250000000011
12569.000000000015
13715.500000000013
11652.000000000007
13449.500000000015
11098.000000000013
13841.250000000015
11418.000000000011
14369.500000000016
14056.000000000015
14431.500000000016
15811.000000000016
13521.500000000016
15939.000000000016
12137.500000000011
15326.000000000016
12275.500000000011
14297.000000000018
12289.250000000013
13410.000000000011
12127.75000000001
13184.00000000001
11694.750000000013
11764.000000000011
11585.250000000011
10985.00000000001
11225.500000000013
11149.000000000011
10979.000000000011
11914.000000000015
10870.250000000011
12439.00000000001
11510.750000000013
13488.000000000015
11943.750000000011
15385.000000000013