8799.500000000011
4908.0000000000055
8587.500000000007
4757.000000000005
8356.00000000001
4769.000000000005
8344.75000000001
4947.000000000005
8418.750000000007
5542.0000000000055
8402.00000000001
6353.000000000007
8594.750000000007
7224.000000000007
8341.500000000007
8252.000000000005
8033.500000000008
9363.00000000001
7894.500000000007
10485.000000000011
7927.250000000005
11609.000000000015
8071.500000000008
12712.00000000001
8346.000000000007
13690.000000000015
8686.250000000007
14582.000000000011
9014.000000000007
15467.000000000015
9264.00000000001
16321.000000000018
9492.250000000011
17068.00000000001
9762.500000000011
17586.00000000001
10060.250000000011
18016.000000000022
10335.50000000001
18328.000000000022
10671.500000000011
18525.000000000022
11100.500000000011
18608.000000000022
11553.000000000013
18647.000000000022
11929.750000000013
18551.000000000015
12089.500000000011
18262.000000000015
12273.000000000013
17873.00000000002
12463.000000000011
17315.00000000002
12592.000000000013
16497.000000000015
13731.750000000013
15540.000000000016
13038.000000000013
14498.000000000013
12421.750000000013
12313.000000000011
11986.25000000001
9651.00000000001
11817.250000000013
8509.000000000004
11814.25000000001
8202.000000000007
10897.500000000011
8174.00000000001
10072.250000000007
7860.000000000009
10231.750000000011
7381.000000000007
9987.00000000001
7700.000000000006
9657.750000000011
7552.000000000007
9007.25000000001
6833.000000000007
9075.75000000001
6820.000000000007
9418.75000000001
6911.000000000007
10091.750000000011
6330.000000000007
10141.50000000001
6196.000000000005
9781.50000000001
6023.000000000004
9885.750000000011
6749.000000000008
9953.500000000011
7228.000000000006
9687.75000000001
7559.000000000007
10343.00000000001
8280.00000000001
10781.25000000001
8303.00000000001
11101.750000000011
8277.000000000011
11570.250000000011
7654.000000000009
12493.500000000013
6635.000000000007
13196.500000000013
6173.000000000005
13169.000000000013
5963.000000000004
13639.000000000013
5806.0000000000055
14570.000000000015
5701.000000000006
14663.750000000016
5612.0000000000055
14993.500000000018
5616.0000000000055
14917.750000000015
5583.000000000006
15007.750000000013
5625.000000000006
15497.750000000015
5710.000000000006
16422.500000000015
5941.0000000000055
15904.250000000018
6173.000000000005
16468.50000000002
6212.000000000005
17903.00000000002
6214.000000000004
18110.000000000015
6202.0000000000055
17286.000000000015
6118.0000000000055
17030.500000000022
5992.000000000007
17125.00000000002
5872.000000000004
17652.75000000002
5845.000000000007
18046.00000000002
5953.000000000005
18574.750000000015
6084.000000000004
19528.750000000022
6045.000000000006
19843.000000000022
5969.000000000007
20059.50000000002
5799.0000000000055
19964.25000000002
5533.000000000006
20133.500000000022
5368.0000000000055
19560.500000000022
5109.0000000000055
18474.00000000002
4816.0000000000055
18106.500000000015
4597.000000000002
17658.00000000002
4424.0000000000055
17028.75000000002
4243.000000000005
16354.250000000016
4038.000000000003
15055.750000000015
3908.000000000004
13713.750000000015
3889.0000000000036
13018.250000000015
4067.000000000004
12843.250000000013
4296.0000000000055
12733.000000000013
4638.000000000004
12382.000000000013
5150.000000000005