25601.000000000033
25544.000000000033
25605.000000000025
25672.00000000002
25548.000000000025
25556.000000000033
25568.00000000003
25664.000000000033
25614.00000000003
25584.00000000003
25618.000000000033
25576.00000000002
25672.750000000033
25625.00000000002
25643.250000000025
25611.00000000003
25392.50000000003
25654.000000000025
25185.750000000022
25661.000000000033
25286.000000000025
25685.000000000036
25435.50000000003
25612.00000000003
24109.750000000025
25658.000000000022
22440.500000000022
25713.00000000002
21265.750000000025
24942.00000000003
20178.500000000022
16152.00000000002
18572.500000000022
12670.000000000015
17600.75000000002
11627.000000000011
16872.50000000002
11428.000000000013
16073.750000000018
11189.000000000013
16273.750000000015
11462.000000000011
15614.250000000013
10901.000000000011
14112.000000000015
10408.000000000011
14027.000000000016
10563.00000000001
14199.250000000016
10683.000000000011
12843.750000000015
10548.000000000015
12898.500000000011
10872.000000000013
12926.000000000013
12712.000000000018
11471.500000000011
15120.000000000018
10730.000000000011
16216.000000000015
9988.500000000011
17351.000000000025
9215.50000000001
18752.000000000022
8518.75000000001
19085.000000000015
7964.500000000007
19177.000000000015
7746.250000000009
19050.000000000025
7920.250000000007
18981.000000000022
7841.500000000007
19352.00000000002
7579.500000000007
19583.00000000001
7472.500000000008
19346.000000000022
7525.750000000009
19426.00000000002
7321.000000000007
18843.000000000015
7304.500000000007
18135.00000000001
7830.250000000007
17665.000000000022
8222.00000000001
17180.000000000015
8576.750000000007
16611.00000000001
9380.25000000001
16596.00000000001
9888.500000000011
16764.00000000001
9885.750000000011
16602.000000000015
9960.25000000001
16899.00000000001
10023.500000000013
17966.00000000002
9823.500000000007
19469.000000000022
9811.750000000011
19537.000000000022
9924.25000000001
19506.00000000001
9967.75000000001
19556.000000000022
9804.50000000001
19561.000000000022
9815.00000000001
19450.000000000015
9566.500000000011
19496.000000000015
9405.000000000011
19536.00000000001
9265.00000000001
19486.00000000002
9101.750000000007
19526.000000000022
9380.75000000001
19412.00000000002
9585.250000000011
19459.00000000001
9827.000000000011
19377.000000000022
10103.250000000011
19218.00000000002
10498.750000000013
19293.000000000022
11178.250000000011
19373.000000000022
11318.000000000011
19328.000000000015
11570.000000000013
19348.00000000002
12210.000000000013
19381.00000000002
12667.750000000011
19361.000000000015
13181.750000000015
19338.000000000022
13795.500000000016
19552.000000000022
14438.250000000013
19469.000000000022
15102.000000000015
19504.00000000002
15906.750000000015
19633.000000000015
16394.00000000002
19602.000000000022
17106.000000000015
19664.000000000015
18017.25000000002
19651.000000000022
18792.50000000002
19660.000000000022
19559.75000000002
19678.000000000022
20906.25000000002
19752.000000000022
22532.50000000003
19737.000000000022
23596.250000000025
19655.00000000002
23762.750000000022
19699.00000000002
23846.750000000022
19953.000000000015
23993.750000000022
20127.00000000002
24124.250000000022
20522.000000000022
24313.250000000025
20791.000000000022
24436.75000000003
21232.000000000022
24472.00000000003
21635.000000000025