13016.250000000015
18014.00000000001
13078.750000000013
18306.000000000022
12964.500000000013
18158.000000000015
12974.000000000015
18647.000000000022
13334.250000000015
20445.000000000022
13583.750000000013
21173.000000000015
13503.500000000013
20754.000000000025
13277.500000000015
20980.00000000002
13084.500000000013
20863.000000000022
13360.250000000016
19077.00000000002
14351.250000000016
17708.00000000001
15102.000000000013
20148.000000000022
15329.000000000015
22984.000000000022
15607.000000000015
23135.000000000025
15770.250000000015
23516.000000000015
15618.00000000002
23169.000000000025
15635.000000000016
22108.000000000025
16210.500000000015
21932.000000000022
16668.500000000015
21998.000000000025
16332.500000000015
22583.00000000002
15243.750000000016
22429.000000000022
13763.750000000013
22189.000000000022
13646.000000000013
22940.000000000025
14412.750000000015
20952.000000000025
14296.750000000016
18037.00000000002
14503.000000000015
19006.000000000022
14773.000000000016
20863.000000000022
15260.750000000015
23482.000000000015
15348.000000000015
24565.000000000015
14661.250000000016
24405.00000000002
14475.000000000015
24298.00000000002
14383.000000000015
23761.00000000003
14812.250000000015
24124.000000000015
15263.750000000015
21908.000000000025
15269.250000000016
20656.000000000022
14784.500000000011
20347.000000000022
14778.750000000015
19304.00000000002
13311.250000000015
20796.000000000025
12054.500000000011
21015.000000000022
10851.500000000011
16739.000000000015
9952.25000000001
17129.000000000022
10305.750000000013
17593.000000000015
11164.000000000011
19608.000000000022
11768.750000000011
19339.000000000022
11251.500000000011
19576.000000000022
11082.000000000013
21741.000000000022
11055.500000000011
22860.000000000025
10721.750000000011
22262.000000000022
10772.250000000011
22888.00000000003
10550.00000000001
23080.000000000025
10195.25000000001
22032.00000000002
9738.00000000001
21845.000000000025
9275.50000000001
21254.000000000022
9201.500000000011
21836.000000000022
9293.75000000001
20866.000000000022
9378.500000000011
21474.000000000022
10420.50000000001
22252.000000000022
11349.750000000011
23074.000000000022
11366.250000000011
22583.00000000002
12101.000000000013
20714.000000000022
11729.500000000013
20286.00000000002
11484.000000000013
19364.00000000002
11904.250000000011
18449.00000000002
12565.750000000015
17311.00000000001
13496.500000000015
17281.00000000002
13018.500000000015
18135.000000000022
13042.250000000011
18397.000000000022
13200.250000000011
19212.000000000022
13338.250000000013
17769.00000000001
12816.000000000015
19022.000000000022
13488.750000000015
18804.00000000001
14624.250000000013
16990.00000000001
15847.750000000015
16236.000000000018
15731.500000000015
16767.000000000022
16256.250000000016
16592.00000000002
16545.250000000015
16707.000000000015
17577.75000000002
16391.000000000015
18549.00000000002
15441.000000000015
18517.25000000002
14508.000000000015
19137.25000000002
14885.000000000016
18746.25000000002
16154.000000000018
19262.25000000002
16059.00000000002
19471.250000000022
14852.000000000013
18750.50000000002
14102.000000000016
19627.500000000015
13673.00000000001
20469.00000000002
13428.00000000001
20489.000000000022
14316.000000000016
19850.250000000022
13693.000000000016
19572.750000000022
12900.000000000007
19855.500000000022
12081.000000000015