7920.000000000008
7913.000000000009
7798.000000000008
8057.000000000008
7832.250000000008
7666.000000000006
7962.000000000007
6921.000000000006
8183.500000000007
6089.000000000006
8571.50000000001
5417.000000000006
9195.750000000007
5205.0000000000055
9732.25000000001
5280.0000000000055
10190.50000000001
5355.000000000005
10437.75000000001
5359.000000000006
10574.250000000011
5364.000000000003
10185.250000000011
5387.000000000007
9561.00000000001
5393.0000000000055
9066.00000000001
5657.0000000000055
8858.75000000001
6439.000000000007
8850.75000000001
7702.000000000007
8975.00000000001
8828.00000000001
8926.250000000011
9756.000000000007
8610.250000000007
10401.000000000011
8418.00000000001
10860.000000000011
8612.750000000007
11047.000000000011
8935.25000000001
10768.000000000011
9263.50000000001
10355.000000000011
9394.000000000013
10087.00000000001
9172.50000000001
9832.000000000007
8896.50000000001
9409.00000000001
8566.500000000007
8839.000000000005
8399.50000000001
8685.00000000001
8426.00000000001
8489.000000000005
8233.750000000011
8514.000000000007
9314.250000000011
8723.00000000001
10462.250000000011
8736.000000000007
8899.250000000007
8799.00000000001
7598.000000000007
8439.000000000007
7577.500000000006
7809.00000000001
7803.500000000007
7516.000000000009
7999.000000000008
8157.000000000009
8295.25000000001
9200.000000000007
8914.250000000007
9885.000000000007
9341.500000000011
10099.000000000007
9643.750000000011
9358.000000000011
9472.75000000001
8139.000000000007
9266.500000000007
7948.000000000009
9112.00000000001
7513.000000000007
8817.75000000001
7443.000000000008
8555.50000000001
8417.00000000001
9477.50000000001
9163.00000000001
10000.25000000001
9455.00000000001
9925.00000000001
8937.00000000001
9567.50000000001
8905.000000000011
9590.50000000001
8914.000000000005
10082.25000000001
8836.00000000001
9747.50000000001
8780.000000000007
9192.750000000007
8713.000000000007
9224.00000000001
9415.00000000001
9981.75000000001
9465.000000000011
11035.750000000011
9393.00000000001
11513.000000000011
8384.000000000007
11533.250000000011
7483.000000000009
10407.500000000011
7612.000000000007
10229.250000000011
8441.00000000001
9311.750000000011
9848.000000000007
8513.25000000001
11386.000000000013
8962.75000000001
12170.000000000013
9542.25000000001
12341.000000000015
10082.250000000013
11909.000000000007
9666.750000000011
10640.000000000011
9624.000000000011
9611.000000000007
9607.50000000001
8798.000000000011
9552.00000000001
8074.000000000008
9186.250000000007
8185.000000000007
8745.75000000001
7674.000000000007
10239.75000000001
7390.0000000000055
9484.00000000001
9029.000000000005
8704.00000000001
9205.000000000005
8960.00000000001
8885.000000000005
8601.25000000001
9650.000000000007
7249.000000000008
9765.000000000013
7619.500000000005
9926.000000000011
8034.000000000006
10091.000000000007
7614.750000000008
9310.00000000001
7628.000000000007
8352.000000000005
7801.500000000007
7536.000000000007
7543.000000000008
7519.000000000007
7239.250000000008
8229.000000000005
6834.000000000005
8228.00000000001
6818.250000000006
9110.000000000011
6724.750000000005
9400.000000000013
6529.5000000000055
7750.000000000007
6800.500000000006
7419.000000000008