32640.000000000033
32545.000000000036
32640.000000000033
32625.000000000033
32640.000000000033
32619.00000000004
32640.000000000033
31489.000000000033
32640.000000000033
24625.000000000015
32610.750000000036
19952.000000000022
32608.75000000003
16917.00000000001
32201.500000000033
14531.000000000016
29775.500000000036
13334.000000000011
27276.250000000025
12446.000000000013
25575.75000000003
11607.000000000013
24609.250000000025
11689.000000000011
23794.500000000025
12020.000000000015
23394.750000000022
11908.000000000015
23510.250000000022
11702.000000000011
23828.750000000022
12683.00000000001
24025.250000000025
15828.000000000018
23416.250000000022
17084.00000000001
23103.500000000025
18071.00000000002
22595.500000000025
20879.000000000022
21137.25000000002
22887.000000000022
20560.25000000002
23794.000000000025
19776.250000000025
22701.000000000022
19814.000000000022
24264.000000000025
19750.75000000002
24214.000000000015
20198.000000000022
23353.000000000025
19745.00000000002
23153.000000000022
18453.75000000002
20604.000000000025
17812.000000000015
19223.000000000015
17088.500000000015
19340.000000000022
16074.000000000016
19937.00000000002
15416.250000000016
18795.000000000015
15012.500000000016
18471.000000000022
13961.000000000015
19643.000000000022
12752.250000000013
20273.000000000015
12625.250000000013
21108.000000000022
13177.500000000013
20487.000000000015
13433.500000000013
20691.00000000002
12686.000000000011
21856.000000000025
12104.500000000011
23217.00000000002
11711.000000000011
22972.000000000025
11346.000000000011
22131.000000000022
10855.250000000011
22527.000000000022
10835.75000000001
24311.00000000002
11086.750000000013
27650.00000000002
12055.25000000001
27026.000000000033
12223.250000000015
26459.000000000025
11908.50000000001
26067.00000000003
11450.50000000001
25591.00000000002
12333.250000000015
24509.000000000025
12810.750000000011
24150.000000000025
12630.000000000016
24260.000000000022
12230.750000000011
24182.000000000025
12852.250000000013
24262.000000000022
13417.500000000015
23531.000000000015
13085.000000000013
23080.000000000022
12665.500000000011
22840.000000000025
12591.000000000013
22810.000000000022
12798.000000000015
23519.00000000002
13348.750000000013
24290.000000000022
13824.500000000011
24284.00000000003
13905.500000000015
24597.000000000015
14431.750000000015
24480.00000000002
15421.000000000015
25007.000000000022
16206.750000000016
25564.00000000003
16957.75000000002
25661.000000000015
18367.75000000002
25783.000000000015
18919.75000000002
25516.00000000002
18771.750000000022
26091.000000000015
19097.500000000022
26575.000000000033
19365.00000000002
26176.00000000003
19770.000000000022
26189.00000000003
20351.500000000022
26533.00000000003
20857.500000000022
27363.00000000003
21449.000000000025
28428.000000000033
22442.00000000002
29198.00000000003
23885.000000000025
29591.000000000033
24922.25000000003
30245.000000000033
26075.250000000025
30755.000000000025
27263.500000000033
30803.00000000003
28079.75000000003
30784.000000000036
28476.25000000003
31003.000000000033
29239.00000000003
31728.000000000036
30829.750000000036
32529.000000000033
32293.250000000033
32626.000000000033
32616.750000000033
32613.000000000033
32602.000000000036
32632.000000000033
32549.50000000003
32621.000000000033
32615.500000000033
32624.000000000036
32100.00000000003
32512.000000000033