25304.000000000025
25228.000000000033
25328.75000000003
25264.000000000022
25401.500000000022
25140.000000000022
25363.500000000022
25212.00000000002
25418.750000000025
25344.000000000033
25389.50000000003
25368.00000000003
25398.750000000033
25210.00000000002
25389.25000000003
25286.000000000025
25339.750000000025
25371.000000000022
25353.000000000022
25449.000000000036
25171.500000000025
24697.000000000033
24254.25000000002
17119.000000000015
22512.250000000022
12682.00000000001
21724.500000000025
10725.00000000001
20685.750000000022
11550.000000000015
19833.75000000002
11469.000000000011
18978.75000000002
11081.000000000011
18553.00000000002
10273.000000000011
18472.75000000002
9460.00000000001
18397.75000000002
9789.000000000013
18287.50000000002
10635.00000000001
17907.50000000002
11955.000000000016
16792.500000000015
13660.000000000015
15211.750000000016
17053.00000000001
14932.500000000016
17944.000000000015
14319.500000000013
16353.000000000018
13911.000000000015
18207.00000000002
13182.500000000013
17047.00000000002
12234.000000000011
16033.00000000002
11654.000000000011
14355.000000000016
10625.00000000001
13658.00000000001
9997.25000000001
15225.000000000018
9814.500000000011
14564.000000000016
9209.250000000011
13224.000000000016
8997.000000000013
13113.000000000016
9138.25000000001
12524.000000000016
8771.75000000001
12981.000000000015
8731.250000000007
13951.000000000016
8666.750000000011
14982.000000000018
8531.250000000007
15548.000000000015
8691.000000000007
15528.000000000015
8969.750000000011
15577.00000000001
8816.250000000007
19061.00000000002
8688.25000000001
20120.000000000022
9197.50000000001
18771.00000000002
9664.000000000011
17722.00000000002
9825.250000000011
16869.00000000001
10158.750000000011
16418.000000000015
10346.75000000001
16069.000000000016
10541.750000000011
15698.000000000018
10548.500000000011
15335.000000000015
10552.50000000001
14871.000000000015
10464.75000000001
14525.000000000015
10255.000000000011
14666.000000000016
10289.75000000001
15088.000000000015
10614.25000000001
14933.000000000011
11039.25000000001
14495.00000000001
11081.250000000011
14630.000000000015
11288.50000000001
14982.000000000015
11437.25000000001
15073.000000000015
11637.000000000011
15003.000000000016
11946.250000000011
15083.000000000016
12316.750000000013
15103.000000000018
12685.750000000013
15850.000000000018
12775.250000000015
15938.000000000016
12884.000000000011
16591.00000000002
13243.250000000015
16797.00000000002
14020.000000000013
16569.000000000022
14810.000000000016
17017.00000000002
15468.500000000013
17907.00000000001
15907.250000000016
18958.00000000001
16346.500000000015
19491.000000000022
16964.25000000002
19930.00000000002
17271.50000000002
20661.00000000002
17821.75000000002
21514.00000000002
18869.000000000022
22202.00000000003
19583.25000000002
22619.00000000002
20658.750000000025
22750.000000000022
21189.000000000022
22969.000000000025
21865.750000000022
23252.000000000022
22272.500000000022
23450.000000000022
22287.750000000022
23561.000000000015
22409.250000000025
23741.000000000015
22578.50000000002
23949.00000000002
22698.500000000025
23979.00000000002
22826.500000000022
24074.000000000022
23036.000000000022
24371.000000000033
23300.750000000025
24514.00000000002
23614.000000000022
24634.00000000002
23947.50000000003
24764.000000000033