6838.000000000006
2496.0000000000027
5460.250000000006
2462.000000000002
4688.500000000005
2345.0000000000014
4467.500000000005
2286.0000000000014
4353.000000000005
2257.0000000000023
4348.0000000000055
2210.0000000000027
4532.000000000005
2188.0000000000027
4826.500000000005
2275.0000000000027
5168.500000000006
2447.0000000000027
5326.5000000000055
2648.0000000000027
5344.000000000005
3069.000000000002
5468.250000000006
3663.000000000004
5679.2500000000055
3979.000000000003
5970.2500000000055
4790.000000000005
5884.000000000006
5754.000000000006
6071.000000000007
6414.000000000007
6269.750000000006
7124.000000000007
6621.250000000006
7852.000000000008
7496.250000000007
8733.000000000005
9220.000000000011
9466.000000000007
9770.75000000001
10082.000000000011
9230.75000000001
10249.000000000011
8572.250000000007
10394.000000000011
7577.750000000007
10933.000000000011
7080.250000000007
11191.000000000013
7275.000000000007
11538.000000000011
7875.500000000009
11768.00000000001
7780.250000000006
11937.00000000001
8037.750000000008
12189.000000000011
7887.250000000009
12519.000000000007
7456.250000000009
12769.000000000011
7588.750000000008
12999.000000000011
7687.500000000008
13299.000000000013
8013.500000000008
13820.000000000011
9322.00000000001
14032.000000000015
10185.250000000011
14023.00000000001
10102.500000000011
14202.000000000011
9786.750000000011
14721.000000000016
10003.00000000001
15194.000000000018
9952.75000000001
15353.000000000018
9574.00000000001
14872.000000000011
9423.25000000001
14463.000000000015
10791.500000000011
14610.000000000016
9059.25000000001
14385.000000000016
8798.50000000001
13689.000000000011
9799.00000000001
14036.000000000015
10736.25000000001
14052.000000000015
11427.00000000001
13971.000000000015
11594.250000000013
15561.000000000018
11388.000000000011
14972.000000000007
11703.25000000001
14141.000000000011
12327.750000000015
14221.00000000001
12258.500000000011
13782.000000000015
13031.750000000011
13368.000000000018
14020.750000000015
16002.000000000015
14277.750000000013
17957.000000000015
13991.000000000015
16821.00000000002
14056.750000000013
15236.000000000016
13604.000000000016
11421.000000000013
13693.250000000015
10765.000000000013
12493.000000000015
11430.000000000013
12685.750000000013
12046.000000000007
13057.000000000015
11249.000000000011
13253.000000000013
7789.000000000007
13329.000000000013
4290.000000000003
14040.500000000015
4109.000000000004
14415.250000000015
4537.000000000005
14628.750000000015
4572.000000000003
15029.500000000016
4664.000000000005
15404.750000000013
4953.0000000000055
15595.750000000018
5157.000000000005
15831.500000000018
5277.0000000000055
14917.000000000016
5508.000000000005
14953.500000000016
5869.000000000005
14616.500000000015
6060.000000000005
13727.000000000016
6139.000000000006
12561.500000000015
6162.000000000006
13640.750000000013
6078.000000000006
14116.000000000015
6275.000000000008
13359.750000000011
6797.000000000008
11472.750000000011
7058.000000000007
10871.750000000013
6821.000000000005
11079.250000000011
6843.000000000006
10183.500000000013
7349.000000000009
9732.50000000001
7503.000000000009
10158.000000000011
7199.000000000008
9091.00000000001
7311.000000000008
8299.25000000001
7940.000000000009
8206.250000000007
8415.000000000007
9441.000000000011
8697.000000000007