8577.00000000001
7917.000000000009
10953.000000000011
9369.000000000011
10910.250000000011
8803.000000000007
10847.50000000001
8539.000000000011
10858.25000000001
8422.000000000007
10782.500000000011
8441.00000000001
10553.500000000011
8524.000000000011
10532.750000000013
8619.000000000005
10673.250000000013
8633.000000000005
10464.250000000011
8649.000000000005
10708.250000000011
8783.000000000011
11698.750000000011
8942.00000000001
12534.500000000011
9126.000000000011
12469.750000000011
9367.000000000007
12768.500000000011
9601.000000000005
12859.75000000001
9870.000000000007
11930.500000000013
10162.000000000011
11732.500000000013
10484.000000000013
12135.000000000013
10942.000000000011
11744.50000000001
11572.000000000011
11412.000000000011
12194.00000000001
12471.250000000013
12736.000000000015
12304.250000000013
13086.000000000015
11100.250000000013
13185.000000000018
10998.750000000011
13090.000000000011
10590.250000000013
12980.000000000016
9921.75000000001
12807.000000000013
10180.250000000011
12628.000000000013
10240.500000000011
12318.00000000001
8971.25000000001
11800.00000000001
8324.000000000007
10971.000000000013
8428.500000000007
9973.00000000001
7865.000000000009
9169.000000000007
8010.750000000008
8865.000000000007
8711.50000000001
8656.000000000005
8822.50000000001
8963.000000000007
8949.25000000001
9368.000000000007
9016.25000000001
9538.00000000001
9062.25000000001
9915.000000000011
8850.250000000007
9837.000000000011
8592.75000000001
9217.000000000011
8632.75000000001
9504.000000000007
8727.25000000001
8155.000000000009
8814.25000000001
7465.000000000008
9188.250000000007
7507.000000000009
8971.000000000007
6441.000000000007
8745.00000000001
5891.000000000005
8485.25000000001
5868.000000000007
8263.500000000007
5931.000000000006
8275.75000000001
6516.000000000005
8576.25000000001
6525.000000000006
8863.75000000001
6835.000000000007
8886.25000000001
7864.000000000007
8285.50000000001
9809.000000000007
8192.250000000007
11428.000000000011
8532.00000000001
13912.000000000011
7993.500000000009
16938.000000000015
7791.500000000008
18145.000000000025
8158.000000000009
17935.00000000001
8585.750000000011
17089.000000000015
8865.25000000001
16175.000000000018
8736.25000000001
16468.000000000022
8838.25000000001
16401.00000000002
9244.75000000001
14771.000000000015
9252.25000000001
14231.000000000016
9746.750000000011
13074.000000000011
10758.250000000011
12491.000000000013
11371.750000000011
13052.000000000007
10697.500000000011
13773.000000000015
10568.750000000011
14359.000000000015
12385.500000000015
14607.000000000016
12668.750000000016
13485.000000000011
11611.500000000013
13316.000000000016
11393.250000000011
14184.000000000016
11169.750000000013
14758.000000000013
11380.000000000013
15097.000000000016
12443.750000000015
14670.000000000015
12934.75000000001
14335.000000000016
12070.500000000011
14038.00000000001
11674.750000000013
13767.000000000016
10555.000000000013
13234.000000000013
9265.500000000011
12575.00000000001
8413.000000000005
12246.000000000007
7857.000000000007
12471.000000000013
7120.500000000006
12756.000000000013
7171.000000000007
12934.000000000015
7678.000000000008
12947.000000000007
8355.500000000007
12769.000000000011
8469.500000000007
12464.000000000011
6628.000000000007
9632.000000000011