11951.00000000001
9048.000000000007
11871.000000000011
9775.00000000001
11933.750000000013
10550.000000000011
12033.000000000013
11087.000000000013
12626.250000000013
11014.000000000013
13781.250000000015
10828.000000000011
14066.500000000013
10915.000000000011
13932.000000000015
10632.000000000007
13709.500000000013
10846.000000000013
14095.750000000015
11266.000000000011
14678.250000000015
11514.000000000013
14192.500000000015
11486.000000000013
13408.000000000015
11775.000000000011
13748.500000000015
11882.000000000013
14227.750000000015
11841.000000000011
14144.750000000013
11922.000000000015
13669.500000000013
12397.000000000007
14412.500000000015
12516.00000000001
13754.750000000015
12903.000000000011
13068.250000000015
13763.000000000015
13333.250000000013
14095.000000000011
13273.750000000013
14222.000000000015
12750.750000000011
13681.000000000015
12025.500000000013
10038.000000000007
11531.750000000015
5742.0000000000055
11630.750000000013
3750.0000000000036
12162.750000000013
2171.0000000000023
13188.750000000011
974.0000000000011
12803.750000000013
934.000000000001
12786.000000000013
1068.000000000001
12345.250000000011
1113.0000000000014
11989.500000000013
1112.000000000001
10974.000000000013
1121.0000000000014
9935.500000000011
1092.000000000001
9330.750000000011
971.000000000001
9484.25000000001
936.000000000001
9820.750000000011
996.000000000001
10096.750000000011
872.000000000001
10451.750000000011
1574.0000000000011
10476.250000000013
4148.000000000002
11096.750000000011
7739.000000000008
11755.750000000011
10031.000000000011
12977.250000000015
10758.00000000001
13824.250000000011
10814.000000000011
13754.000000000013
11083.000000000011
13592.000000000016
11305.000000000013
13462.250000000013
11385.000000000011
13393.500000000015
11561.000000000011
13864.750000000013
11680.000000000007
15103.250000000015
11697.000000000007
16145.500000000016
11794.000000000011
16619.25000000002
11907.00000000001
16690.75000000002
11905.00000000001
16894.000000000015
11812.000000000015
15904.500000000015
11832.000000000007
14705.000000000013
11882.000000000013
13364.250000000015
11905.00000000001
13297.250000000013
11963.000000000011
13994.500000000015
11939.000000000007
12784.750000000013
11927.000000000013
12625.000000000013
11909.000000000016
13074.500000000016
11838.000000000015
14202.250000000015
11879.000000000016
13495.500000000015
11843.00000000001
13455.500000000016
11923.000000000015
14413.250000000016
12005.000000000015
15240.250000000015
11838.000000000015
14970.750000000015
10897.00000000001
14654.250000000016
9036.000000000005
12588.000000000015
7306.000000000007
11837.500000000013
6096.000000000007
12097.500000000013
5096.000000000006
11557.250000000013
4317.000000000003
11051.750000000011
3867.0000000000036
10978.500000000011
3785.0000000000045
10977.000000000013
3727.0000000000036
11774.500000000013
3206.000000000002
12372.500000000013
2472.000000000003
12649.500000000013
2115.000000000002
13072.500000000013
2047.0000000000018
13673.250000000013
2096.000000000002
13941.750000000015
2180.000000000002
14282.250000000015
2113.0000000000027
12918.500000000013
2032.0000000000018
11693.500000000011
2054.000000000002
11372.000000000011
2064.000000000002
11078.000000000011
2096.000000000002
11903.250000000015
2050.0000000000014
12416.250000000013
2116.0000000000023
12238.500000000011
2167.0000000000023