32633.250000000036
31108.000000000033
32633.000000000036
25854.00000000002
32615.500000000033
22261.000000000025
32627.00000000003
19490.000000000022
31717.50000000003
17605.000000000022
30585.750000000036
14782.000000000016
29450.500000000033
13969.000000000013
28259.250000000033
15664.000000000011
27347.75000000003
14733.000000000016
26187.75000000003
13854.000000000015
25837.250000000025
12243.000000000013
25590.000000000025
11839.000000000011
25114.500000000022
13252.000000000013
24778.750000000025
13333.000000000011
24576.750000000025
13539.000000000016
25166.500000000025
17107.000000000015
26306.750000000025
18943.00000000001
26434.750000000025
20633.000000000022
25876.50000000003
23024.000000000022
25118.250000000022
23212.000000000015
23554.000000000022
24137.00000000003
23164.500000000025
25369.000000000022
21711.500000000025
25903.00000000003
19945.75000000002
26284.000000000025
19628.50000000002
21487.000000000025
20021.75000000002
18086.00000000002
19551.25000000002
16680.000000000015
18731.00000000002
16669.00000000002
17520.500000000022
16970.000000000015
16362.000000000016
17040.00000000001
16240.750000000016
14889.000000000015
15927.750000000016
13631.000000000016
15686.750000000016
14589.000000000015
15007.750000000018
16605.000000000022
14317.750000000015
19540.000000000022
13796.000000000015
20307.000000000022
13746.500000000013
20781.000000000025
13973.750000000015
22321.000000000025
13772.750000000013
22955.000000000022
14157.500000000016
20667.000000000022
14319.750000000016
20396.000000000015
14071.250000000015
21013.000000000022
13684.250000000015
23955.000000000015
13320.000000000013
31885.000000000033
13852.250000000011
31024.000000000033
13961.750000000016
29255.000000000033
16014.250000000015
27953.000000000025
17102.25000000002
26833.000000000022
16871.75000000002
25746.000000000033
16728.25000000002
24687.000000000033
15821.250000000016
22622.000000000025
15149.000000000015
22715.000000000025
14430.250000000016
23976.000000000025
15346.000000000016
23158.000000000025
16099.750000000011
23062.000000000025
16619.000000000015
22536.00000000002
16948.25000000002
21283.000000000025
16934.000000000015
19607.000000000022
16692.500000000015
18281.000000000022
16267.250000000015
17924.000000000022
15974.250000000016
17619.000000000022
16131.500000000018
18286.00000000002
16248.000000000018
19322.000000000025
16924.000000000015
18610.00000000002
16858.25000000002
18976.00000000002
16389.250000000015
22067.000000000022
16918.25000000002
19453.00000000002
17298.000000000015
21241.000000000022
16780.75000000002
22130.000000000022
17564.750000000015
21831.000000000025
18228.50000000002
22564.000000000022
19042.25000000002
22973.000000000025
19840.500000000022
23987.000000000015
20101.25000000002
24220.000000000025
20525.000000000022
23302.000000000025
20864.000000000022
24146.00000000002
21671.75000000002
24241.000000000022
22522.750000000025
25457.000000000033
23387.25000000002
25741.00000000003
24264.250000000025
26650.00000000003
25051.250000000022
27527.000000000025
25841.500000000025
27642.000000000022
25427.25000000003
29270.000000000033
25452.00000000003
31113.000000000036
26223.250000000025
31943.000000000033
26902.75000000003
32461.000000000033
27766.50000000003
32595.000000000033
29461.75000000003
32615.000000000033
31722.000000000033
32614.000000000036
32574.250000000036
32628.000000000033