10284.250000000011
8497.000000000005
13742.500000000015
11291.000000000013
12641.000000000013
10059.000000000011
12190.750000000013
9781.000000000013
11807.750000000013
9694.000000000011
11741.000000000011
8978.000000000011
11628.250000000015
8709.000000000005
11415.25000000001
9206.000000000011
11487.750000000013
10032.000000000011
12095.000000000013
12038.000000000011
12372.500000000013
11361.000000000011
12494.750000000015
10106.000000000007
12278.750000000011
10599.000000000011
12469.000000000013
10710.000000000013
13123.500000000013
10414.00000000001
13712.000000000015
11058.000000000011
13250.500000000015
11596.000000000011
12756.750000000011
14226.000000000016
13127.750000000013
12926.00000000001
13754.250000000013
11938.000000000015
13450.500000000015
11829.00000000001
13113.750000000015
12331.00000000001
13296.500000000013
13046.000000000013
13708.750000000015
14622.000000000016
12834.250000000015
15178.000000000015
12293.75000000001
14946.00000000002
12238.000000000013
13137.000000000015
12307.000000000013
10257.000000000011
11471.000000000013
9439.00000000001
10747.750000000011
9413.000000000007
10597.500000000011
9887.00000000001
11527.000000000013
10581.000000000011
13002.000000000013
11637.000000000007
13539.250000000015
12371.000000000015
13978.000000000013
12756.000000000015
14282.250000000015
12838.000000000016
14076.750000000015
13090.000000000011
13141.750000000013
13164.000000000016
11204.00000000001
13458.000000000013
10551.500000000011
13507.000000000015
11425.750000000011
13364.000000000011
11077.500000000013
13203.000000000015
11167.750000000011
12858.000000000005
11707.000000000013
12704.000000000013
12565.750000000011
12516.00000000001
13057.500000000013
12150.00000000001
12604.750000000011
11889.00000000001
12470.500000000011
11862.000000000011
12646.000000000011
11866.000000000011
12314.500000000013
12058.00000000001
12809.000000000013
12366.000000000016
12709.750000000013
12367.000000000007
12012.250000000011
12019.000000000013
11774.000000000013
11599.00000000001
11576.500000000013
11319.000000000013
12029.250000000015
11141.000000000011
11237.750000000013
11007.000000000011
10702.00000000001
10699.000000000011
11142.000000000013
10812.000000000011
12104.750000000013
11626.000000000011
11340.250000000011
11758.000000000007
10568.250000000011
12111.000000000013
9895.750000000007
12064.000000000013
10199.50000000001
11712.000000000007
10933.750000000013
11494.000000000011
11521.000000000011
11314.000000000011
11143.500000000011
11372.000000000011
11022.500000000011
13130.000000000013
11646.250000000011
13449.000000000007
11973.750000000011
12588.000000000015
11742.750000000015
10800.000000000013
12542.250000000011
8765.000000000007
12456.250000000015
8583.000000000007
12247.500000000013
8530.000000000004
11403.750000000011
9327.000000000005
11171.000000000011
11886.000000000011
11134.50000000001
10306.000000000011
11040.25000000001
8993.000000000011
10876.500000000013
8183.000000000008
10629.000000000011
8970.00000000001
10725.750000000011
8957.000000000007
11131.000000000011
9557.000000000011
10977.000000000013
11156.000000000013
10097.25000000001
9287.00000000001
9530.00000000001
8171.000000000009
9449.250000000011
7969.000000000008
9978.75000000001
8054.000000000009
10903.75000000001
8574.00000000001
11888.500000000011
10633.000000000013
7755.250000000008
7672.0000000000055