15511.250000000016
15717.000000000013
16374.750000000016
16917.00000000001
14827.750000000015
14390.000000000015
15988.500000000015
14822.000000000013
14963.000000000015
15514.000000000018
13742.000000000011
16231.000000000018
11821.500000000013
15756.000000000016
11623.250000000013
14325.000000000015
12625.750000000011
16164.000000000015
12220.000000000015
16737.000000000015
12833.00000000001
18098.000000000022
13557.250000000011
16876.000000000015
14130.000000000015
14407.000000000016
14484.750000000015
15470.000000000018
16191.500000000015
14401.000000000016
15970.500000000016
12803.00000000001
15195.250000000016
14090.000000000013
15396.000000000018
14492.000000000015
14795.250000000016
15253.000000000016
14109.750000000015
16563.00000000001
13075.000000000015
18332.00000000001
12432.500000000013
18532.00000000001
10698.000000000011
17304.000000000015
10682.75000000001
16841.00000000001
10002.00000000001
15971.000000000018
8587.750000000007
13779.00000000001
8614.750000000011
13113.000000000016
8698.000000000007
12740.000000000011
8337.25000000001
12906.000000000011
8940.25000000001
14612.000000000016
8848.000000000007
15590.000000000015
8723.500000000007
16470.00000000002
9457.25000000001
16303.00000000002
10217.000000000011
15877.000000000015
10755.25000000001
15593.000000000018
11582.750000000013
16037.000000000016
11093.75000000001
17691.00000000001
11218.750000000011
19768.000000000022
11314.750000000011
21265.000000000022
10843.75000000001
18402.00000000002
11113.750000000011
20080.000000000025
11430.75000000001
22143.000000000022
11198.500000000011
18139.000000000022
11390.000000000011
15461.000000000013
11473.250000000011
11142.000000000011
11581.250000000013
9613.000000000013
11471.000000000013
9147.000000000007
12202.000000000013
8682.000000000007
12638.000000000013
11411.00000000001
12894.500000000011
14712.000000000016
12937.000000000015
13773.000000000015
12671.000000000013
13688.00000000001
11706.250000000011
16416.000000000022
11403.000000000013
15665.000000000016
12046.750000000015
12675.000000000016
12351.000000000016
12266.000000000011
12296.000000000011
12829.000000000011
11873.500000000011
11674.000000000011
11629.500000000011
11243.000000000011
11420.000000000013
12584.000000000015
11788.250000000013
12736.000000000016
12719.750000000011
12433.000000000011
12887.500000000013
12482.000000000015
11415.250000000011
13042.000000000016
11387.000000000013
13157.000000000013
9734.50000000001
10800.000000000013
9867.250000000011
10301.000000000005
10157.750000000011
10196.000000000011
10313.25000000001
10717.000000000013
12496.25000000001
9906.000000000011
12236.000000000011
8455.00000000001
11742.750000000015
8430.000000000007
11922.750000000011
8203.000000000007
12237.500000000011
8375.000000000005
11722.00000000001
7542.000000000008
11948.500000000013
8515.000000000007
11886.250000000013
8377.000000000007
11603.75000000001
11698.000000000007
11194.750000000011
12162.000000000015
10466.000000000011
12570.000000000011
11265.750000000013
13182.000000000015
11969.500000000015
14377.000000000016
11508.00000000001
14119.000000000016
10731.250000000011
12093.000000000007
10551.250000000013
10686.000000000013
10545.750000000013
12931.000000000016
13387.750000000011
16466.000000000015
14632.000000000018
15944.000000000018
13950.250000000013
11109.000000000013
13724.250000000015
10506.00000000001