20904.750000000022
15848.000000000016
20815.500000000022
15115.000000000015
20723.000000000022
14693.00000000001
19091.50000000002
16206.000000000016
16256.250000000016
16164.000000000016
15872.250000000016
15222.000000000011
13785.250000000013
14643.000000000011
12944.250000000013
15438.000000000015
15009.500000000016
15401.000000000016
15682.250000000016
16346.000000000016
15442.500000000015
15912.000000000015
15106.000000000015
15210.000000000018
16175.500000000016
16256.000000000016
17249.000000000015
16229.000000000016
16288.750000000015
14926.000000000016
16011.500000000015
13494.000000000016
14484.250000000015
13195.000000000011
13773.750000000015
15726.000000000016
14090.250000000013
17579.000000000015
13586.750000000016
16847.000000000015
12706.750000000013
16353.000000000018
12269.500000000011
17932.000000000022
13029.250000000015
17615.00000000002
11890.750000000011
16302.000000000022
10811.25000000001
14100.000000000015
11311.750000000011
13850.000000000015
12844.250000000013
13582.00000000001
13693.000000000016
12341.000000000015
13664.250000000013
10172.000000000011
13340.500000000011
9911.00000000001
13820.250000000016
11130.000000000011
13087.250000000013
11551.000000000013
12544.25000000001
11924.000000000015
12149.25000000001
11240.000000000015
12819.750000000013
10046.000000000007
12784.000000000015
10450.000000000011
12724.250000000013
10973.000000000011
12896.750000000013
10743.000000000013
13824.250000000015
11258.000000000013
14169.500000000015
11665.000000000007
14103.750000000016
10929.000000000007
14441.250000000016
10056.00000000001
13887.000000000013
10656.000000000011
13457.000000000015
10209.00000000001
13437.250000000016
8078.000000000007
13287.750000000013
8525.00000000001
12794.500000000013
7711.000000000008
12154.750000000015
6141.0000000000055
12086.250000000011
6188.000000000006
12486.500000000015
5347.000000000004
12316.750000000013
4765.000000000005
12103.000000000013
4749.0000000000055
11659.000000000013
5355.000000000006
12425.250000000015
4889.0000000000055
12477.000000000015
3523.000000000004
12700.750000000011
2725.000000000003
13408.250000000011
1971.000000000002
13154.250000000011
1660.000000000002
12721.500000000013
1774.0000000000018
12221.500000000011
1816.0000000000018
11914.500000000015
3569.000000000005
11645.500000000011
5654.000000000006
10780.500000000011
9494.000000000005
10881.750000000013
12835.00000000001
11254.000000000011
12969.000000000013
11369.750000000011
13256.000000000011
11873.250000000011
13781.000000000015
12866.000000000013
14675.000000000016
12629.500000000015
14920.000000000015
13110.000000000015
14437.000000000016
12555.500000000013
13690.000000000015
12032.50000000001
12002.000000000007
12187.000000000011
12120.00000000001
11947.500000000013
13155.00000000001
12287.750000000011
12367.000000000016
13413.750000000013
11674.000000000011
13698.000000000015
12183.000000000007
13490.000000000015
13746.000000000015
12941.750000000013
13603.000000000013
13036.750000000015
14873.000000000015
13721.500000000011
17161.00000000001
12512.500000000011
16926.000000000007
12377.750000000016
16679.000000000015
12391.250000000015
16532.00000000002
13010.750000000015
13877.000000000013
11949.000000000013
13608.000000000011
12157.750000000015
14886.000000000016
13510.500000000015
14159.000000000015
14183.250000000013
15727.000000000018
13778.750000000016
15174.000000000016