16648.750000000015
14503.000000000016
14763.500000000013
16046.000000000015
14111.250000000016
16090.000000000016
14198.750000000013
14896.000000000007
14116.250000000015
15039.000000000011
13784.750000000015
16047.000000000018
13401.000000000013
14830.00000000001
13633.500000000015
14827.000000000015
13493.000000000013
14719.000000000011
13145.750000000011
13532.000000000011
12804.000000000015
14875.000000000015
12462.000000000011
16943.00000000002
12057.00000000001
16638.00000000002
11692.250000000015
15178.000000000016
12487.000000000013
14870.000000000016
13050.000000000015
12101.000000000015
12876.000000000015
11203.000000000011
13335.500000000011
11671.000000000011
13973.000000000015
12945.000000000007
14783.250000000016
14398.000000000015
14797.500000000013
13417.000000000016
14184.500000000018
13043.000000000011
13419.250000000015
13354.000000000013
13845.500000000015
13469.000000000015
15228.750000000016
14408.000000000016
14542.250000000015
15598.000000000016
13440.250000000015
15773.000000000018
12464.750000000015
14972.000000000016
11210.250000000011
14403.000000000018
10686.00000000001
14839.000000000015
10285.250000000011
15329.000000000011
9973.250000000011
14108.000000000016
10156.25000000001
12643.000000000013
10268.000000000011
11872.000000000011
10445.500000000011
10650.000000000013
10774.750000000011
10147.000000000013
10797.500000000011
9685.000000000005
10717.750000000011
10311.000000000011
10608.500000000011
10947.000000000011
10633.250000000011
13217.000000000015
10656.250000000011
13332.000000000011
10589.750000000013
12645.000000000015
10544.00000000001
12736.000000000015
10610.250000000011
12430.000000000013
10565.00000000001
12504.000000000016
10612.250000000013
13062.000000000015
10431.25000000001
13270.000000000015
10126.50000000001
13370.000000000015
9836.25000000001
13636.000000000015
9799.500000000011
13774.000000000011
9959.00000000001
13438.000000000015
9625.00000000001
13224.000000000015
9492.750000000007
13971.000000000016
9306.75000000001
13699.000000000011
9167.000000000007
13033.00000000001
9061.75000000001
14599.000000000016
9648.00000000001
14948.000000000011
10162.50000000001
14716.000000000016
9927.25000000001
15339.000000000016
9826.000000000011
14618.000000000015
9231.50000000001
14689.000000000011
8738.25000000001
15138.000000000013
8715.50000000001
15820.000000000018
8720.00000000001
15824.000000000018
9037.75000000001
15911.000000000018
8600.750000000007
16918.00000000001
9019.50000000001
17217.00000000002
9155.75000000001
16540.000000000015
8856.75000000001
16214.000000000016
8916.25000000001
16740.000000000015
8774.250000000011
16654.00000000002
9100.25000000001
16032.000000000018
9440.250000000007
15240.000000000018
9152.750000000011
13855.00000000001
9461.50000000001
12876.000000000011
9417.00000000001
13478.000000000016
8711.25000000001
13029.000000000011
9894.00000000001
12388.000000000011
12179.750000000011
12697.00000000001
13265.750000000015
12677.000000000011
14659.500000000013
12267.000000000011
14664.750000000013
11302.000000000011
13892.750000000015
11178.000000000011
14177.750000000013
11678.00000000001
15087.250000000016
11662.00000000001
14935.750000000011
10854.000000000011
15273.750000000013
10275.000000000011
14537.250000000016
12029.000000000015
14491.250000000015
13496.000000000013
13652.750000000013
12395.000000000013