20954.25000000002
19098.000000000022
20187.500000000022
18599.000000000015
19843.750000000022
18293.000000000015
20313.00000000002
19209.000000000022
19728.75000000002
19391.000000000015
19380.250000000022
18912.000000000022
19418.50000000002
18854.00000000002
18485.50000000002
20536.00000000002
18514.25000000002
20344.000000000022
18911.00000000002
18496.00000000002
17913.250000000015
17851.000000000015
17233.00000000002
18255.00000000002
17249.25000000002
18260.000000000022
17273.500000000015
18317.00000000001
16347.750000000015
19164.00000000002
16162.750000000016
20118.000000000022
17195.75000000002
19335.00000000002
17341.25000000002
18754.000000000022
16994.750000000015
19029.00000000002
16171.250000000015
18888.000000000015
15496.250000000016
19234.000000000022
14339.000000000016
19412.00000000002
13568.750000000013
20124.000000000022
13460.750000000013
19545.000000000022
13109.000000000015
20278.000000000022
12989.250000000013
20421.000000000022
12282.750000000013
20906.000000000025
12346.750000000013
21998.000000000025
11995.500000000011
21652.000000000022
12164.250000000011
20516.000000000025
12476.250000000011
19228.00000000002
12504.000000000013
18929.000000000022
12341.250000000013
19081.000000000022
13265.750000000015
19224.000000000015
13050.750000000013
19382.00000000002
12168.250000000013
19840.00000000001
12127.750000000015
20070.00000000001
11808.750000000015
19977.000000000025
10872.50000000001
19644.000000000022
11421.500000000011
19702.00000000002
11996.000000000013
19699.000000000022
10893.75000000001
19699.00000000002
8434.000000000007
20970.00000000002
7532.250000000007
21237.000000000025
7396.500000000008
20402.00000000002
8299.500000000007
20193.000000000022
8521.75000000001
21643.000000000022
9044.000000000007
21790.000000000022
9841.250000000011
21706.000000000015
10888.750000000011
23229.000000000025
10985.000000000011
24581.000000000022
11308.500000000011
25044.000000000022
11774.000000000013
24725.000000000025
11617.00000000001
25097.000000000022
11735.750000000013
25592.000000000025
11667.50000000001
25796.000000000025
10232.000000000007
26297.00000000003
9871.75000000001
26472.000000000025
10656.750000000011
24901.000000000015
10661.000000000011
24681.00000000002
10565.250000000011
25731.00000000003
10635.000000000011
26237.00000000003
10313.750000000011
25788.00000000003
10657.000000000011
24739.00000000002
10846.500000000011
23862.000000000022
11589.500000000011
23598.00000000002
12731.000000000013
22765.000000000022
12486.250000000013
22850.00000000002
12718.000000000013
22050.000000000022
12747.500000000011
21293.000000000022
13289.750000000015
21956.00000000002
14154.500000000013
23058.000000000022
15110.750000000016
23350.000000000025
15656.750000000016
21955.00000000002
16243.250000000016
22055.000000000022
16177.500000000018
24262.000000000022
16130.500000000013
24833.00000000002
16291.750000000018
24717.000000000015
15936.00000000002
24776.000000000022
15432.000000000016
25677.000000000022
14722.000000000015
24596.000000000022
13366.500000000011
23395.00000000003
12343.750000000013
23398.000000000025
11865.000000000011
24564.000000000022
11447.750000000013
23010.000000000025
12092.250000000013
23853.000000000025
11651.25000000001
25110.000000000022
10967.75000000001
26070.00000000003
11229.000000000011
26446.000000000025
11037.00000000001
26314.00000000003