10669.500000000013
5618.000000000006
10941.250000000011
5883.000000000006
11116.500000000011
6246.000000000006
11155.500000000013
6586.000000000007
11077.500000000013
6874.000000000005
10946.750000000011
7111.000000000007
10817.750000000013
7229.000000000008
10686.750000000011
7285.000000000009
10529.00000000001
7210.000000000007
10436.500000000013
7152.000000000006
10331.750000000013
7051.000000000008
10212.500000000011
7003.000000000006
10245.750000000011
5564.000000000006
10371.750000000011
4930.000000000006
10501.75000000001
4872.000000000005
10493.50000000001
5189.0000000000055
10574.00000000001
5239.0000000000055
11162.000000000011
5779.0000000000055
11830.000000000013
5923.000000000005
12581.750000000015
6254.000000000007
12886.000000000013
6480.000000000004
12683.750000000013
6696.000000000007
12709.500000000013
6873.000000000006
12850.000000000015
6725.000000000006
13306.000000000013
6795.000000000008
13079.000000000015
6956.0000000000055
12836.000000000013
7239.000000000007
12801.750000000015
7651.000000000006
13195.250000000011
8197.00000000001
12936.500000000013
8761.00000000001
12345.500000000013
9315.000000000007
11414.000000000011
9768.000000000011
10837.00000000001
10176.00000000001
10849.25000000001
10572.000000000013
10548.750000000011
11127.000000000013
11094.750000000013
11848.000000000015
11956.000000000011
12496.000000000011
11638.750000000011
13119.000000000011
10925.500000000011
13803.000000000015
10638.500000000011
14479.000000000015
10728.500000000011
15028.000000000018
10683.500000000013
15233.000000000013
10772.750000000011
15199.000000000013
11066.750000000011
15045.000000000015
11398.250000000013
14803.000000000013
11764.500000000011
14603.000000000018
12317.500000000015
14631.000000000015
12674.500000000015
14855.000000000016
12844.750000000015
14909.000000000016
12171.250000000013
14675.000000000015
12501.000000000015
14330.000000000015
12957.000000000013
14305.000000000016
12971.250000000015
14346.000000000016
12894.750000000011
14485.000000000016
12976.500000000013
14712.000000000018
12651.250000000015
14952.00000000001
12375.500000000013
15133.000000000015
13002.250000000015
15223.000000000016
13046.500000000011
15183.000000000015
12510.500000000013
14981.000000000015
11779.000000000011
14660.000000000016
11437.500000000011
14238.000000000013
10639.750000000011
13774.000000000011
10083.000000000011
13326.000000000016
9937.250000000011
12706.000000000016
8850.00000000001
11727.000000000007
8850.00000000001
10754.000000000007
8852.50000000001
9847.000000000007
8912.250000000007
8996.00000000001
9079.50000000001
8358.00000000001
9233.50000000001
7948.000000000007
9090.500000000011
7513.000000000008
9075.750000000011
7068.0000000000055
9075.750000000011
6653.000000000005
9114.75000000001
6234.000000000005
9362.50000000001
6073.0000000000055
9518.000000000007
6087.0000000000055
9549.500000000007
6122.000000000008
9435.00000000001
6441.000000000006
9289.00000000001
6846.000000000008
9481.500000000011
6956.0000000000055
9672.25000000001
6991.000000000008
9831.000000000011
7160.000000000008
10168.25000000001
7448.000000000008
10654.000000000013
7835.000000000009
10649.000000000011
8205.00000000001
10857.750000000011
8432.000000000004
11130.750000000011
8514.000000000007
11397.500000000011
8441.00000000001
11624.250000000011
8264.000000000007