8275.250000000007
7405.000000000008
9008.75000000001
6910.0000000000055
9490.250000000011
6641.000000000006
9800.75000000001
6628.0000000000055
10360.75000000001
6511.000000000004
10370.75000000001
6283.000000000004
10227.000000000011
5695.0000000000055
10737.500000000011
4845.000000000005
10529.75000000001
4085.0000000000036
10065.75000000001
3443.000000000004
9681.50000000001
2866.0000000000027
8672.500000000007
2497.0000000000023
8453.250000000007
2393.0000000000023
9586.75000000001
2756.0000000000023
10832.50000000001
2751.0000000000027
11690.750000000013
2660.0000000000027
11825.250000000011
3320.000000000004
11025.000000000011
4926.000000000003
11797.000000000013
4822.0000000000055
11380.50000000001
3848.0000000000045
11870.250000000013
4273.000000000004
12241.00000000001
5303.000000000003
12294.50000000001
5813.0000000000055
11908.000000000013
6282.000000000008
11217.250000000011
7244.000000000008
11010.25000000001
7479.000000000008
11033.250000000011
7500.000000000007
11793.500000000013
7589.000000000007
11264.500000000013
7539.000000000008
11406.250000000013
7474.0000000000055
11340.250000000011
7763.000000000008
11420.500000000011
7938.000000000008
11303.250000000011
8394.00000000001
11155.500000000013
8642.000000000011
11203.750000000011
8957.000000000007
10731.750000000013
8682.000000000007
10408.750000000013
8980.000000000007
10536.00000000001
9116.000000000007
10724.750000000013
8936.00000000001
10795.250000000013
8661.000000000004
10669.500000000011
8375.000000000005
9200.250000000007
8342.00000000001
9091.50000000001
7929.000000000008
10184.00000000001
7782.000000000008
9940.000000000013
7730.000000000009
9886.50000000001
7995.000000000007
10135.500000000011
8292.000000000011
10167.750000000011
8102.000000000008
9699.00000000001
7864.000000000009
10293.50000000001
7551.000000000007
10358.250000000013
6965.000000000007
10592.750000000013
6405.000000000004
10548.000000000013
5431.0000000000055
10799.000000000007
5884.000000000005
10356.50000000001
6432.000000000005
10828.250000000013
5817.000000000004
11486.750000000013
5124.0000000000055
11547.500000000013
5531.000000000006
11207.250000000013
5632.000000000006
10826.250000000013
5756.000000000006
11735.500000000011
5961.000000000005
11447.750000000013
5903.000000000003
11541.750000000013
5699.0000000000055
11523.000000000013
5607.000000000005
10409.500000000011
5690.000000000005
9935.00000000001
5873.000000000008
10610.250000000011
5689.000000000007
11041.500000000011
4966.000000000006
11174.00000000001
5174.0000000000055
11302.000000000013
6643.000000000003
11694.000000000011
8183.000000000006
12193.250000000011
9504.000000000007
11741.500000000015
10888.000000000011
11414.75000000001
9853.000000000011
11451.250000000011
7088.000000000005
11245.000000000013
4842.0000000000055
10947.00000000001
3947.0000000000045
11007.000000000011
2765.0000000000027
10039.250000000011
2030.0000000000023
9804.000000000011
1592.0000000000023
9963.50000000001
1416.0000000000011
9416.75000000001
1284.0000000000016
8286.000000000007
1244.0000000000011
7675.000000000006
1238.0000000000011
7332.750000000007
1238.0000000000011
6950.750000000007
1206.0000000000014
6306.0000000000055
1123.0000000000007
5685.000000000006
1089.000000000001
5046.750000000005
1055.0000000000014
4303.750000000005
945.0000000000006