12559.750000000013
15605.000000000015
12067.00000000001
13916.00000000001
11830.500000000011
14055.000000000015
11721.500000000013
15249.000000000016
11394.500000000013
15780.000000000018
11421.500000000013
15398.000000000016
11383.750000000013
15467.000000000016
10979.500000000011
15472.000000000015
10896.250000000011
15117.000000000015
11697.500000000013
15704.000000000018
12694.750000000013
16802.000000000015
13144.500000000013
17393.000000000015
13746.000000000015
18079.000000000015
14111.750000000015
18590.00000000002
14472.500000000015
18013.000000000022
14866.250000000015
17921.000000000022
15804.250000000016
17482.000000000022
16250.000000000018
17820.000000000015
15819.250000000016
17913.000000000015
15471.500000000016
17292.00000000002
15080.750000000016
17593.000000000015
14967.500000000015
17483.000000000015
14680.750000000016
17114.000000000022
14580.750000000015
16324.000000000018
14440.750000000016
14657.000000000015
15107.000000000018
14026.000000000013
15694.750000000018
13678.000000000013
15439.000000000015
13117.000000000015
15484.250000000016
13961.000000000015
14519.250000000018
14990.000000000016
12547.000000000013
15559.000000000016
12014.250000000013
13938.000000000013
11484.250000000013
13339.000000000015
10910.000000000011
12355.000000000013
11285.00000000001
10689.000000000011
11209.500000000015
10369.000000000011
10461.250000000011
10174.000000000011
10752.50000000001
9506.000000000011
11647.500000000015
8789.000000000007
11946.500000000013
8843.00000000001
12814.500000000013
8774.000000000007
12352.250000000015
9208.000000000007
12451.000000000015
10332.000000000005
12308.500000000015
11108.000000000015
12962.000000000013
11218.000000000011
13609.250000000015
11028.00000000001
12714.000000000013
10369.000000000011
13568.000000000015
10141.000000000011
14293.250000000011
9585.000000000005
13124.750000000013
9009.000000000007
12961.000000000013
17787.000000000022
13264.000000000013
23760.000000000025
13964.500000000011
15684.000000000015
13912.250000000011
11624.000000000013
14829.750000000013
10650.000000000013
14986.500000000015
11193.000000000011
13868.750000000013
11611.000000000011
13652.250000000013
11996.00000000001
14721.500000000016
11922.00000000001
14805.750000000015
10926.000000000011
15015.750000000013
10984.000000000013
14888.750000000015
11364.000000000013
14239.250000000015
10595.000000000013
13683.750000000015
9636.000000000011
13889.750000000015
8954.000000000011
13587.750000000015
10612.000000000011
14062.000000000015
13811.000000000015
14283.250000000015
14553.000000000016
13534.750000000016
15307.000000000016
14608.750000000015
17205.00000000001
14590.750000000016
17353.00000000002
14524.500000000013
17479.00000000002
14637.500000000015
17906.00000000001
14602.500000000011
18402.00000000002
14023.500000000015
18436.00000000002
13856.250000000013
18221.000000000022
13778.000000000013
17798.00000000001
14322.000000000016
18006.000000000022
14353.500000000013
17920.00000000001
13382.000000000013
17587.00000000001
12405.000000000011
17951.00000000001
12395.000000000013
18501.000000000022
11964.500000000011
16783.000000000015
11411.50000000001
13333.000000000011
11229.500000000011
10525.000000000011
11308.750000000013
9276.000000000007
10924.000000000011
9174.000000000005
10645.500000000011
8824.000000000005
10237.000000000011
9363.00000000001
10186.00000000001
9984.000000000011