13724.500000000015
13981.000000000018
12952.000000000011
12839.000000000007
12279.000000000015
11440.00000000001
12813.500000000013
10669.000000000011
13574.250000000011
10686.000000000013
13829.250000000015
10968.000000000013
13951.250000000015
11040.000000000011
14698.750000000015
10607.000000000011
15528.000000000015
9952.000000000011
16064.000000000018
9218.00000000001
15995.750000000015
8689.000000000007
15644.000000000018
8261.000000000005
15123.250000000013
7885.00000000001
14711.250000000015
7746.000000000006
14937.750000000016
7737.000000000008
15631.750000000018
8174.00000000001
16105.750000000015
9009.000000000007
17089.000000000015
9808.000000000011
17676.500000000015
11019.000000000013
17293.00000000002
11956.000000000007
16548.500000000015
12361.000000000016
16580.500000000015
12454.00000000001
15810.500000000015
12089.00000000001
16245.500000000016
11325.000000000013
16281.750000000016
10981.000000000011
15468.500000000013
11296.000000000011
14982.500000000015
11719.000000000011
14134.250000000013
12001.000000000007
13787.000000000015
12234.000000000015
13552.750000000013
12997.000000000005
13560.500000000013
13909.000000000016
13940.250000000013
14381.000000000015
14329.500000000011
13899.000000000013
14083.750000000016
12619.000000000015
14187.250000000015
11610.000000000011
13869.000000000015
11117.000000000011
13186.500000000015
10786.000000000011
12855.000000000013
10594.000000000007
13366.250000000011
10239.00000000001
12696.500000000013
9746.00000000001
12632.000000000015
9378.00000000001
11420.000000000013
9077.000000000011
10938.500000000013
9177.000000000007
11418.750000000011
9364.000000000005
11871.000000000011
9496.00000000001
12519.750000000015
9793.000000000011
12043.250000000015
11213.000000000013
10455.75000000001
14442.000000000016
9888.750000000011
16550.00000000001
10083.000000000011
17997.00000000001
10209.50000000001
22353.000000000022
9669.75000000001
20640.000000000015
9324.75000000001
15319.000000000018
8990.25000000001
15033.000000000016
8886.25000000001
17234.00000000001
9465.50000000001
17965.00000000002
10169.00000000001
18345.00000000002
9584.50000000001
19860.000000000022
9587.75000000001
19652.00000000002
8845.00000000001
18778.000000000022
8397.250000000011
17608.000000000015
8286.750000000007
15389.00000000002
7892.000000000008
16103.000000000016
8258.00000000001
16132.000000000016
9366.250000000007
16661.000000000015
9614.250000000007
16205.000000000016
9472.25000000001
13272.000000000011
10130.50000000001
10738.000000000011
9987.250000000011
10119.000000000005
10208.50000000001
11032.000000000013
10283.250000000011
11338.000000000013
9513.00000000001
10563.000000000011
8778.25000000001
10831.000000000013
8491.25000000001
10761.000000000011
8524.000000000007
10199.000000000004
7943.000000000006
9834.000000000011
7461.750000000008
9946.000000000007
7891.750000000007
10331.000000000013
9152.25000000001
11906.00000000001
9595.50000000001
15683.000000000018
9262.00000000001
19604.000000000015
8722.00000000001
21032.000000000022
7902.750000000009
20544.000000000022
7342.500000000007
19163.000000000015
7338.750000000007
18983.000000000022
7352.000000000007
17548.000000000015
6957.500000000006
16772.000000000015
6477.500000000007
16816.000000000015
6240.250000000006
17695.000000000022
6404.000000000006
16615.00000000002