15033.750000000011
20943.000000000022
15021.000000000016
19045.00000000002
15022.500000000015
19973.00000000002
14650.750000000016
19476.00000000001
13665.500000000013
19530.000000000022
12959.500000000015
19780.000000000025
12897.750000000013
19795.00000000001
11893.750000000013
19272.000000000022
11600.500000000013
21027.00000000002
10764.00000000001
20955.000000000022
10337.750000000007
21500.000000000022
10598.25000000001
22267.000000000022
10898.250000000011
21445.000000000022
12244.750000000011
18320.000000000022
12924.500000000013
15111.000000000013
12140.750000000011
12178.000000000015
12830.500000000013
10749.000000000011
12375.750000000013
10633.00000000001
13064.250000000013
9094.000000000007
13221.500000000015
9652.00000000001
13228.500000000011
8638.000000000011
13497.500000000015
7910.000000000006
13943.500000000013
9142.00000000001
13860.250000000015
9647.000000000011
13961.250000000016
9151.000000000005
14722.750000000013
9616.000000000005
15553.250000000016
10787.000000000013
15939.250000000016
11223.000000000011
16845.75000000002
10287.000000000011
17888.500000000015
10621.000000000013
18471.000000000025
10502.000000000011
18161.50000000002
9418.000000000005
18284.75000000002
9895.000000000011
18427.50000000002
8056.000000000009
18400.75000000002
7549.000000000007
17541.75000000002
7600.000000000009
16768.50000000002
9061.000000000011
16275.250000000016
10694.000000000013
15543.500000000013
10685.000000000011
14760.000000000013
13768.000000000016
14294.000000000015
13254.000000000015
13701.000000000013
11696.000000000007
12664.500000000013
13417.000000000016
12117.500000000011
16040.000000000018
11699.250000000011
18190.00000000002
11858.250000000011
20356.00000000002
12073.250000000011
20395.000000000015
11500.500000000013
20475.000000000022
11204.250000000011
20173.00000000002
11842.500000000011
18607.00000000001
12538.000000000015
17740.00000000001
11644.250000000015
16092.000000000016
12499.500000000013
15960.000000000016
13249.500000000011
15455.000000000018
13801.500000000015
13821.000000000011
14120.750000000015
13118.000000000016
14295.250000000016
13939.000000000016
15600.750000000016
13931.000000000018
17764.500000000015
12069.000000000011
18899.50000000002
11715.000000000013
21003.250000000022
10638.000000000011
21168.750000000025
9080.000000000011
21737.000000000025
8847.000000000011
24194.750000000022
8718.000000000011
24731.000000000022
7040.0000000000055
23944.500000000025
5190.0000000000055
23919.750000000022
5436.0000000000055
23912.500000000025
6587.000000000004
24241.250000000025
7732.00000000001
23542.500000000025
8303.000000000011
23300.750000000022
8019.000000000009
23258.000000000025
6536.000000000007
22603.750000000022
5607.000000000006
22565.500000000022
4863.000000000004
22393.250000000022
8041.000000000006
21539.500000000022
11566.000000000013
21618.50000000002
10676.000000000011
21598.000000000022
7057.000000000009
21414.50000000002
6698.000000000007
21896.50000000002
7794.000000000008
21427.000000000022
8880.000000000007
20597.000000000025
9951.000000000013
20184.500000000022
10057.000000000011
19842.250000000025
11416.000000000013
19478.500000000022
9171.000000000011
19573.500000000022
10368.000000000011
19644.250000000022
14021.000000000015
19158.750000000022
9681.000000000011
19007.00000000002
7426.000000000006
18156.00000000002
8930.000000000005