24228.000000000022
23989.000000000015
24135.000000000025
22957.000000000025
24514.000000000025
20980.000000000025
24760.000000000025
22949.00000000003
24186.250000000022
24998.00000000002
23841.500000000022
25228.000000000033
23662.000000000025
26142.00000000003
22866.50000000003
26429.000000000025
22402.000000000022
25878.000000000033
22665.000000000025
26017.00000000003
21597.75000000002
25980.000000000025
20696.000000000022
26742.000000000033
19464.250000000022
27025.00000000002
17863.00000000002
26505.00000000003
17859.250000000022
26650.00000000003
19622.250000000022
25884.00000000002
20372.50000000002
24438.00000000003
18940.00000000002
21965.000000000015
17408.00000000002
18946.00000000002
16669.000000000015
19074.000000000025
15568.750000000011
20165.000000000022
15476.750000000016
20384.00000000002
15811.750000000015
23420.00000000003
15674.500000000018
23148.00000000003
15221.500000000016
23404.000000000022
15410.750000000016
23130.000000000022
15100.500000000016
22985.000000000022
14166.500000000015
23188.00000000003
14461.500000000016
22945.000000000022
14831.500000000016
21452.000000000025
14252.000000000013
21287.000000000022
14586.250000000015
22403.00000000003
15136.500000000015
22024.000000000022
14497.750000000016
21564.000000000022
14676.250000000015
20906.000000000025
14939.000000000015
21066.000000000015
14646.750000000013
19420.000000000015
12974.250000000015
18569.000000000015
11517.750000000011
18693.000000000022
12080.750000000011
18145.000000000022
12584.500000000015
16610.00000000001
12270.250000000015
14693.00000000001
12515.000000000015
14735.000000000011
12904.000000000015
14090.000000000013
12143.500000000013
15158.000000000016
12594.000000000013
15431.000000000013
13434.250000000015
15259.000000000015
13346.000000000015
15512.000000000016
12971.000000000013
15153.000000000018
13424.500000000013
15685.000000000018
13085.000000000013
15528.000000000015
12334.500000000015
15922.000000000015
12816.000000000015
17070.00000000001
13108.750000000016
17594.000000000015
13487.500000000013
18010.00000000002
14412.000000000016
19233.000000000022
14402.500000000016
20844.00000000002
13428.250000000011
20754.000000000025
12241.25000000001
20516.000000000022
13411.750000000013
21170.000000000022
14368.000000000015
23143.000000000025
14476.750000000013
22374.000000000025
14204.250000000016
22735.000000000022
14946.750000000015
19826.000000000022
15108.000000000016
19409.000000000022
16098.750000000018
19442.00000000002
16709.75000000002
20770.000000000022
17623.25000000002
20941.000000000022
18330.750000000022
24764.000000000015
17738.000000000022
24340.000000000015
18203.00000000002
23421.000000000022
18361.75000000002
25123.000000000033
17275.50000000002
24483.000000000033
16264.000000000015
22744.000000000022
17124.00000000002
24523.00000000003
17085.00000000002
24573.000000000033
16957.500000000015
23406.000000000022
16943.00000000002
23438.000000000022
17060.250000000015
22981.000000000025
17348.75000000002
23982.000000000022
18085.25000000002
25400.00000000003
19182.50000000002
25836.000000000025
19172.750000000022
26145.00000000003
20853.000000000022
25511.000000000033
22090.000000000022
24175.000000000025
22216.000000000022
24236.00000000002
22081.500000000022
22944.000000000025
22062.250000000025
21811.000000000025
22120.250000000025
22177.000000000025
21750.000000000022
20999.00000000001