22188.250000000025
26268.000000000022
22646.000000000022
26437.000000000022
22492.750000000025
25751.00000000003
22643.250000000022
25471.00000000002
22909.500000000022
25134.000000000025
22047.000000000022
24262.000000000022
22442.500000000022
23570.00000000002
23634.50000000002
22101.000000000025
23608.750000000022
22088.000000000022
24050.000000000025
25025.000000000015
24158.500000000025
25454.00000000002
23509.250000000025
24208.00000000002
22766.250000000025
23542.000000000025
22183.250000000022
23398.000000000025
23209.500000000022
21838.000000000022
24781.250000000022
20464.00000000002
26333.000000000022
18101.00000000002
26608.500000000022
18101.00000000002
26652.25000000003
18818.00000000002
26675.500000000025
18800.000000000022
25780.250000000025
20201.000000000025
25545.250000000025
20605.000000000022
24758.50000000003
20698.00000000002
23103.000000000022
21312.000000000022
20538.000000000022
22897.000000000025
18367.75000000002
23686.00000000002
16826.00000000002
24489.000000000022
17353.250000000015
24439.00000000003
17353.50000000002
24608.000000000022
17486.250000000015
23151.000000000025
17392.00000000002
21325.000000000015
17333.50000000002
20910.000000000022
17613.750000000015
20290.000000000015
18763.50000000002
20291.000000000022
19373.00000000002
19777.00000000002
19117.250000000022
20316.000000000022
18663.00000000002
20595.00000000002
18472.75000000002
20957.000000000022
18700.750000000022
20433.00000000002
18800.00000000002
19402.000000000022
18850.00000000002
19453.00000000002
18783.75000000002
20103.000000000022
19525.50000000002
17470.000000000015
19596.00000000002
19949.000000000022
18930.50000000002
22991.000000000025
18689.25000000002
21232.000000000022
17904.500000000015
20466.00000000001
17232.00000000002
21394.00000000002
17993.00000000002
22100.000000000025
18237.75000000002
22511.00000000002
17840.00000000002
25528.000000000015
17873.00000000002
25827.000000000022
18101.50000000002
24229.000000000015
18689.75000000002
21955.00000000002
19305.50000000002
21258.00000000001
19931.250000000022
21290.000000000022
20009.25000000002
18966.000000000022
20560.500000000025
18818.00000000002
20596.500000000022
20330.000000000022
20599.50000000002
23219.00000000002
20617.000000000022
22124.00000000002
19337.75000000002
20182.000000000015
19022.000000000022
19294.000000000022
19719.000000000022
17241.000000000015
19442.25000000002
16507.00000000001
19207.500000000015
16068.000000000018
20393.50000000002
17778.000000000022
20642.00000000002
17681.000000000022
21528.750000000025
17560.000000000015
22639.750000000022
17238.00000000001
22463.000000000022
16873.000000000022
21960.250000000022
16251.000000000016
21183.750000000015
15753.000000000015
20829.500000000022
18937.000000000022
21925.50000000002
19147.000000000015
23343.250000000022
19125.000000000025
23068.75000000003
20114.000000000025
22154.000000000022
19176.000000000015
21708.500000000022
19134.000000000022
21704.250000000022
19331.000000000025
21147.500000000022
20576.000000000022
20814.750000000022
20207.00000000001
20586.750000000022
19961.00000000002
20889.000000000022
18478.000000000022
20789.250000000022
15613.000000000018
20295.750000000022
14995.000000000016
20314.75000000002
14775.000000000016
20010.25000000002
16009.000000000016
20275.250000000022
16946.00000000001
20841.250000000022
17066.00000000001