22736.500000000022
19540.000000000022
22984.250000000022
19086.000000000015
23168.250000000022
18665.00000000002
23273.000000000025
18296.000000000022
23306.75000000003
18079.000000000015
23240.25000000002
18036.000000000015
23103.750000000022
18117.00000000002
22962.500000000025
18205.000000000025
22779.00000000002
18298.00000000002
22618.250000000022
18331.00000000001
22432.750000000025
18310.000000000015
22205.50000000002
18302.000000000022
22099.50000000002
18283.00000000002
22088.750000000022
18239.00000000002
22088.50000000002
18194.00000000001
22188.250000000022
18110.000000000015
22323.500000000022
18007.000000000022
22481.000000000025
17887.00000000002
22630.500000000025
17764.000000000022
22777.000000000022
17655.000000000015
22899.250000000025
17541.00000000001
23001.000000000025
17459.00000000002
23044.250000000022
17406.000000000022
23043.500000000022
17329.00000000001
22999.000000000025
17278.00000000002
22917.250000000022
17247.00000000002
22804.250000000022
17246.00000000002
22646.750000000025
17293.00000000002
22434.750000000022
17401.00000000002
22221.750000000025
17533.000000000015
22000.500000000025
17655.000000000015
21593.000000000022
17826.00000000002
20053.000000000022
18041.00000000002
17939.25000000002
18237.00000000002
17018.50000000002
18429.000000000015
16360.250000000016
18570.000000000025
15855.000000000016
18680.00000000002
15141.500000000015
18738.00000000002
14544.250000000015
18828.000000000015
14640.500000000013
18653.00000000001
15007.250000000016
18736.000000000015
14791.750000000015
18695.00000000002
14032.750000000015
18822.000000000022
13780.500000000015
18807.000000000022
14215.500000000015
18893.00000000002
14734.750000000018
18971.00000000002
15204.750000000016
19046.00000000002
16066.250000000015
19096.000000000022
16331.250000000018
19121.00000000002
16060.000000000016
19189.000000000022
15940.250000000015
19258.00000000002
15618.500000000016
19333.00000000002
15888.000000000016
19407.000000000022
16817.50000000002
19449.00000000002
17003.00000000002
19498.000000000015
16959.500000000015
19521.00000000001
16666.75000000002
19521.00000000001
16157.500000000016
19423.000000000022
15952.500000000018
19342.000000000022
15686.000000000016
19261.000000000022
15410.500000000015
19192.000000000015
15940.500000000016
19145.000000000015
16337.500000000016
19155.00000000001
16702.50000000002
19128.000000000022
16612.00000000002
19101.000000000015
16839.00000000002
19044.00000000002
17200.25000000002
18942.000000000022
16318.750000000018
18689.000000000015
16415.00000000002
18193.00000000002
16481.750000000015
18138.000000000022
15604.750000000013
18103.00000000002
15756.250000000016
18054.00000000002
15817.750000000018
17878.000000000022
15906.500000000016
17946.00000000002
16316.250000000016
18855.000000000022
17073.50000000002
19152.00000000002
17548.00000000002
19265.00000000002
17578.25000000002
19526.000000000022
17797.00000000002
19468.000000000022
18188.500000000022
19667.000000000022
18459.750000000015
19774.000000000025
18679.00000000002
19671.00000000002
18827.250000000022
19449.000000000022
19212.750000000015
19145.000000000015
19853.750000000022
19062.00000000002
20154.75000000002
18327.00000000002
20144.500000000025
17670.000000000015
20702.000000000022
17137.000000000015
20667.250000000022
17041.000000000022
20059.500000000022
17149.000000000015