7610.500000000007
6848.000000000007
7162.500000000006
7053.000000000006
6768.500000000006
6736.000000000007
6670.000000000007
5741.0000000000055
6672.750000000006
4578.0000000000055
7000.5000000000055
4175.000000000005
7084.750000000009
3682.000000000002
6574.250000000006
3166.0000000000027
6172.500000000007
2799.000000000003
5583.0000000000055
2556.0000000000023
5037.0000000000055
3139.0000000000027
4510.7500000000055
3961.0000000000036
4851.250000000005
5932.000000000004
5500.7500000000055
6969.000000000006
5392.2500000000055
7241.000000000007
4903.750000000005
7767.000000000008
4467.500000000005
8618.000000000005
4314.500000000005
9855.000000000007
4428.750000000004
8879.000000000011
4650.500000000005
6087.000000000003
4665.500000000005
4136.0000000000055
4579.500000000005
4056.0000000000045
4559.000000000005
5399.0000000000055
4631.750000000005
6834.0000000000055
4823.000000000005
7554.000000000008
5573.500000000006
8372.000000000004
5437.7500000000055
9086.000000000007
5743.5000000000055
9327.000000000005
5510.7500000000055
9284.000000000007
5536.5000000000055
8897.00000000001
6627.250000000006
9051.00000000001
7641.500000000007
9216.000000000007
8226.75000000001
8442.000000000005
8447.25000000001
7515.000000000007
8410.250000000007
7893.00000000001
8001.250000000008
7967.000000000008
7715.000000000009
7400.000000000005
8002.250000000008
7310.000000000008
8312.25000000001
7248.000000000007
8825.000000000011
7752.000000000008
8612.25000000001
8626.000000000005
8710.75000000001
9110.00000000001
8960.500000000011
9328.000000000011
8558.50000000001
8250.00000000001
8305.500000000007
7800.000000000008
8222.00000000001
7359.000000000008
8125.00000000001
6511.000000000008
8584.000000000007
6195.000000000007
9401.25000000001
5381.000000000006
9912.750000000007
5607.000000000006
10353.500000000011
5224.0000000000055
9989.750000000011
4101.000000000004
10036.500000000011
3568.000000000003
10456.250000000011
4408.0000000000055
10300.500000000011
4502.0000000000055
10180.000000000011
3853.000000000004
9587.25000000001
3376.0000000000036
10182.500000000011
2934.0000000000036
11226.750000000011
2495.0000000000023
11128.250000000011
2910.0000000000014
11006.500000000011
4426.000000000005
9963.75000000001
4034.0000000000036
9238.25000000001
3365.0000000000023
8463.00000000001
3409.0000000000014
8210.250000000007
2434.0000000000023
8827.75000000001
1511.0000000000011
9536.75000000001
1205.0000000000014
9824.25000000001
1362.0000000000014
10140.750000000013
2046.0000000000023
10631.500000000013
2898.000000000003
10010.00000000001
3655.000000000003
9886.250000000011
4163.000000000005
10219.750000000011
4456.000000000002
9554.500000000011
4512.000000000004
9078.00000000001
4768.0000000000055
9106.500000000011
5018.0000000000055
9498.50000000001
5300.0000000000055
10006.250000000013
5707.000000000006
9935.500000000011
6347.0000000000055
10237.750000000011
7288.000000000004
9930.75000000001
7823.000000000007
9357.25000000001
7826.000000000006
8707.00000000001
7832.0000000000055
7707.750000000009
7955.000000000009
7244.250000000007
7834.000000000009
7687.250000000009
7617.000000000008
8372.50000000001
7526.000000000009
9723.25000000001
8244.000000000005
10900.500000000013
8977.000000000011
11470.750000000011
8872.000000000007