9147.50000000001
9067.000000000005
7167.000000000008
6050.0000000000055
6918.750000000006
5438.0000000000055
6990.500000000006
5150.000000000005
7158.750000000007
4995.000000000005
7239.750000000009
4886.000000000006
7247.750000000008
4819.000000000005
7111.000000000007
4737.000000000004
6897.500000000006
4635.0000000000055
6712.000000000007
4581.000000000004
6602.250000000007
4496.000000000003
6700.250000000007
4366.000000000003
6522.750000000006
4219.000000000004
6195.500000000007
4087.0000000000036
5725.000000000006
3976.000000000004
5175.000000000006
3876.000000000004
4745.750000000005
3785.000000000004
4440.000000000004
3744.0000000000036
4141.500000000004
3777.000000000004
3893.500000000004
3792.000000000004
3722.0000000000036
3754.0000000000045
3884.000000000004
4626.0000000000055
4452.250000000005
5750.0000000000055
4668.000000000004
5015.000000000004
5826.250000000006
5338.0000000000055
7361.750000000008
5605.0000000000055
8497.25000000001
5484.0000000000055
8914.50000000001
5483.0000000000055
10034.250000000011
5669.0000000000055
10629.250000000011
5824.000000000005
10743.000000000011
5784.0000000000055
11078.75000000001
5934.000000000007
12701.250000000015
5808.000000000005
13642.250000000015
5832.0000000000055
14162.250000000015
5840.000000000007
14246.000000000015
5614.000000000006
13801.250000000011
5592.000000000006
12397.500000000011
5725.000000000006
11102.250000000013
5417.0000000000055
11268.500000000013
5410.000000000006
11058.750000000011
5714.000000000006
10854.250000000011
5388.0000000000055
10648.50000000001
4988.0000000000055
10627.500000000011
5014.0000000000055
10273.750000000011
5266.0000000000055
10445.000000000011
4735.000000000005
10295.50000000001
4782.0000000000055
10865.500000000011
5035.000000000006
11212.250000000013
5292.0000000000055
11091.750000000013
5528.0000000000055
10866.250000000011
5824.000000000005
11161.750000000011
6130.000000000008
10971.750000000013
6424.000000000007
10597.75000000001
6736.000000000007
11110.750000000013
7003.000000000008
10995.500000000015
7188.000000000008
10654.25000000001
7348.000000000008
10478.500000000011
7493.000000000008
10385.500000000011
7589.000000000008
10219.750000000011
7597.000000000009
10976.500000000011
7467.000000000008
11394.250000000011
7376.000000000008
11371.000000000013
7407.000000000009
11859.750000000011
8185.000000000009
11538.250000000011
9281.000000000005
11558.50000000001
10552.000000000015
11678.000000000013
11619.000000000007
11429.750000000013
12255.00000000001
11177.25000000001
12626.000000000007
11262.000000000011
12811.000000000013
11062.750000000011
12841.000000000013
10546.75000000001
12710.000000000015
10632.75000000001
12398.000000000007
10690.500000000011
11664.000000000015
10969.250000000011
10449.000000000007
10862.250000000011
9248.00000000001
11343.250000000013
8810.00000000001
11244.500000000013
8877.000000000005
10956.250000000011
9160.000000000011
12005.000000000011
9712.000000000011
12081.50000000001
10385.000000000005
11774.250000000013
10818.00000000001
10880.75000000001
11370.000000000011
11021.000000000013
12957.00000000001
11573.750000000013
13520.00000000001
11509.500000000013
13501.000000000011
11064.000000000011
12571.000000000011
10140.50000000001
11998.00000000001
9192.50000000001
12357.000000000011
9183.000000000011
9482.000000000007