20594.500000000022
20323.000000000025
20661.50000000002
19811.000000000022
20731.250000000022
19114.000000000022
20698.500000000022
18968.00000000002
20782.750000000022
19258.00000000002
21090.500000000022
19756.000000000015
21438.00000000002
20495.000000000025
21763.750000000022
20686.000000000025
22132.75000000002
20318.000000000022
22275.00000000002
20060.000000000015
21883.750000000025
20076.000000000015
21293.250000000022
20336.000000000022
20662.000000000022
20537.000000000022
20234.00000000002
20625.000000000015
19982.000000000022
21214.000000000025
19946.500000000015
21597.000000000022
20358.000000000022
21218.000000000015
20754.500000000015
20442.000000000015
20661.750000000022
19903.000000000022
20506.50000000002
19392.000000000022
20377.500000000022
19132.000000000015
20274.75000000002
19500.000000000022
20117.50000000002
19291.00000000002
19937.00000000002
18881.00000000001
19977.750000000022
19170.00000000001
19772.50000000002
19652.000000000025
19665.750000000022
20113.00000000002
19773.250000000022
20503.000000000015
19694.50000000002
20144.00000000002
19752.250000000022
19273.00000000002
19835.00000000002
19037.000000000022
19442.500000000025
19245.00000000002
18753.000000000022
19065.00000000001
18889.00000000002
18480.000000000022
18831.25000000002
17061.000000000007
17540.250000000022
16189.000000000018
15359.250000000016
16281.000000000016
14412.250000000013
16161.000000000016
13809.500000000015
15767.000000000016
13413.000000000013
15723.000000000015
13014.500000000013
15736.000000000018
12426.750000000011
15719.000000000013
11749.750000000013
15812.000000000016
11071.000000000011
15597.000000000016
10681.75000000001
15649.000000000015
10331.75000000001
15868.000000000015
10087.500000000011
15994.000000000016
9674.000000000011
16082.000000000016
9931.000000000011
15820.000000000015
10230.750000000011
15578.000000000018
10204.500000000007
15046.000000000015
10686.00000000001
15319.000000000015
10446.750000000011
14845.000000000015
10067.750000000011
13805.000000000011
9752.00000000001
13022.000000000016
9597.50000000001
12073.00000000001
10009.75000000001
11651.000000000013
10125.750000000011
12418.000000000011
10123.25000000001
13772.000000000016
11149.750000000011
13524.000000000016
12098.250000000013
14428.000000000015
12298.250000000015
15135.000000000018
13276.750000000016
15499.000000000018
14860.750000000016
14481.000000000015
15514.500000000016
15480.000000000016
15446.750000000016
16467.000000000015
15772.500000000018
14772.000000000016
16579.25000000002
13371.000000000013
16709.25000000002
15314.000000000015
16754.75000000002
16077.000000000016
17310.75000000002
16121.000000000015
18112.25000000002
16307.000000000015
19583.75000000002
16292.000000000015
20445.750000000022
15940.000000000016
20354.25000000002
15596.000000000016
20242.75000000002
14948.000000000011
20347.750000000022
15173.000000000016
20414.750000000022
16170.000000000018
20509.000000000025
15630.000000000016
20513.25000000002
14618.000000000015
20196.250000000022
13660.000000000015
20209.750000000015
13060.000000000015
20428.50000000002
13629.000000000015
20691.25000000002
13911.000000000016
20891.750000000022
13207.000000000013
20900.75000000002
12666.00000000001
20695.250000000022
13542.000000000013
20326.75000000002
14325.000000000015
20219.750000000022
15000.000000000015
20370.750000000022
14816.000000000018