5563.7500000000055
4659.000000000005
5657.5000000000055
4817.000000000004
5744.0000000000055
4940.0000000000055
5821.7500000000055
4999.0000000000055
5881.500000000007
5052.0000000000055
5917.000000000006
5094.0000000000055
5942.250000000007
5128.000000000003
5965.7500000000055
5154.000000000005
5982.500000000006
5150.000000000005
5997.250000000006
5171.0000000000055
6013.750000000006
5260.000000000006
6033.750000000006
5286.000000000006
6043.000000000006
5327.000000000006
6048.250000000007
5040.0000000000055
6133.5000000000055
5030.000000000006
6473.750000000006
5537.000000000005
6635.0000000000055
6606.0000000000055
6272.250000000006
6854.000000000008
6137.7500000000055
7014.000000000008
6088.250000000006
6186.0000000000055
6078.000000000006
6139.000000000006
6339.2500000000055
6070.000000000006
6519.250000000005
6079.000000000003
6938.250000000008
6116.000000000006
7658.750000000008
6194.0000000000055
7935.25000000001
6399.000000000003
8271.25000000001
6498.000000000008
8496.75000000001
6637.000000000007
8888.25000000001
6601.000000000006
9158.25000000001
6680.000000000006
9084.75000000001
6706.000000000007
9313.75000000001
6671.000000000004
9299.750000000011
6716.000000000008
9265.75000000001
6773.0000000000055
8824.75000000001
6832.000000000006
8728.50000000001
6868.000000000007
8601.25000000001
6918.0000000000055
8551.00000000001
6969.000000000006
8239.000000000007
7018.000000000007
8053.750000000008
7085.000000000008
7559.000000000007
7087.000000000009
7306.250000000008
7095.000000000005
7275.000000000008
7093.0000000000055
6968.000000000006
7124.000000000007
6871.000000000008
7151.000000000004
6981.250000000007
7170.000000000007
6885.000000000006
7084.000000000008
6994.250000000008
7129.000000000006
7011.2500000000055
6970.000000000007
7222.500000000007
6883.000000000007
7227.750000000007
6898.000000000007
7221.500000000007
6904.000000000006
7252.500000000007
6886.000000000008
7341.000000000008
6709.000000000008
7079.750000000008
6727.0000000000055
7155.500000000009
6689.0000000000055
7498.000000000007
6654.000000000005
7208.000000000006
6621.0000000000055
6994.000000000007
6585.000000000009
6828.000000000006
6537.0000000000055
7048.250000000006
6496.000000000004
6967.000000000006
6453.0000000000055
6691.250000000008
6409.000000000006
6539.750000000007
6369.0000000000055
6652.000000000007
6325.000000000006
6815.500000000008
6276.000000000006
6392.750000000008
6224.0000000000055
6532.250000000007
6175.000000000006
6525.250000000007
6139.000000000006
6433.500000000007
6106.000000000007
6158.500000000006
6084.000000000004
6177.750000000007
6071.000000000007
6213.000000000006
6084.000000000004
6107.500000000008
6092.000000000004
6164.5000000000055
6090.000000000005
6434.000000000007
6098.000000000005
6923.750000000007
6100.000000000004
7255.500000000006
6094.000000000008
7503.000000000008
6074.000000000005
7762.000000000008
6041.000000000007
7613.500000000007
6010.000000000007
7627.500000000009
5985.000000000008
7178.750000000008
5956.000000000006
6895.500000000007
5940.000000000004
6667.250000000006
5935.0000000000055
6572.500000000006
5921.000000000007
6310.7500000000055
5866.0000000000055
6475.500000000007
5802.000000000004
6360.250000000006
5714.000000000006
5928.2500000000055
5626.0000000000055