13756.250000000016
15570.000000000016
13291.000000000013
16552.00000000001
13847.000000000016
17247.00000000002
15266.750000000018
16947.00000000001
16044.750000000015
17143.00000000001
16297.500000000015
17649.000000000022
15991.750000000016
17405.00000000001
15692.500000000015
15964.000000000016
15429.750000000015
14522.000000000016
15203.750000000015
12110.000000000013
15406.250000000015
10349.000000000011
15708.500000000016
9851.00000000001
15377.000000000015
9651.000000000011
14517.250000000016
9605.00000000001
13551.750000000013
10311.000000000011
13816.750000000015
11560.000000000011
13797.250000000013
13390.000000000013
13907.250000000018
14229.000000000015
14494.750000000016
14426.000000000013
14583.000000000015
14623.000000000013
15752.250000000016
14795.000000000016
15583.000000000016
14964.000000000016
13844.750000000015
14199.000000000015
14304.750000000015
13011.000000000015
14288.000000000011
13189.000000000018
14059.250000000013
12301.00000000001
14506.750000000018
11750.000000000011
14823.250000000016
12136.000000000015
16170.250000000016
12231.000000000007
16006.000000000018
12582.000000000011
13234.000000000013
10733.000000000011
13080.000000000013
12291.000000000007
12942.750000000011
13241.000000000011
13359.000000000013
13699.000000000011
12438.000000000013
14177.000000000015
11395.000000000011
11768.00000000001
10826.500000000011
10910.000000000013
10570.50000000001
10574.00000000001
10407.250000000011
10267.000000000011
10603.750000000011
10608.000000000011
10166.250000000011
10607.000000000011
9842.250000000011
10468.000000000013
9868.250000000011
11102.000000000011
9949.250000000011
10835.000000000013
9739.75000000001
9500.00000000001
9325.75000000001
10106.000000000007
9088.500000000011
10768.000000000011
9289.75000000001
10087.00000000001
9010.00000000001
10840.000000000011
8740.25000000001
10991.000000000011
9695.750000000011
10672.000000000011
9963.75000000001
10950.000000000011
9277.00000000001
11300.000000000015
9532.75000000001
10323.00000000001
9874.250000000011
10116.000000000011
10123.750000000011
11355.000000000015
9810.250000000011
11151.00000000001
9584.00000000001
11501.000000000015
9712.500000000011
11509.000000000011
9551.750000000011
10746.000000000013
9789.750000000007
11950.00000000001
9914.000000000011
10864.000000000013
9629.00000000001
9479.000000000005
10223.50000000001
9556.000000000011
10745.000000000011
9783.000000000013
9925.50000000001
10194.00000000001
9525.75000000001
9770.000000000011
9606.750000000007
7720.000000000005
9660.00000000001
7809.000000000008
9740.250000000011
9140.00000000001
10606.75000000001
8726.000000000011
10384.750000000011
10435.000000000013
10573.250000000007
11044.000000000013
10176.000000000011
9916.000000000007
9250.00000000001
8850.000000000007
9488.000000000011
9211.00000000001
10139.750000000011
10270.00000000001
10536.500000000011
11533.00000000001
10497.250000000007
11668.000000000013
10688.50000000001
11755.000000000015
10561.250000000011
14503.000000000015
11198.750000000013
16658.00000000001
13979.250000000015
13237.000000000013
15211.750000000016
18536.000000000015
14716.250000000016
24491.000000000033
15233.000000000013
25725.000000000015
14328.500000000015
24965.000000000015
11418.000000000013
24005.000000000025
11196.50000000001
15071.000000000015
12944.000000000015
9127.00000000001