5392.250000000006
7577.000000000009
5393.250000000006
7709.000000000008
5413.250000000006
7853.000000000009
5440.7500000000055
7934.000000000007
5433.5000000000055
8051.000000000008
5458.2500000000055
8093.000000000009
5535.5000000000055
8108.000000000009
5595.7500000000055
8128.000000000008
5668.5000000000055
8079.000000000009
5784.500000000006
7995.000000000007
5820.750000000006
7930.000000000008
6001.500000000006
7801.000000000008
6175.2500000000055
7672.0000000000055
6483.0000000000055
7652.000000000009
6751.250000000008
7790.000000000009
6851.000000000007
7991.00000000001
7844.250000000007
8225.000000000007
7865.500000000007
8431.000000000007
7672.750000000008
8678.00000000001
8264.50000000001
8885.000000000005
7970.500000000007
9109.000000000007
7572.000000000008
9308.00000000001
8223.000000000007
9414.000000000007
9453.500000000007
9567.000000000011
9842.50000000001
9790.00000000001
10278.250000000011
9658.00000000001
10320.75000000001
9655.000000000011
10256.25000000001
9902.000000000013
10308.500000000011
10497.000000000011
10158.25000000001
11030.000000000011
9533.25000000001
11098.000000000013
9536.50000000001
11018.000000000013
10331.000000000011
10972.000000000011
11397.500000000013
11002.000000000005
10841.25000000001
11169.000000000013
11025.250000000013
10809.000000000013
10703.750000000011
11271.000000000011
10152.000000000013
11326.000000000011
10375.500000000013
11212.000000000013
10202.250000000013
10478.000000000011
10078.50000000001
10221.000000000007
10521.750000000007
10009.000000000013
11031.250000000011
9815.000000000011
11113.750000000011
9721.00000000001
11084.250000000013
9613.000000000011
10934.000000000013
9602.000000000011
10500.500000000011
9600.000000000005
10085.000000000011
9589.000000000007
10347.000000000011
9600.000000000005
11295.500000000013
9508.00000000001
11078.75000000001
9313.000000000011
11300.000000000011
9088.00000000001
11560.250000000011
8908.000000000005
11604.500000000011
8883.00000000001
11602.000000000013
8896.000000000007
11444.000000000011
8981.000000000011
11537.000000000011
9112.00000000001
11881.500000000013
9211.00000000001
12502.250000000013
9392.000000000011
12590.000000000013
9550.000000000007
12223.000000000013
9829.000000000011
12120.500000000015
9972.00000000001
12523.500000000013
10011.00000000001
12290.000000000013
10048.000000000011
11851.750000000011
10132.00000000001
11690.250000000011
10153.000000000011
11217.500000000013
10136.000000000011
10083.500000000011
10154.000000000011
9923.25000000001
10090.000000000011
9971.750000000013
9869.000000000011
9064.50000000001
9591.00000000001
8908.25000000001
9191.000000000011
8821.00000000001
8790.000000000011
9366.000000000011
8412.000000000005
10008.500000000013
8062.000000000009
10693.75000000001
7789.000000000009
10878.250000000011
7518.000000000007
10885.750000000011
7157.000000000007
11119.750000000011
6828.000000000009
11369.000000000011
6542.000000000004
11420.250000000013
6248.0000000000055
11254.750000000011
6069.000000000004
11267.25000000001
5955.000000000004
11983.250000000013
5864.000000000004
12501.250000000013
5751.000000000006
11956.250000000013
5660.000000000006
11291.000000000011
5638.000000000006
10855.50000000001
5666.000000000007
10431.000000000011
5649.000000000005
9892.250000000011
5736.000000000006