16736.75000000002
16379.000000000016
18236.00000000002
13287.000000000011
18857.75000000002
11695.000000000007
18717.00000000002
12752.000000000015
18821.50000000002
12646.000000000015
18183.750000000015
10768.000000000011
17294.500000000015
12114.000000000011
17840.750000000022
12808.000000000016
17830.500000000015
13119.000000000005
17911.50000000002
14199.000000000015
16969.250000000015
15112.000000000016
14574.000000000013
14380.000000000013
14972.250000000015
13320.000000000016
17093.750000000015
12704.000000000013
17657.50000000002
12564.000000000016
17451.25000000002
12663.000000000011
17650.750000000015
11636.000000000013
18506.25000000002
11204.000000000011
18465.750000000022
13681.000000000015
16267.000000000016
14320.000000000015
16137.250000000015
12337.000000000007
15420.250000000015
9200.000000000007
15455.750000000016
6101.000000000006
16382.500000000016
7652.000000000009
14756.000000000013
9098.000000000005
13820.750000000013
12862.000000000011
14319.000000000013
14528.000000000015
13064.000000000015
9855.000000000007
10908.750000000011
9495.000000000011
11269.750000000011
9848.000000000007
9692.00000000001
10170.00000000001
7799.750000000009
8857.000000000007
7733.000000000007
7217.000000000009
8165.250000000009
6651.0000000000055
7641.750000000008
6568.0000000000055
7945.250000000009
4787.0000000000055
7908.500000000007
5484.000000000006
7607.000000000009
5631.000000000006
7700.000000000008
6958.000000000005
7901.000000000007
6818.000000000007
7405.250000000008
8010.000000000007
8026.250000000008
9992.000000000007
8205.750000000007
9554.00000000001
7891.250000000007
8745.00000000001
8600.25000000001
8529.000000000007
8126.500000000009
8054.000000000007
7775.250000000008
8633.000000000005
8846.500000000011
8788.000000000007
11124.250000000013
9654.000000000011
10160.500000000007
12684.000000000015
7663.250000000007
15500.000000000015
8588.75000000001
16724.000000000015
9145.25000000001
17545.000000000015
8266.75000000001
17583.00000000002
9486.50000000001
18516.00000000001
10832.000000000013
19431.000000000025
10286.500000000011
19541.000000000022
10163.500000000011
19347.000000000022
11046.750000000013
18639.00000000001
10855.000000000013
15055.000000000015
12190.750000000013
14178.000000000016
12882.500000000015
10248.000000000013
12279.500000000013
8798.000000000011
12959.000000000013
6042.0000000000055
13557.500000000015
5273.000000000006
13975.750000000013
6466.0000000000055
12620.500000000016
6207.000000000004
12160.750000000013
6386.000000000007
13190.000000000013
6341.000000000005
13478.750000000015
6047.000000000004
14062.000000000015
5673.0000000000055
14804.000000000016
6509.000000000009
15214.750000000018
7170.000000000007
14650.000000000015
6578.000000000006
13099.750000000015
8523.000000000004
12490.750000000011
12618.000000000011
12879.250000000011
13638.000000000011
12133.250000000011
12871.000000000013
11651.750000000011
13232.000000000015
12495.500000000011
13545.000000000015
13164.750000000013
12193.000000000015
13577.250000000015
10749.000000000013
14504.500000000015
9385.00000000001
14685.000000000015
8818.00000000001
14480.500000000015
11407.000000000011
14628.000000000015
13970.000000000015
15122.250000000015
15086.000000000016
14796.250000000016
17016.000000000022
14570.000000000015
15343.000000000016
14741.500000000016
12706.000000000016