5758.7500000000055
3296.0000000000023
6901.500000000007
3985.0000000000036
7328.250000000007
4295.000000000004
7410.000000000008
5029.0000000000055
8742.25000000001
5587.000000000006
8948.25000000001
5434.000000000006
9063.75000000001
5202.000000000005
9204.500000000007
4902.000000000005
9463.000000000011
4643.0000000000055
9824.50000000001
4443.000000000005
9967.00000000001
4250.000000000004
10017.50000000001
4071.000000000004
9912.750000000011
4007.0000000000036
9821.000000000011
3948.0000000000036
9685.500000000011
3879.0000000000023
9535.750000000011
3898.0000000000036
9353.750000000007
3914.000000000004
9289.25000000001
4000.000000000004
9747.50000000001
4109.000000000004
10103.000000000011
4213.000000000005
10252.75000000001
4342.000000000006
10319.750000000011
4541.000000000003
10407.500000000011
4895.000000000005
10495.500000000011
5300.0000000000055
10639.750000000011
5694.0000000000055
10938.000000000011
6065.0000000000055
10592.75000000001
6397.000000000004
10270.75000000001
6698.000000000008
10058.75000000001
6977.000000000006
10239.250000000011
7155.000000000007
11272.250000000011
7273.000000000008
10260.250000000011
7344.000000000007
10140.00000000001
7488.000000000007
10356.750000000011
7681.000000000009
10118.75000000001
7921.000000000008
9625.500000000007
8445.000000000007
9257.00000000001
8745.00000000001
8317.000000000007
8407.000000000007
6669.5000000000055
9385.00000000001
6771.000000000006
10644.000000000005
7047.500000000007
10805.000000000013
7718.500000000008
11488.000000000013
9018.50000000001
10742.00000000001
9243.75000000001
8469.000000000007
9881.00000000001
7711.000000000008
10160.250000000011
7807.000000000008
9563.500000000011
7656.00000000001
8005.000000000007
7441.000000000009
7563.750000000007
7135.000000000006
6888.750000000006
7175.000000000008
7708.000000000008
7235.000000000008
8886.75000000001
8176.000000000009
8939.75000000001
9066.00000000001
9174.500000000007
10233.000000000011
9301.00000000001
10782.000000000011
9730.750000000011
10802.000000000013
9931.250000000011
10523.000000000013
10084.250000000011
9803.000000000013
10361.500000000011
9440.000000000005
10875.750000000011
9452.000000000007
11046.000000000011
10370.000000000011
10393.000000000011
9790.00000000001
9830.000000000011
10377.00000000001
9912.500000000011
11115.00000000001
11797.000000000013
10216.00000000001
12407.000000000015
10970.000000000013
11994.750000000013
10717.000000000011
12675.250000000013
10251.000000000007
12783.000000000011
9727.000000000013
11481.250000000013
9767.00000000001
11668.000000000013
9817.000000000007
12585.500000000013
9818.000000000011
12026.750000000011
9706.00000000001
11167.50000000001
9548.000000000011
11247.250000000011
9309.00000000001
11481.500000000011
9027.00000000001
11881.000000000011
8776.00000000001
12660.000000000011
8512.000000000005
12696.250000000011
8340.000000000004
12521.750000000011
8130.00000000001
12356.250000000013
7939.000000000008
12196.500000000015
7767.000000000009
12046.500000000011
7868.000000000008
11843.000000000013
8114.000000000008
11609.000000000011
8224.000000000007
11551.000000000011
8391.000000000011
10219.750000000011
7987.000000000009
9722.00000000001
6210.0000000000055
9955.000000000013
6463.000000000005
10365.250000000011
8021.000000000007