21657.000000000022
22974.000000000025
21326.500000000022
22013.000000000025
22873.500000000022
23146.000000000022
23901.000000000025
22952.000000000022
23975.250000000022
23380.00000000003
24198.500000000025
23332.000000000033
23716.750000000025
21959.000000000025
22257.250000000025
20717.000000000022
22811.500000000022
20237.00000000001
23526.500000000025
22224.000000000015
23463.00000000002
23371.00000000002
23971.250000000022
24243.00000000001
23158.500000000022
25180.000000000036
23369.750000000022
25233.000000000025
24470.250000000025
24076.000000000022
23765.750000000025
24433.00000000002
23131.000000000022
22571.000000000025
24025.500000000025
21620.000000000022
23107.750000000022
20184.000000000022
22316.500000000022
20193.000000000022
22608.500000000022
21939.000000000022
23214.25000000003
21731.000000000022
22658.50000000002
19594.00000000002
22640.500000000025
20061.000000000015
22238.500000000022
20962.000000000022
21793.750000000025
18497.00000000002
21434.500000000022
17143.00000000001
21352.750000000022
17275.00000000002
20415.250000000015
20241.000000000022
18236.750000000022
21645.000000000015
16854.25000000002
21883.000000000022
16754.000000000015
18014.00000000001
15515.250000000016
15970.000000000016
13071.250000000013
13842.000000000015
13075.250000000015
10252.000000000011
12368.500000000013
8505.000000000011
11857.750000000011
9231.000000000007
11668.000000000013
9492.00000000001
11736.750000000013
8800.000000000005
12074.250000000013
8268.000000000005
11559.750000000013
8801.000000000005
11564.000000000013
10500.000000000011
10839.500000000011
12782.000000000015
10269.750000000011
11552.000000000013
9673.50000000001
12022.000000000011
9281.75000000001
12598.000000000013
9207.25000000001
12746.000000000013
9388.75000000001
13509.000000000007
9658.000000000011
14935.000000000013
9512.250000000011
15786.000000000016
9757.750000000011
16464.000000000015
9544.50000000001
17736.00000000002
9125.250000000011
15613.000000000016
9288.500000000011
13319.000000000015
9128.000000000011
11631.00000000001
8962.25000000001
9651.000000000013
9043.00000000001
7450.000000000008
9684.500000000011
7739.000000000009
8868.250000000007
8447.000000000007
8349.000000000007
9611.000000000007
8701.75000000001
10943.000000000011
8388.50000000001
11614.000000000013
8723.75000000001
11831.000000000013
8741.250000000007
13734.00000000001
9467.250000000011
16714.00000000002
10515.750000000013
15834.000000000015
11435.500000000013
16224.000000000015
11000.000000000011
19276.00000000001
10536.500000000011
19780.000000000025
11634.25000000001
17149.000000000015
12419.250000000013
16201.000000000018
13918.250000000015
18171.000000000015
13918.500000000015
19369.00000000001
13047.000000000013
22298.000000000025
13482.250000000013
24560.00000000003
14508.250000000016
24839.000000000033
14959.750000000011
22325.000000000025
15966.500000000015
21092.000000000025
16983.50000000002
21252.000000000025
17224.750000000015
21195.000000000025
18222.500000000015
23819.000000000022
20611.250000000025
24413.000000000033
20806.000000000022
24295.000000000015
21754.750000000025
22754.000000000022
22477.500000000022
21595.000000000022
21824.750000000022
20646.00000000002
21333.750000000022
19265.000000000022
21590.750000000022
18747.00000000002
21194.000000000025
18761.000000000022
19744.75000000002
17594.000000000015