12672.750000000015
8374.000000000005
13123.500000000013
8783.000000000011
13840.250000000015
9681.000000000011
14624.500000000015
11812.000000000015
14842.500000000016
12395.000000000013
14370.000000000015
12363.00000000001
14405.750000000013
13315.000000000015
14076.500000000015
13613.000000000013
13907.000000000016
10943.000000000011
14239.000000000013
11942.000000000013
15513.750000000013
14191.00000000001
15390.750000000018
12766.000000000013
15354.750000000011
12473.000000000016
14842.250000000015
12077.000000000007
15186.250000000015
11954.000000000015
15314.750000000015
10915.000000000013
15554.500000000015
9984.00000000001
15831.000000000016
10330.000000000013
16003.500000000016
10079.00000000001
16149.750000000015
10724.000000000013
16101.500000000015
11064.000000000013
16361.250000000016
7155.000000000008
15768.500000000015
7216.000000000007
16282.250000000015
7871.000000000008
16801.25000000002
8130.000000000007
16921.75000000002
8619.000000000005
16591.75000000002
8086.000000000009
16332.000000000016
9196.00000000001
15638.500000000016
11534.000000000013
15343.500000000016
11138.00000000001
15156.250000000015
11714.000000000013
15164.500000000013
13064.00000000001
14747.500000000018
13196.000000000011
15203.000000000015
12408.00000000001
15099.250000000013
13446.000000000013
15142.250000000016
12664.000000000011
14032.750000000015
11117.000000000011
12908.500000000013
10535.000000000011
13087.000000000015
11879.000000000007
12628.000000000013
12344.000000000011
11985.000000000011
8803.000000000007
11850.250000000013
8944.00000000001
11924.000000000013
10896.000000000013
11330.750000000011
10826.000000000011
11393.000000000011
9591.00000000001
11495.750000000011
11023.000000000013
11804.250000000013
10997.000000000011
11711.50000000001
12678.000000000011
12635.000000000013
10518.000000000007
12594.000000000013
12091.000000000015
11132.750000000011
12502.000000000015
10866.500000000007
11394.000000000013
11339.250000000011
10283.00000000001
11871.500000000011
11276.000000000013
12467.750000000013
12204.000000000015
12449.250000000013
11351.000000000013
12571.000000000011
10782.000000000011
12847.750000000013
11818.000000000007
12894.500000000011
12587.000000000011
13270.250000000011
13049.00000000001
12571.000000000011
12295.000000000016
12833.000000000015
11321.000000000013
13445.500000000015
11482.000000000011
13914.500000000013
10881.000000000013
14654.250000000018
11273.000000000013
14171.500000000016
11780.000000000011
14482.250000000015
12023.000000000011
14421.000000000015
13048.00000000001
14278.500000000013
15067.000000000015
14014.750000000015
16096.000000000018
14970.750000000015
15838.000000000016
14900.000000000016
15697.00000000002
15796.750000000015
15264.000000000016
14876.750000000013
13429.00000000001
14631.250000000016
13778.000000000013
14832.500000000016
13728.000000000015
14944.000000000018
15891.000000000015
15141.500000000015
15971.00000000002
15339.500000000015
15868.000000000018
15917.500000000015
16408.00000000002
17041.50000000002
16879.00000000002
16617.25000000002
16821.00000000002
17243.75000000002
17820.000000000015
18404.500000000022
17759.000000000015
17965.500000000015
16620.00000000002
17162.50000000002
16968.000000000015
16690.750000000022
15788.000000000015
17413.00000000002
16387.000000000015
17456.500000000022
16531.00000000002
17407.00000000002
16790.00000000002