24666.50000000003
25290.00000000003
24300.750000000025
24478.000000000033
24337.000000000022
23674.000000000025
24258.750000000025
24030.00000000003
23700.750000000025
23321.000000000025
22817.750000000025
23426.000000000015
22282.50000000002
23238.00000000003
21672.50000000002
24712.00000000003
20744.50000000002
24864.00000000001
20811.750000000022
25043.00000000002
20153.500000000015
25036.00000000003
19644.50000000002
25357.000000000015
19521.25000000002
25802.000000000025
18845.00000000002
25347.00000000002
18842.000000000022
25454.00000000002
19077.75000000002
24991.000000000015
19071.000000000022
24739.00000000002
19024.75000000002
25109.00000000003
17939.500000000022
25509.000000000033
17994.500000000022
25468.000000000022
17037.50000000002
25662.000000000022
16697.00000000002
25796.000000000025
16436.50000000002
25832.000000000025
16310.750000000015
26044.000000000015
16209.750000000016
25592.000000000025
16531.75000000002
25708.000000000015
16391.000000000015
25506.000000000022
15511.000000000015
25665.000000000015
15379.250000000015
25883.000000000033
15095.250000000015
25559.00000000003
14738.500000000016
25429.00000000003
14748.500000000015
25286.000000000025
14273.250000000016
25363.000000000025
13582.000000000013
26099.000000000033
13302.250000000011
26029.000000000033
13300.000000000015
25224.000000000015
13498.500000000015
24912.00000000003
13050.000000000013
24461.000000000025
13120.250000000015
24445.000000000025
13297.250000000015
23577.00000000003
13236.250000000013
23921.000000000025
13370.250000000013
23412.00000000002
13714.500000000013
23355.00000000003
14098.000000000015
22518.000000000025
14178.750000000015
22085.000000000022
14033.000000000016
22105.000000000025
13786.000000000013
21327.000000000025
13868.250000000015
20775.000000000022
14456.500000000018
20585.00000000002
15202.500000000018
19747.00000000002
16367.250000000016
19660.000000000022
16861.50000000002
20019.000000000022
16524.00000000002
19325.000000000022
16698.500000000015
18552.000000000015
16804.00000000002
18812.000000000015
17474.75000000002
18293.000000000015
17424.50000000002
17889.00000000001
17521.250000000015
17911.000000000015
18087.75000000002
18194.00000000002
18438.25000000002
18134.000000000022
18491.75000000002
17341.00000000001
18690.000000000015
17245.000000000022
18412.25000000002
17547.000000000015
18754.750000000022
18814.000000000022
19161.50000000002
19032.00000000002
19089.75000000002
19615.000000000022
19302.750000000022
21129.000000000025
19493.75000000002
21412.000000000022
20159.25000000002
21403.00000000002
21355.250000000022
22052.000000000025
21899.250000000022
22720.000000000022
22270.250000000022
23254.000000000022
23209.250000000022
23191.00000000003
24243.750000000025
22420.000000000025
25275.500000000022
21566.000000000022
25296.75000000003
21171.000000000022
25390.000000000025
22545.000000000025
25332.75000000003
22502.000000000025
25053.000000000025
20950.00000000002
25048.000000000022
19563.00000000002
25319.000000000025
18693.00000000002
25728.75000000003
16791.00000000002
25251.750000000025
18817.00000000002
25115.750000000022
21669.000000000022
25148.500000000022
22540.000000000022
25338.500000000025
22121.000000000025
25631.750000000025
21299.000000000022
25968.00000000003
20694.000000000025
25785.50000000003
20855.000000000022
25431.500000000022
20731.000000000015