7767.750000000007
8154.000000000009
7916.250000000009
8272.000000000004
8054.750000000008
8414.000000000011
8179.500000000009
8498.00000000001
8285.000000000005
8563.00000000001
8387.50000000001
8594.000000000005
8456.250000000007
8615.000000000011
8523.750000000007
8626.000000000005
8606.000000000007
8684.000000000011
8702.500000000011
8766.000000000007
8646.750000000007
8879.000000000011
8595.50000000001
9019.00000000001
8461.000000000011
9086.000000000007
8412.500000000007
9130.000000000011
8418.00000000001
9200.000000000007
8509.50000000001
9223.000000000007
8531.00000000001
9226.00000000001
8577.25000000001
9188.00000000001
8697.50000000001
9213.00000000001
9270.25000000001
9271.00000000001
10015.25000000001
9328.000000000011
10057.500000000011
9360.000000000007
9504.50000000001
9353.000000000007
8937.00000000001
9333.00000000001
8509.50000000001
9308.000000000011
8687.25000000001
9309.00000000001
9040.750000000007
9297.000000000011
9341.75000000001
9270.00000000001
9650.00000000001
9245.000000000007
9526.00000000001
9248.00000000001
9785.000000000011
9252.000000000011
9743.250000000011
9230.000000000007
9817.25000000001
9209.00000000001
9786.00000000001
9210.00000000001
9793.50000000001
9258.000000000005
9780.50000000001
9328.000000000011
9921.500000000013
9403.000000000011
10048.25000000001
9461.000000000013
10055.75000000001
9439.00000000001
10025.750000000011
9354.00000000001
9677.75000000001
9306.000000000007
9477.250000000007
9291.000000000007
9358.00000000001
9311.000000000005
9243.25000000001
9337.000000000007
9336.000000000007
9355.00000000001
9200.75000000001
9307.000000000007
9392.25000000001
9272.00000000001
9596.250000000007
9273.000000000005
9552.00000000001
9253.000000000007
9500.25000000001
9245.000000000007
9518.50000000001
9196.000000000005
9454.25000000001
9169.000000000007
9685.000000000011
9141.000000000013
10366.50000000001
9128.000000000005
10411.750000000011
9185.000000000007
10392.750000000013
9221.000000000011
11198.250000000011
9297.000000000011
11758.50000000001
9334.000000000011
12380.250000000013
9228.000000000005
12857.500000000013
9215.000000000007
12147.750000000011
9014.000000000005
11393.500000000013
9027.00000000001
11263.250000000011
9291.000000000007
11318.500000000013
9322.000000000007
11331.750000000011
9267.000000000011
11389.00000000001
9232.000000000013
11122.750000000013
9213.000000000011
10444.50000000001
9161.000000000007
10293.000000000011
9105.000000000005
10448.500000000011
9052.000000000005
10469.25000000001
8896.000000000007
10351.750000000011
8805.00000000001
10461.25000000001
8838.000000000005
10424.000000000011
8893.000000000005
10621.000000000011
8942.000000000011
11004.500000000011
8967.00000000001
11262.250000000011
8949.000000000007
11626.75000000001
8899.00000000001
12067.000000000011
8808.000000000005
12214.000000000011
8711.000000000011
12224.750000000013
8620.000000000007
12233.750000000011
8496.000000000011
11708.000000000013
8384.000000000007
11911.750000000011
8297.00000000001
12021.750000000013
8218.000000000007
11461.750000000011
8150.000000000008
11229.00000000001
8031.000000000009
11343.750000000013
7878.000000000008
11403.500000000011
7664.000000000008
11265.000000000013
7418.000000000008