26973.75000000001
26976.000000000007
26967.75000000001
26976.000000000007
26859.00000000001
26976.000000000007
26749.000000000007
26976.000000000007
26818.50000000001
26976.000000000007
26861.00000000001
26976.000000000007
26882.250000000022
26976.000000000007
26900.00000000002
26976.000000000007
26905.250000000022
26976.000000000007
26909.25000000001
26976.000000000007
26915.000000000022
26976.000000000007
26916.250000000022
26976.000000000007
26915.500000000022
26976.000000000007
26896.50000000002
26961.000000000025
26880.000000000022
26950.00000000002
26945.250000000022
27044.000000000022
26408.000000000025
26188.00000000002
21472.000000000022
20051.00000000002
18592.00000000002
15904.000000000016
16823.25000000002
14880.000000000013
16098.000000000013
14262.000000000011
15225.250000000015
13509.000000000016
13845.250000000013
11973.000000000011
12713.500000000011
13566.000000000018
11880.000000000013
13230.00000000001
10590.500000000011
13084.000000000007
9274.50000000001
13754.000000000016
9272.25000000001
13448.000000000016
9046.00000000001
14187.000000000016
8803.25000000001
15050.000000000013
8891.00000000001
15197.000000000015
9961.25000000001
15812.000000000016
9738.75000000001
16187.000000000015
9270.50000000001
15707.000000000016
9652.50000000001
15962.000000000018
10083.50000000001
17043.000000000015
10199.000000000013
17852.000000000015
9940.500000000011
18029.00000000001
10013.75000000001
18585.000000000007
10554.750000000011
19404.000000000022
10502.00000000001
19352.00000000002
10605.500000000011
19805.000000000022
11046.250000000011
20064.000000000022
11565.500000000011
20390.00000000001
11667.250000000011
20440.000000000022
11228.750000000013
20612.000000000022
11093.000000000011
20615.00000000002
11449.250000000011
20681.000000000022
11574.500000000011
20481.000000000022
11656.75000000001
20566.00000000002
11405.500000000011
20888.00000000002
11792.75000000001
21544.00000000002
12090.250000000013
22607.00000000002
12554.000000000011
23490.00000000001
13850.750000000015
24595.000000000015
14972.000000000013
26744.000000000015
15247.500000000015
27005.000000000015
15144.000000000011
26974.000000000025
14878.750000000013
26976.000000000007
14507.250000000011
26964.00000000003
14442.50000000001
26947.000000000025
14441.250000000016
26955.000000000022
14264.500000000011
26953.00000000001
14149.250000000015
26944.000000000025
14273.750000000015
26946.000000000025
14670.250000000013
26946.000000000025
14142.000000000013
26966.00000000001
14347.250000000013
26975.000000000015
15254.000000000013
26976.000000000007
15526.75000000001
26975.000000000015
16081.000000000018
26976.000000000007
16148.000000000016
26976.000000000007
16165.500000000016
26976.000000000007
16694.500000000015
26976.000000000007
17369.750000000015
26976.000000000007
17288.75000000002
26976.000000000007
17548.000000000015
26976.000000000007
18380.75000000002
26976.000000000007
18577.000000000015
26976.000000000007
18716.750000000015
26976.000000000007
18990.250000000015
26976.000000000007
19541.000000000015
26976.000000000007
20092.750000000015
26976.000000000007
21217.75000000002
26976.000000000007
22670.500000000015
26976.000000000007
24376.75000000002
26976.000000000007
26499.75000000002
26976.000000000007
27019.250000000022
26976.000000000007
26976.50000000001
26976.000000000007
26976.000000000007
26976.000000000007