11473.000000000011
12117.000000000015
12071.00000000001
12443.000000000007
12664.750000000013
13227.000000000011
12703.750000000015
14584.000000000015
12932.250000000015
13069.000000000013
12582.750000000011
14341.000000000016
12724.750000000013
13037.000000000016
12288.250000000013
11060.000000000013
12355.000000000011
9795.000000000013
12463.250000000013
9312.000000000007
12259.000000000013
9377.000000000004
12253.250000000011
9444.000000000007
11495.250000000013
9425.000000000005
11149.000000000011
9224.000000000011
11168.000000000011
9205.000000000005
11517.250000000011
8720.000000000007
12012.750000000013
8238.000000000005
12109.750000000011
8452.00000000001
12079.250000000013
9177.000000000007
12193.750000000013
10685.000000000011
11322.500000000011
12459.000000000013
10959.000000000013
13749.00000000001
11684.500000000013
11330.000000000011
11403.250000000011
14560.000000000016
11054.250000000013
13360.000000000013
11066.750000000013
12333.000000000015
11556.750000000013
11886.000000000011
11493.75000000001
10290.000000000013
10805.500000000011
10263.000000000011
10977.500000000011
9142.00000000001
10794.000000000011
9042.000000000011
10765.500000000011
8688.000000000007
10964.50000000001
8662.00000000001
11847.250000000013
9477.00000000001
11587.00000000001
9482.000000000007
11168.500000000011
9487.000000000011
11171.750000000011
10727.000000000013
10826.750000000011
11114.000000000011
11093.750000000013
9804.000000000013
11746.750000000013
11009.000000000013
10805.500000000013
11898.000000000013
10334.250000000011
10537.000000000011
10176.750000000011
9377.00000000001
10149.000000000011
9285.000000000011
9785.500000000011
9368.000000000007
9437.50000000001
9719.000000000004
9598.250000000011
9993.000000000013
9655.25000000001
9415.000000000011
9941.750000000011
9099.00000000001
9300.50000000001
9040.000000000007
9201.50000000001
10546.000000000011
9379.50000000001
11354.000000000011
9327.75000000001
11294.000000000011
8502.50000000001
9842.00000000001
9064.00000000001
7690.000000000007
8885.000000000007
9824.000000000007
9190.00000000001
10616.000000000011
9271.50000000001
10299.00000000001
9032.250000000007
9627.000000000007
8916.25000000001
9370.00000000001
9001.75000000001
11788.000000000007
8655.250000000007
12653.00000000001
9069.00000000001
12775.00000000001
8873.000000000007
12274.000000000015
9055.750000000007
10986.000000000013
9007.50000000001
12627.000000000013
8680.50000000001
13231.00000000001
8739.25000000001
11576.000000000013
9229.75000000001
10628.000000000011
8907.250000000007
12920.000000000005
9433.25000000001
14118.000000000013
8303.250000000007
15280.000000000018
8067.500000000008
14759.000000000016
8359.250000000007
14943.000000000013
8568.250000000007
13891.000000000016
7946.000000000008
12179.00000000001
8902.00000000001
12968.000000000011
9273.250000000007
12374.000000000011
9317.00000000001
12441.000000000015
9419.500000000007
13025.000000000013
9946.25000000001
13944.000000000015
9898.50000000001
15184.000000000018
9534.75000000001
14763.000000000016
10221.500000000011
14399.000000000011
11629.750000000011
14111.000000000015
12363.250000000011
13813.000000000016
12071.750000000013
13875.000000000007
12343.000000000015
13660.000000000013
13199.250000000016
13428.00000000001
13772.250000000013
13913.000000000016