21910.250000000025
20462.000000000022
21656.750000000025
20708.000000000022
21188.000000000022
22000.000000000025
22425.00000000002
20504.000000000022
21928.000000000025
19607.00000000002
21270.000000000022
19388.000000000022
20891.500000000025
17577.000000000015
18878.25000000002
19386.000000000022
18727.50000000002
21408.00000000002
19628.25000000002
22529.000000000025
20813.00000000002
23225.000000000015
21717.250000000022
22813.00000000002
21284.500000000022
23755.000000000022
19694.250000000022
25501.00000000002
19636.00000000002
27732.000000000022
19651.500000000022
27304.000000000022
17818.750000000022
26242.000000000033
16295.000000000018
26732.00000000003
15803.500000000016
26903.00000000002
16194.750000000015
27516.000000000033
17036.500000000015
27992.000000000033
17958.75000000002
27858.00000000003
19341.750000000025
26875.00000000003
19795.75000000002
25212.00000000002
18498.75000000002
23913.00000000003
17475.00000000002
23347.000000000015
16150.000000000016
24559.00000000002
15396.750000000013
26405.000000000022
14690.750000000018
23661.00000000001
15064.000000000013
20256.000000000022
15980.750000000015
18063.000000000015
16447.750000000015
19826.000000000022
16697.50000000002
19893.000000000025
16746.25000000002
19048.00000000001
18357.75000000002
17531.000000000015
19529.500000000022
17309.00000000002
19016.75000000002
19468.000000000025
18110.75000000002
19975.00000000002
18121.00000000002
20332.000000000022
17721.250000000015
21960.000000000022
16611.500000000015
24180.00000000003
15795.250000000013
26106.000000000033
14203.250000000015
26122.000000000025
13367.000000000013
26482.000000000022
14180.750000000015
26751.00000000002
14071.500000000016
26735.000000000022
13723.500000000016
26379.000000000033
14845.000000000015
26238.000000000022
15071.250000000015
26425.000000000015
14806.500000000015
25524.000000000033
14320.000000000016
23696.000000000015
15169.750000000016
21727.000000000022
15768.500000000015
21195.000000000025
15444.750000000016
21699.000000000022
15686.250000000015
21558.000000000022
16065.750000000018
23060.000000000022
16094.750000000018
22484.000000000025
15931.000000000013
23494.000000000022
15704.000000000018
23212.000000000015
15061.000000000015
21274.000000000025
14301.250000000013
19772.000000000015
12942.250000000015
19068.000000000022
12734.250000000013
17299.000000000022
13292.250000000015
16471.00000000002
14078.750000000015
17458.00000000002
13876.000000000013
17086.00000000002
13362.750000000013
18273.00000000001
12256.250000000015
18039.00000000002
11599.000000000013
15216.000000000016
11756.500000000011
15148.000000000016
13264.000000000013
15593.000000000015
15061.750000000018
16100.000000000016
15426.000000000015
16851.00000000002
15119.750000000016
14908.000000000018
14949.500000000016
12286.00000000001
15740.500000000013
12610.000000000007
17266.50000000002
11798.00000000001
18720.75000000002
10765.000000000011
17610.00000000002
11913.000000000013
17358.00000000002
13837.000000000015
17726.250000000015
14247.000000000011
18042.75000000002
13852.000000000015
18232.00000000002
15748.000000000016
16886.50000000002
16717.00000000001
16179.250000000018
16638.00000000002
16345.000000000016
15502.000000000015
16878.25000000002
14109.000000000016
15874.250000000016
13984.000000000013
15046.500000000015
13872.000000000015
15842.750000000016
16207.000000000016