8393.250000000007
9716.000000000011
8073.25000000001
9394.00000000001
7827.500000000007
10703.000000000011
7724.500000000008
13777.000000000015
7819.500000000007
15666.000000000018
8511.00000000001
16681.000000000022
9282.500000000007
17864.000000000022
10287.000000000011
17722.00000000001
10768.000000000011
18444.000000000015
10542.500000000011
19191.000000000015
10082.750000000011
18726.00000000002
10081.25000000001
21644.000000000025
10197.25000000001
22892.000000000022
10063.250000000011
21250.000000000022
9629.750000000007
20126.000000000022
9312.75000000001
20485.000000000022
8996.00000000001
20928.000000000022
8748.75000000001
20139.000000000022
8607.50000000001
17714.000000000015
8491.75000000001
16196.000000000016
8499.75000000001
15557.000000000015
8534.00000000001
14267.00000000001
9223.75000000001
13251.000000000007
10143.50000000001
11975.000000000015
11143.750000000011
12408.00000000001
12247.250000000011
15580.000000000013
13166.750000000015
18730.000000000022
13735.750000000013
17721.00000000002
13752.500000000015
14285.000000000013
13171.00000000001
12508.000000000015
13183.750000000013
11248.000000000013
12627.750000000011
10439.000000000011
11671.500000000013
10845.000000000011
11321.75000000001
11209.000000000011
10802.00000000001
10408.000000000013
10524.000000000011
10015.000000000007
10340.500000000011
10475.00000000001
10377.500000000011
9443.000000000007
10414.250000000011
8464.00000000001
10192.250000000011
8196.00000000001
10337.500000000011
8055.000000000007
10892.250000000013
6786.000000000006
10881.00000000001
6253.000000000006
11447.750000000013
6957.000000000007
11723.500000000011
6744.000000000007
11406.000000000013
9825.000000000007
11078.500000000013
13614.000000000015
11289.750000000013
17243.000000000015
11508.750000000011
21104.000000000022
11815.500000000011
22616.000000000025
11458.250000000013
23187.00000000002
11365.750000000011
22573.000000000025
11745.750000000011
21622.000000000022
12149.250000000015
21019.000000000022
12546.500000000011
20706.00000000002
12774.250000000011
19934.000000000022
12603.000000000011
19222.000000000015
12959.750000000013
19000.00000000002
12754.500000000013
17693.000000000022
12383.750000000015
16614.000000000022
11046.000000000011
15718.000000000016
10065.250000000013
13976.000000000015
8839.75000000001
12408.00000000001
7794.750000000008
11015.000000000013
7560.500000000007
10143.000000000011
7609.250000000009
9717.000000000011
7360.500000000006
9303.000000000011
7164.250000000007
7543.000000000008
6734.250000000007
6269.000000000008
6235.7500000000055
5743.000000000006
5436.0000000000055
5343.0000000000055
4895.750000000005
5075.0000000000055
5262.250000000005
4871.000000000005
5578.0000000000055
4509.000000000004
5638.5000000000055
4291.000000000004
5637.250000000005
4035.0000000000036
5736.7500000000055
3786.000000000004
5871.000000000006
3590.0000000000036
6042.0000000000055
3416.000000000003
6267.750000000006
3226.0000000000036
6448.000000000007
2998.0000000000027
6722.750000000007
2755.0000000000027
7056.500000000007
2547.0000000000027
7209.000000000007
2423.0000000000027
8534.00000000001
2394.0000000000023
11509.250000000011
2398.0000000000023
10247.250000000013
2383.0000000000014
9368.50000000001
2578.000000000002
9782.50000000001
3550.000000000004
9414.75000000001
4724.000000000003