93.7500000000001
124.00000000000014
3620.5000000000036
2532.0000000000027
9139.750000000011
6749.000000000007
8493.25000000001
6419.000000000004
8411.750000000007
6429.000000000007
8635.75000000001
6650.000000000008
8643.25000000001
6775.000000000005
8441.750000000007
6784.000000000007
8395.50000000001
6745.000000000005
8480.000000000007
6678.000000000006
8676.00000000001
6646.000000000005
8707.25000000001
6802.000000000007
8650.000000000007
7018.000000000007
8695.50000000001
7457.000000000007
8680.75000000001
7966.000000000008
8401.50000000001
8165.000000000008
8227.500000000007
8012.000000000008
8163.750000000007
7553.000000000007
8094.500000000008
7531.000000000008
8171.000000000009
7721.000000000009
8397.75000000001
7940.000000000009
8743.00000000001
7995.000000000007
9128.500000000007
7938.000000000008
9082.250000000007
7718.000000000007
8828.50000000001
7697.000000000009
8403.25000000001
7661.000000000008
7674.750000000008
7499.000000000009
7335.250000000007
7264.000000000007
7191.250000000007
7092.000000000007
6872.750000000006
6964.0000000000055
7074.000000000006
6885.000000000006
7654.250000000007
6903.0000000000055
8214.75000000001
6799.000000000006
8570.75000000001
6823.000000000004
8015.250000000008
6926.000000000007
8211.75000000001
6951.000000000005
7957.500000000008
6764.000000000007
7739.000000000007
6489.000000000006
8304.00000000001
6396.000000000007
8391.75000000001
6367.000000000006
8294.00000000001
6314.000000000006
8723.75000000001
6038.000000000004
8869.00000000001
5559.0000000000055
8500.250000000011
5255.000000000004
7923.500000000007
5247.0000000000055
7735.750000000008
5389.000000000006
7478.750000000007
5646.000000000006
7828.750000000008
5962.000000000004
7975.500000000007
6142.000000000006
7832.500000000007
6301.0000000000055
7619.500000000008
6413.000000000006
7449.250000000007
6351.000000000008
7751.500000000008
6217.0000000000055
7849.250000000008
6249.000000000007
7737.750000000007
6330.000000000007
7808.750000000008
6543.000000000007
7851.750000000008
6780.000000000008
8267.00000000001
7150.000000000008
8129.500000000008
7321.000000000008
7899.250000000009
7366.000000000007
7765.250000000008
7238.0000000000055
8198.500000000007
7092.000000000007
9095.750000000011
7170.000000000007
8716.00000000001
7295.000000000008
8619.250000000007
7301.000000000005
8522.00000000001
7237.000000000008
8193.25000000001
7266.000000000006
8239.75000000001
7234.000000000008
8576.00000000001
7224.000000000007
8961.000000000011
7070.0000000000055
9094.75000000001
6640.000000000008
9282.25000000001
5993.000000000004
9053.75000000001
5677.000000000006
7736.500000000008
5318.0000000000055
7362.000000000007
5251.0000000000055
7335.250000000009
5730.0000000000055
7655.000000000008
6443.000000000004
6926.000000000007
6975.000000000008
6833.750000000007
7368.000000000007
6913.750000000007
7601.000000000009
6810.750000000006
7724.000000000008
6441.250000000007
7721.000000000008
6340.500000000006
7579.000000000007
5702.250000000007
7404.000000000008
5244.7500000000055
7146.0000000000055
5425.7500000000055
6700.000000000007
5674.000000000006
6226.000000000006
5799.000000000005
6080.0000000000055
5774.000000000006
5949.000000000006
922.0000000000009
968.0000000000011