21598.000000000025
18157.000000000015
22070.750000000022
18882.00000000001
21993.750000000025
20500.000000000022
21793.750000000022
20256.000000000022
21462.000000000025
20747.000000000025
21263.00000000002
20618.00000000001
21792.500000000025
21411.000000000022
21856.00000000002
21629.000000000022
22208.750000000022
21703.000000000022
22227.750000000022
21316.00000000002
22032.50000000002
21281.000000000025
21672.500000000022
21637.000000000022
21550.75000000002
22061.000000000022
21582.75000000002
21715.00000000001
21610.000000000022
20856.000000000022
21223.500000000022
20484.000000000022
21753.75000000002
20316.000000000022
21507.500000000022
21964.000000000022
21438.500000000025
23368.000000000025
20748.250000000022
23161.000000000025
21168.500000000025
22898.000000000022
21735.000000000022
22417.000000000025
22236.000000000022
23178.00000000003
21967.00000000002
22616.000000000025
21380.75000000002
20810.000000000022
21058.500000000022
20371.00000000002
17916.75000000002
21472.000000000022
15360.750000000018
21167.000000000022
14511.000000000015
21309.000000000022
12980.250000000013
22500.000000000022
11976.000000000011
22733.000000000022
12458.750000000011
22801.000000000022
10469.000000000011
22370.000000000022
8824.50000000001
22085.000000000022
7871.250000000006
22209.000000000025
7089.750000000008
22783.000000000022
7301.250000000008
21933.000000000022
7182.250000000009
19481.000000000015
7415.000000000007
17286.000000000015
7930.000000000007
15597.000000000018
8093.000000000007
14022.000000000013
8006.250000000007
13203.000000000013
7897.750000000007
12317.00000000001
8482.75000000001
11703.000000000011
8663.00000000001
11098.000000000011
9269.25000000001
10067.000000000011
9946.750000000011
8659.000000000007
9764.500000000011
8639.00000000001
9642.00000000001
8386.000000000004
9220.000000000011
8823.000000000005
9822.000000000011
9705.000000000013
9841.750000000011
9261.000000000007
9665.00000000001
9113.000000000005
10182.500000000011
9075.000000000005
9827.500000000011
11623.000000000013
10592.75000000001
17333.000000000015
11003.250000000011
19259.00000000002
10458.750000000011
18995.000000000015
10898.750000000011
19290.00000000002
10872.750000000011
20657.000000000022
11479.500000000011
21871.000000000022
12582.500000000013
21730.000000000025
13324.250000000015
21969.000000000022
14101.750000000016
22987.000000000025
14376.500000000015
22497.000000000022
14578.250000000016
22664.000000000022
15328.750000000018
22892.000000000022
16140.250000000016
21394.000000000022
16929.750000000022
18967.000000000022
17627.75000000002
20429.000000000022
18179.50000000002
21124.000000000022
18568.00000000002
21484.00000000002
19799.50000000002
21189.00000000002
20817.500000000025
20730.000000000022
21626.500000000025
21486.00000000001
22096.250000000022
20761.000000000015
21927.250000000025
19461.000000000022
22115.750000000025
20259.000000000015
21436.250000000022
21331.00000000002
21355.750000000025
21249.000000000015
21277.750000000022
19973.000000000025
21471.75000000002
19327.000000000022
21238.250000000025
20854.000000000022
20819.000000000022
21368.000000000022
20573.500000000025
21593.000000000025
21106.500000000022
21227.000000000022
20839.00000000002
21026.00000000002
20454.000000000022
21083.000000000022
21285.250000000025
22137.000000000025
21305.250000000022
22691.00000000003