12441.500000000015
16344.000000000018
11803.750000000011
16448.000000000015
11944.250000000011
14691.000000000016
12263.000000000013
10774.000000000011
12226.000000000013
10196.000000000011
12000.250000000013
12522.000000000013
11958.000000000013
13194.000000000015
12556.000000000011
11719.000000000011
13586.500000000015
10096.000000000011
14372.250000000011
10065.000000000005
14576.750000000015
7456.000000000006
14261.250000000013
6257.000000000005
14128.500000000016
7030.000000000006
14035.000000000015
7304.000000000006
14361.500000000015
6376.000000000008
14217.250000000015
6572.000000000004
14643.000000000016
8360.000000000005
14308.500000000013
9676.00000000001
13582.250000000015
10081.000000000011
13204.500000000011
13803.000000000015
13242.750000000015
15085.000000000011
12387.750000000013
16424.00000000002
12104.000000000013
14816.000000000018
12121.000000000013
13117.000000000015
12058.750000000011
11954.000000000015
11883.500000000013
10235.000000000011
11787.750000000011
8855.000000000005
11602.500000000011
10308.00000000001
11432.250000000015
9813.00000000001
11855.000000000011
10742.00000000001
11742.750000000011
11000.000000000013
11916.500000000013
11018.000000000011
12088.250000000011
10794.000000000013
11912.500000000013
9673.00000000001
11303.500000000013
10563.000000000013
10295.250000000011
11562.000000000011
9690.250000000007
11017.000000000013
9986.75000000001
12610.000000000016
10078.500000000011
12474.000000000007
10062.000000000013
11014.000000000013
10276.250000000011
11566.000000000011
10616.000000000011
12252.000000000011
10781.000000000011
12879.000000000015
10486.25000000001
12271.00000000001
10029.000000000011
12081.000000000016
10251.250000000013
12314.000000000013
10844.250000000013
12491.000000000013
11944.50000000001
11769.00000000001
11876.500000000011
13340.000000000015
10690.500000000011
15175.000000000016
9269.25000000001
15029.000000000015
8747.250000000007
13923.000000000013
9140.250000000007
12757.000000000015
10538.000000000011
11622.000000000007
9912.25000000001
9690.00000000001
9399.00000000001
10045.000000000007
9798.500000000011
10563.000000000011
8101.750000000008
11221.000000000013
7553.500000000008
12254.000000000015
7664.750000000009
15304.000000000015
7698.500000000008
15992.000000000016
8978.25000000001
15644.000000000016
11716.250000000013
15769.000000000015
12748.500000000013
14192.000000000015
12254.500000000013
11532.000000000015
10270.250000000007
8323.000000000007
8009.500000000009
6733.000000000006
7930.500000000008
8093.000000000009
8632.000000000007
10557.000000000013
9023.50000000001
12105.00000000001
9258.75000000001
12616.000000000011
9392.00000000001
12850.00000000001
9925.25000000001
13223.000000000013
10885.250000000011
12823.000000000007
11410.500000000013
11078.00000000001
11284.000000000013
9261.000000000007
12207.000000000011
9542.000000000011
13159.000000000013
11634.000000000007
13091.750000000015
13262.00000000001
12759.500000000011
13305.000000000016
12192.000000000013
12417.000000000015
12022.250000000011
12679.000000000011
12581.500000000013
13802.000000000016
13959.500000000013
13438.000000000016
15079.250000000015
13146.000000000013
14723.250000000016
14755.000000000015
13834.750000000015
16849.000000000022
13405.250000000016
15871.000000000016
12675.75000000001
13093.00000000001
12224.750000000013
11918.000000000015