6235.750000000007
3082.0000000000027
6640.750000000006
5900.000000000005
7094.750000000006
8766.000000000007
8128.750000000006
8568.000000000007
8661.00000000001
5233.000000000006
9307.000000000007
3716.000000000004
9709.000000000011
3297.000000000003
9460.250000000011
4288.000000000004
8904.750000000011
4999.000000000005
8358.50000000001
6041.000000000007
7986.500000000007
6392.0000000000055
8138.500000000007
6683.000000000007
8379.000000000007
6956.0000000000055
8342.250000000007
7014.000000000008
8294.000000000007
7480.000000000008
8299.75000000001
8151.000000000008
8170.000000000007
7742.000000000007
8036.250000000007
7420.000000000008
7501.750000000009
7380.000000000008
7702.750000000008
7475.000000000007
8691.250000000007
7602.000000000008
8869.500000000011
7789.000000000007
8623.250000000007
7711.000000000007
8920.50000000001
7354.000000000007
8703.75000000001
7558.000000000008
8975.00000000001
7343.000000000007
9045.75000000001
7233.000000000007
7994.250000000008
7189.000000000008
7160.000000000008
7167.000000000006
6592.000000000007
7211.000000000009
6412.000000000006
7374.000000000008
6468.000000000007
7127.000000000007
6818.0000000000055
6656.000000000008
7130.000000000008
5999.000000000005
7234.500000000006
5441.0000000000055
7000.000000000007
4885.0000000000055
6781.500000000005
4281.0000000000055
6489.250000000006
3912.0000000000036
6095.250000000006
3660.000000000004
5478.000000000006
3507.000000000004
5480.7500000000055
2994.0000000000014
5592.7500000000055
2419.0000000000023
5671.000000000006
1920.0000000000018
5632.2500000000055
1565.0000000000016
5673.750000000006
1449.0000000000016
6272.000000000006
1473.0000000000011
6440.500000000006
1437.0000000000014
6565.750000000006
1372.0000000000016
6532.7500000000055
1319.0000000000014
6533.000000000006
1300.0000000000014
6742.750000000006
1217.0000000000011
7136.750000000007
1214.0000000000014
7060.250000000006
1202.0000000000007
7149.500000000006
1189.000000000001
7402.750000000007
1181.0000000000007
7488.000000000007
1116.0000000000011
7539.250000000007
1032.000000000001
7413.00000000001
963.0000000000009
7557.000000000008
1276.0000000000016
7921.750000000006
1541.0000000000014
7886.250000000006
1684.0000000000018
7876.750000000007
1975.0000000000018
8128.500000000008
2023.0000000000023
7764.500000000009
2009.0000000000018
8272.50000000001
1909.0000000000023
8443.25000000001
1896.000000000002
8034.250000000008
1989.0000000000018
7960.500000000008
1993.0000000000018
7904.750000000006
1826.0000000000016
7873.500000000009
2181.0000000000014
7543.500000000007
2093.0000000000023
7939.250000000006
1480.0000000000014
8246.25000000001
1347.0000000000014
8809.750000000007
1184.0000000000014
8527.500000000007
1730.0000000000011
8387.50000000001
2289.0000000000023
8198.250000000007
1471.0000000000011
7530.000000000007
1434.0000000000011
7095.500000000009
1696.0000000000018
7078.500000000007
1628.0000000000016
6694.000000000006
1229.000000000001
6478.000000000006
1305.0000000000014
6323.0000000000055
1649.0000000000016
5927.2500000000055
1320.0000000000016
5838.2500000000055
1009.000000000001
5793.7500000000055
1259.0000000000011
5504.7500000000055
1256.0000000000014
5227.5000000000055
1453.0000000000016
5223.7500000000055
1205.0000000000011
5212.2500000000055
1074.0000000000011