12080.500000000013
18132.00000000002
11934.250000000015
16662.000000000015
12076.500000000011
15268.000000000011
12132.500000000013
14235.000000000015
12282.750000000013
13376.000000000015
12367.500000000013
12833.000000000013
12542.000000000011
12585.000000000015
12595.500000000011
12441.000000000015
12231.000000000011
12223.000000000015
11998.500000000015
11813.00000000001
11561.000000000013
11299.000000000015
10859.000000000011
10767.000000000011
10049.500000000011
10134.000000000005
9957.00000000001
9598.000000000011
10363.000000000011
9045.000000000011
10733.000000000013
8697.000000000007
11067.750000000013
8513.00000000001
11302.50000000001
8397.000000000005
11390.250000000013
8306.000000000005
11884.250000000013
8217.000000000007
11973.500000000013
8108.000000000009
11536.250000000011
8449.00000000001
11601.000000000013
10121.000000000011
11933.250000000011
11733.000000000011
12398.500000000015
14341.000000000015
12851.250000000015
14867.000000000013
13047.500000000013
15185.000000000016
13544.250000000011
14766.000000000016
14219.500000000016
14499.000000000013
14656.000000000016
15099.000000000016
14408.000000000018
15817.000000000016
14541.500000000015
15683.000000000018
14826.750000000015
16102.000000000018
15599.500000000018
16285.000000000018
15334.750000000016
15095.000000000016
15321.500000000016
14738.000000000015
14819.500000000015
14906.000000000018
14813.750000000015
14421.000000000015
15022.750000000018
11755.000000000013
14018.500000000016
8168.000000000009
13315.500000000015
7618.000000000008
12814.000000000015
7855.000000000008
13167.750000000015
8101.000000000009
13856.250000000015
8049.000000000006
14811.750000000015
7936.000000000008
15453.500000000018
8991.000000000005
15516.000000000015
9897.000000000011
15242.500000000016
10225.000000000005
14328.250000000015
10828.000000000011
13127.750000000013
12161.000000000011
12961.250000000013
14671.000000000016
13017.750000000016
15152.000000000015
13875.250000000015
17116.00000000001
14348.250000000015
17750.00000000002
14318.750000000015
18100.00000000002
14466.250000000016
19512.000000000015
14062.500000000013
18726.00000000002
14310.750000000015
18259.000000000022
14002.750000000013
16422.00000000002
13496.250000000013
15578.000000000018
12891.250000000011
18419.000000000025
12964.250000000013
18437.00000000002
12475.500000000015
16442.00000000002
12231.500000000015
16434.000000000015
11718.250000000011
16030.000000000016
12140.750000000011
13886.00000000001
12450.750000000013
13973.000000000011
12442.750000000011
15788.000000000018
12396.500000000015
13144.000000000007
11968.500000000015
10294.000000000011
11524.00000000001
9085.000000000007
11647.00000000001
9611.000000000007
11584.000000000013
10038.000000000007
11143.250000000011
9826.000000000013
10807.750000000011
9524.000000000005
10889.750000000011
9267.000000000011
10829.000000000013
9498.000000000011
10507.500000000011
10473.000000000007
10305.750000000011
9283.000000000007
10470.75000000001
8641.000000000005
11022.500000000011
8523.000000000007
11003.750000000013
8856.000000000007
10588.00000000001
9108.000000000007
10673.250000000013
9618.000000000011
10757.750000000013
9857.000000000011
10931.250000000011
9757.000000000011
11350.250000000011
10012.000000000005
11700.750000000011
10556.000000000007
11477.750000000011
10924.000000000013
11045.500000000013
11254.000000000013