18556.25000000002
17925.000000000022
18363.000000000022
17326.00000000002
18091.750000000015
17023.00000000001
18200.250000000015
17592.000000000015
18182.750000000015
17102.000000000022
18295.500000000022
17806.000000000015
18215.50000000002
17997.00000000001
18427.50000000002
17225.000000000015
17879.00000000002
17021.00000000001
18010.500000000015
16158.000000000018
18402.25000000002
15968.000000000016
18101.750000000022
15039.000000000011
18244.25000000002
14514.000000000016
18031.500000000015
13736.000000000015
18124.50000000002
10208.00000000001
18623.750000000022
9154.000000000007
18197.750000000022
7679.000000000007
17357.00000000002
6320.000000000004
16820.75000000002
4800.000000000003
15892.250000000016
4119.000000000003
15513.000000000013
4070.0000000000045
14614.000000000015
4301.000000000003
13903.500000000011
4343.000000000003
13579.250000000015
3939.000000000004
13255.250000000013
4067.000000000004
14009.250000000015
4002.000000000002
14262.500000000016
4339.000000000003
13963.000000000013
4490.000000000004
13995.750000000011
5254.000000000006
12321.250000000015
4896.0000000000055
10187.25000000001
4348.0000000000055
10775.000000000011
5132.0000000000055
10671.500000000011
4626.000000000005
9779.50000000001
3740.000000000004
10225.75000000001
4169.000000000004
11019.25000000001
5411.0000000000055
10851.25000000001
4915.0000000000055
11150.250000000011
4936.000000000005
11731.000000000011
4949.0000000000055
12545.250000000015
5073.000000000005
12447.500000000015
5719.0000000000055
13098.750000000015
4989.0000000000055
13359.250000000013
5048.0000000000055
13931.500000000015
8381.000000000005
14437.250000000015
11032.000000000013
15253.750000000015
13231.00000000001
15457.000000000015
13166.000000000011
15624.750000000013
14693.000000000018
16154.000000000018
15993.000000000018
16467.500000000015
16493.00000000002
17256.25000000002
17165.000000000015
17997.75000000002
16862.000000000015
18358.75000000002
17727.000000000022
18252.75000000002
17983.00000000001
18115.00000000002
17810.000000000022
18448.750000000015
18381.000000000022
18337.75000000002
19475.000000000022
18365.75000000002
19197.000000000022
18158.25000000002
19029.000000000022
18591.00000000002
19463.000000000015
18377.750000000022
18851.00000000001
18199.000000000015
20115.000000000022
18175.00000000002
20120.000000000022
18515.250000000015
19044.00000000002
18382.00000000002
18708.000000000025
18397.50000000002
19518.00000000002
18155.00000000002
19107.00000000002
17799.750000000015
18882.000000000022
18047.25000000002
18190.000000000025
18269.00000000002
18721.000000000015
18211.50000000002
18643.000000000015
18089.75000000002
18224.00000000002
17941.250000000022
18902.000000000015
18568.50000000002
18898.000000000022
18136.00000000002
18362.00000000002
18206.500000000015
18261.000000000022
18341.500000000015
18460.000000000015
18367.00000000002
18866.00000000001
17664.25000000002
18940.00000000002
18464.500000000022
18520.00000000002
18440.75000000002
18343.000000000022
18486.25000000002
17931.00000000002
18433.500000000015
18117.00000000002
17880.000000000015
17503.000000000015
18046.25000000002
18038.00000000002
18085.25000000002
17984.000000000022
18033.250000000015
17675.000000000015
17804.50000000002
17665.000000000022
18463.75000000002
18006.00000000002
17923.000000000015
18109.000000000015