10578.50000000001
5790.000000000006
10401.25000000001
6568.0000000000055
10284.25000000001
8107.000000000008
10076.750000000011
10723.000000000011
10107.000000000011
14159.000000000015
10232.750000000011
17079.00000000002
9786.750000000011
19135.000000000022
9535.000000000011
20442.000000000015
10117.000000000011
20843.000000000025
10570.25000000001
20615.00000000002
10926.250000000013
19997.000000000022
10295.500000000011
17900.000000000007
10113.75000000001
14204.000000000015
10679.250000000011
11155.000000000011
11739.00000000001
9206.000000000011
12957.750000000013
7746.000000000006
13536.000000000013
7984.00000000001
14066.750000000015
10238.000000000011
14137.750000000013
13838.000000000016
13859.250000000015
14639.000000000013
13341.750000000015
14061.000000000015
14041.500000000015
13832.000000000013
15895.750000000016
13702.000000000015
16034.000000000018
12755.000000000011
15495.750000000013
11117.000000000011
14678.750000000016
10004.000000000011
14885.000000000015
7693.000000000008
14222.500000000015
7071.000000000007
13243.250000000016
8992.000000000005
12920.250000000013
10056.00000000001
12724.500000000013
9714.00000000001
12574.250000000011
9638.00000000001
12226.250000000013
9937.000000000011
12293.250000000013
10049.00000000001
11949.000000000007
10288.000000000011
11483.500000000011
9898.000000000005
11681.250000000013
9183.000000000011
11933.00000000001
10624.000000000011
11611.750000000013
11480.000000000011
11619.000000000013
10713.000000000011
11447.250000000011
9973.00000000001
11612.000000000011
10284.000000000013
11340.250000000011
10987.000000000013
11128.500000000011
12346.00000000001
11333.500000000011
12422.00000000001
11191.750000000011
10236.000000000007
12308.000000000013
7069.000000000008
12701.250000000013
8521.000000000007
11896.000000000011
10559.00000000001
9974.000000000011
10509.000000000011
9240.250000000011
9822.000000000011
9037.75000000001
8091.000000000006
9411.75000000001
6468.0000000000055
10040.00000000001
4111.000000000003
11606.000000000013
4925.000000000005
12831.750000000013
8108.000000000007
12539.250000000011
9241.00000000001
12575.750000000013
9804.00000000001
13154.500000000013
9495.000000000011
13820.250000000011
8970.000000000011
13455.000000000015
7742.000000000009
12766.750000000011
7706.000000000008
12131.500000000011
7472.0000000000055
11554.25000000001
8417.000000000011
11281.000000000011
10070.000000000011
11135.000000000011
16027.00000000002
9971.50000000001
19460.000000000022
9737.250000000011
21054.000000000022
10192.25000000001
21139.000000000022
8556.00000000001
19677.000000000022
7075.250000000007
19579.00000000002
7239.750000000008
20011.000000000025
6670.000000000007
19598.000000000022
5860.7500000000055
20686.000000000025
6212.000000000006
14977.000000000016
6202.000000000007
7077.000000000007
6819.500000000007
5113.0000000000055
7392.250000000007
4821.000000000004
7534.000000000008
5211.000000000005
8405.75000000001
9620.000000000011
8599.75000000001
10832.000000000013
8534.000000000007
10544.00000000001
5471.7500000000055
3624.0000000000045
5062.000000000005
6983.000000000008
4815.250000000006
14478.000000000016
4382.000000000005
15430.000000000018
5369.0000000000055
15290.000000000018
4826.750000000005
15247.000000000016
4053.000000000005
16137.000000000016
4098.250000000005
16644.00000000001