9113.00000000001
9156.00000000001
8762.75000000001
8939.000000000011
13185.000000000013
11024.000000000011
16831.50000000002
12901.000000000013
15977.000000000016
13306.00000000001
15507.750000000015
13140.000000000018
16268.750000000016
16318.00000000002
15969.250000000016
21413.000000000022
14204.750000000013
22382.000000000025
13928.250000000015
22798.000000000022
14674.500000000016
21822.000000000025
14404.000000000015
21987.000000000025
14584.500000000013
22617.000000000022
15367.750000000016
21341.00000000002
15602.000000000016
20905.00000000002
15608.500000000016
17296.00000000001
16700.500000000015
12048.000000000007
18182.75000000002
12074.00000000001
18922.00000000002
11165.000000000011
19482.000000000015
10949.000000000011
18760.50000000002
11410.000000000013
18549.75000000002
12323.000000000013
17006.00000000002
11511.000000000011
15181.750000000016
10881.000000000011
14692.750000000016
10345.000000000013
13343.500000000013
10919.000000000011
14117.250000000015
10752.000000000011
15224.750000000015
10819.000000000013
15130.000000000015
11888.000000000015
13611.000000000013
12199.000000000007
12781.50000000001
11808.000000000011
12106.250000000013
11511.000000000011
11954.25000000001
10918.000000000011
11932.500000000013
11094.000000000013
12681.750000000015
11145.000000000013
12298.500000000013
10822.000000000011
11639.000000000013
10449.000000000007
10959.750000000011
10580.000000000011
10430.500000000011
10746.000000000013
9882.000000000011
11075.000000000013
9605.50000000001
11738.00000000001
10222.750000000011
12338.000000000011
12160.25000000001
12555.000000000011
12608.750000000013
12594.000000000013
11689.000000000011
13056.000000000015
10973.250000000011
13051.000000000015
10242.75000000001
13434.000000000016
9591.25000000001
13900.000000000015
9231.50000000001
13808.000000000015
9295.750000000013
15668.000000000018
9707.500000000011
14830.000000000018
9782.75000000001
14322.000000000016
9263.50000000001
13708.000000000007
9660.250000000011
11819.000000000007
9932.75000000001
11707.00000000001
9909.25000000001
10934.000000000013
9313.25000000001
11156.000000000011
8809.500000000011
11678.00000000001
8717.750000000007
11511.000000000013
8416.00000000001
11159.000000000011
8488.250000000007
10620.00000000001
8462.00000000001
10708.000000000007
8398.25000000001
10433.000000000011
8621.750000000011
9837.000000000005
8520.75000000001
10814.000000000013
8699.250000000011
10538.000000000011
8886.75000000001
10921.000000000011
9030.25000000001
10886.000000000011
9415.25000000001
10745.000000000011
9914.50000000001
10267.00000000001
10107.750000000011
10085.000000000011
11354.750000000013
9839.000000000011
12189.500000000013
9617.000000000011
11360.75000000001
9836.000000000011
11162.750000000011
9811.000000000011
11225.250000000013
9790.00000000001
10931.250000000011
9719.000000000011
9290.000000000011
9691.00000000001
9199.50000000001
10077.000000000011
9490.500000000011
10235.00000000001
9983.000000000011
9682.000000000011
9614.50000000001
9534.000000000011
9404.00000000001
10143.000000000011
9642.50000000001
10724.00000000001
10236.00000000001
10776.000000000013
10304.500000000011
10795.00000000001
10761.50000000001
11333.000000000013
10209.75000000001
10544.00000000001
9071.750000000011
9021.00000000001
9218.250000000007
9139.000000000007