13529.250000000013
15103.000000000018
12783.000000000015
14023.00000000001
12179.00000000001
13581.00000000001
12602.500000000013
14078.000000000016
12762.000000000016
15122.000000000015
13257.000000000015
15664.000000000011
13410.750000000013
14161.000000000018
13996.500000000015
13435.000000000013
14091.250000000016
12911.000000000018
13587.500000000013
12940.000000000015
13083.500000000015
12605.00000000001
14128.250000000011
12619.000000000015
14956.250000000013
12171.000000000013
15133.500000000016
13538.000000000013
14174.250000000015
13942.000000000011
14199.75000000001
14620.000000000013
14632.000000000018
14816.000000000015
14316.250000000015
15586.000000000016
14942.500000000015
15946.000000000018
15813.000000000016
15520.000000000016
16317.000000000016
14479.000000000015
16421.000000000015
15506.000000000016
15578.750000000018
15114.000000000016
15280.500000000015
13916.00000000001
14857.000000000016
14299.000000000015
14264.000000000013
16485.00000000002
16215.250000000016
17531.000000000015
15726.250000000016
16655.00000000001
12835.500000000015
14119.000000000016
10802.250000000011
12541.000000000011
11110.500000000011
12771.000000000015
12648.250000000015
13290.000000000013
12718.000000000016
15498.000000000015
12691.250000000013
16921.000000000015
12469.000000000013
18425.00000000001
13661.250000000013
19140.000000000022
15006.500000000015
18079.000000000015
14717.000000000015
15451.00000000002
13824.500000000016
14712.000000000016
13615.250000000015
14455.000000000016
13551.000000000013
13666.000000000015
12513.500000000013
9240.000000000011
13237.000000000013
11558.000000000015
13903.750000000013
16080.000000000018
14382.000000000016
14152.000000000015
13825.750000000013
9708.000000000011
13299.500000000015
9393.00000000001
13275.000000000015
11135.00000000001
13631.000000000013
13140.00000000001
12984.250000000015
12300.00000000001
13417.500000000015
11512.000000000011
13496.250000000013
12866.00000000001
12955.750000000013
16419.000000000015
11941.500000000013
17564.000000000015
11748.250000000013
18343.000000000022
12028.000000000013
18283.00000000002
12751.250000000013
16951.000000000015
12987.250000000016
17499.000000000015
12736.250000000013
18576.00000000001
12332.750000000011
17831.000000000022
12957.750000000016
17301.000000000015
12662.500000000013
17573.00000000001
13301.750000000015
17631.00000000001
14466.000000000015
17223.000000000022
13730.250000000015
17177.00000000001
12421.000000000013
23678.00000000001
12553.000000000015
22229.000000000025
13330.250000000013
20806.000000000022
13593.250000000011
19353.00000000001
14714.000000000016
18459.000000000022
15890.750000000015
17873.00000000002
13614.500000000015
13622.000000000011
13205.000000000011
12844.000000000015
13547.750000000015
13039.000000000013
13502.000000000013
15634.000000000016
12772.250000000015
18141.000000000015
12777.750000000016
17106.000000000015
12034.250000000013
15163.000000000015
11190.50000000001
15169.000000000016
12105.500000000011
15322.000000000018
13123.250000000015
16671.00000000001
13665.250000000013
17778.000000000007
14572.000000000013
13103.000000000015
14822.250000000016
13061.000000000013
14448.000000000015
13199.000000000015
15316.500000000016
15068.000000000016
13744.750000000015
15279.000000000016
11470.750000000011
12173.000000000005
11129.500000000015
9271.00000000001
11672.500000000013
8694.000000000005