32640.000000000033
32640.000000000033
32640.000000000033
32640.000000000033
32640.000000000033
32640.000000000033
32640.000000000033
32640.000000000033
18565.25000000002
20428.000000000022
8137.250000000009
9772.000000000011
9502.000000000005
9761.000000000005
9238.750000000011
10541.000000000013
8894.75000000001
11859.00000000001
8452.000000000007
11792.000000000015
8966.50000000001
11232.000000000013
9732.50000000001
11535.000000000013
9765.250000000011
11879.000000000007
9208.00000000001
11265.000000000013
8287.50000000001
11312.000000000013
7887.250000000007
11287.000000000011
7257.750000000008
10347.000000000005
6780.5000000000055
9281.000000000005
6445.7500000000055
8893.000000000005
6246.500000000007
9377.000000000011
6125.2500000000055
10600.000000000011
6503.500000000006
11771.000000000015
7181.000000000006
11750.000000000011
6972.500000000007
11680.000000000007
6788.250000000006
11422.000000000011
7049.000000000007
10271.000000000011
7855.750000000008
9446.000000000013
8342.250000000007
10560.000000000013
8687.25000000001
11873.000000000013
9679.00000000001
11973.000000000013
10296.00000000001
11766.000000000015
10248.00000000001
11026.000000000011
11083.250000000011
9772.000000000013
10681.750000000013
9093.000000000007
9756.00000000001
10240.000000000011
9810.00000000001
11639.000000000005
10319.500000000011
12583.000000000013
10658.00000000001
12941.000000000018
9518.750000000011
12098.000000000011
9005.250000000011
12527.000000000015
8844.25000000001
11572.000000000013
9882.750000000011
9844.000000000005
10697.000000000011
9813.00000000001
10608.250000000011
10088.000000000013
10298.250000000011
10117.00000000001
10025.000000000011
10170.000000000011
9177.500000000007
9244.000000000011
8943.75000000001
8326.000000000004
8679.000000000011
7585.000000000004
8826.000000000007
6934.000000000007
9324.50000000001
6777.000000000008
9310.250000000007
6830.000000000007
9560.50000000001
6739.000000000004
9303.75000000001
6800.000000000008
9058.00000000001
6744.000000000007
8832.50000000001
6640.000000000004
7831.250000000007
6726.000000000008
7024.2500000000055
6741.0000000000055
7474.250000000008
6698.000000000008
8063.000000000007
6552.000000000005
8456.500000000007
6606.0000000000055
8830.50000000001
7028.000000000007
8877.000000000011
7906.000000000009
8701.500000000007
8794.000000000005
8589.25000000001
8662.00000000001
8747.500000000011
8095.000000000009
9061.25000000001
7976.000000000008
9273.50000000001
7963.000000000007
8896.500000000007
7750.000000000009
8707.00000000001
7544.000000000007
7918.250000000007
7633.000000000007
7292.500000000007
7482.000000000008
7358.750000000007
8130.000000000007
6480.2500000000055
9254.000000000007
6435.5000000000055
9116.000000000007
6552.250000000006
9195.00000000001
6462.000000000006
9378.00000000001
6494.500000000006
9326.000000000011
6894.250000000006
9009.000000000007
7636.000000000009
9031.000000000011
8038.250000000008
9569.00000000001
7669.750000000007
9739.000000000011
7748.250000000009
9758.000000000013
8696.75000000001
10643.00000000001
7810.750000000008
10348.000000000013
13703.250000000015
16023.000000000018
32640.000000000033
32640.000000000033
32640.000000000033
32640.000000000033
32640.000000000033
32640.000000000033
32640.000000000033
32640.000000000033