15607.000000000015
16417.000000000015
15344.250000000016
17203.00000000002
15611.000000000016
17797.00000000002
16612.50000000002
18385.000000000015
16812.750000000015
18553.000000000015
16661.250000000015
18277.000000000015
16358.500000000016
18019.000000000015
16076.000000000015
18309.000000000015
16084.250000000018
18665.00000000002
15944.250000000018
18943.00000000001
15460.750000000015
18817.00000000002
14949.000000000015
18500.000000000025
15196.750000000016
18008.000000000022
15185.000000000016
17685.000000000015
15135.500000000016
17907.00000000001
15252.250000000016
18191.00000000002
14717.250000000016
17905.00000000001
14392.500000000015
17284.000000000022
14458.750000000015
16852.00000000002
14633.750000000016
16545.000000000022
13878.000000000015
16196.000000000016
13706.000000000011
16070.000000000018
14066.250000000016
15934.000000000016
14535.000000000015
15766.000000000013
15000.750000000013
16635.000000000015
14743.000000000013
16794.00000000001
14074.750000000015
16774.000000000007
13431.500000000015
16731.00000000001
12848.000000000015
17044.000000000015
13024.250000000013
16566.00000000001
13595.250000000015
15574.000000000015
13554.250000000013
14853.000000000016
13234.000000000013
14804.000000000016
13357.000000000016
14430.000000000011
13577.750000000015
13788.000000000015
13878.750000000015
13257.000000000011
14049.250000000016
12969.000000000015
13923.000000000013
12675.000000000015
13698.750000000015
12210.00000000001
13465.000000000016
12408.00000000001
13440.750000000015
12463.000000000015
13985.250000000016
12551.000000000013
14247.250000000015
12816.000000000011
14415.250000000011
12623.000000000013
14416.250000000015
11944.000000000015
14269.000000000011
11118.000000000011
14136.750000000016
10611.000000000011
14015.750000000015
11278.000000000013
14425.500000000015
12745.000000000015
13920.500000000016
13453.000000000015
14079.250000000016
13746.000000000013
15147.500000000016
15630.000000000016
15024.500000000016
16372.000000000018
14758.750000000016
15854.000000000018
15639.000000000015
16081.000000000018
16312.25000000002
16443.00000000001
15534.000000000018
16288.000000000016
14708.500000000015
16431.000000000022
14483.250000000015
16825.00000000001
14328.500000000016
17667.000000000015
14460.000000000015
17784.00000000001
14212.500000000015
17899.000000000015
13757.500000000013
17807.000000000015
13473.000000000015
17732.00000000002
13462.750000000013
17856.00000000002
13623.750000000013
17799.00000000001
13579.500000000013
17995.00000000002
13329.000000000016
18362.00000000002
13221.750000000015
18132.00000000002
12916.500000000015
17909.000000000022
13139.000000000015
17800.00000000001
13015.000000000015
17731.000000000015
11786.750000000013
18561.00000000001
12255.500000000013
18988.00000000001
12509.250000000011
19049.000000000022
12570.250000000011
18800.00000000002
12695.000000000013
18307.000000000015
12279.750000000015
17631.00000000001
12393.750000000013
17156.00000000002
12187.250000000011
17519.000000000022
12531.500000000015
17966.00000000002
13035.750000000013
17344.00000000001
14007.750000000013
16473.00000000001
14615.250000000015
15864.000000000015
13901.500000000015
15933.000000000016
14191.250000000015
17095.00000000002
13688.750000000018
17816.00000000001
13041.000000000015
18002.000000000015
13411.000000000015
17553.00000000002
13737.750000000015
17085.00000000001