11218.750000000011
11942.000000000013
11354.000000000011
12984.000000000013
11375.25000000001
14073.000000000016
11669.500000000013
15020.000000000013
11969.500000000011
15544.000000000016
11783.250000000015
15221.000000000016
11426.250000000011
14148.000000000016
11585.000000000013
13846.000000000013
12319.500000000015
14176.000000000018
12700.000000000013
14106.000000000013
12359.750000000013
13271.000000000011
11570.250000000011
11773.000000000007
11140.750000000013
10704.00000000001
10775.000000000011
9967.000000000011
11001.250000000011
8095.000000000009
10936.500000000013
6006.000000000005
10916.50000000001
5966.0000000000055
11019.75000000001
6234.000000000005
12089.250000000015
5909.000000000004
13189.750000000015
6057.0000000000055
13212.750000000013
6749.000000000008
12827.000000000013
7377.000000000009
13075.250000000015
8085.00000000001
12886.000000000013
10018.00000000001
12645.000000000011
11654.000000000013
12869.000000000013
11705.000000000013
12834.750000000013
11410.000000000013
12547.250000000013
11454.000000000011
11924.500000000011
11409.000000000013
11907.250000000013
11067.000000000011
12948.250000000011
11000.000000000013
13445.500000000015
11078.000000000013
14200.500000000015
11062.000000000015
13679.000000000013
11458.000000000013
12713.000000000013
11827.000000000015
12961.500000000013
12403.000000000011
12655.250000000013
13497.000000000013
12258.250000000015
13326.000000000016
12789.500000000015
12680.000000000016
12799.750000000015
12058.00000000001
12433.250000000013
12732.000000000007
13146.000000000013
11155.000000000013
13401.000000000013
9630.00000000001
13182.250000000015
10257.000000000011
13118.500000000013
9380.000000000011
13598.500000000016
9948.00000000001
13760.750000000013
8404.000000000005
13231.500000000015
11445.000000000011
14543.500000000015
12136.000000000013
15585.000000000016
11327.000000000011
15042.250000000016
12305.000000000016
13295.750000000015
12170.000000000007
13006.250000000013
12962.000000000007
13485.000000000011
12464.000000000011
13885.000000000015
12589.000000000015
14351.250000000016
12304.000000000013
14907.750000000016
12844.000000000015
14504.500000000015
12484.00000000001
13270.250000000011
13283.000000000013
11877.250000000013
12993.000000000011
11381.250000000011
12198.000000000007
11259.250000000013
12113.000000000011
10816.50000000001
12659.000000000013
10479.25000000001
13536.00000000001
10425.000000000011
13407.000000000015
10603.000000000011
13000.000000000015
10636.000000000011
12779.000000000013
10547.250000000011
12664.000000000011
10507.750000000011
12585.000000000015
10523.000000000011
12492.000000000013
10381.500000000011
12275.000000000007
11200.000000000011
11505.000000000011
11592.250000000011
10673.000000000011
10793.250000000011
10294.000000000011
10310.500000000011
10380.000000000011
10327.250000000007
10753.000000000011
10114.000000000011
11656.000000000011
9939.750000000011
12424.00000000001
9383.250000000011
12326.000000000011
8530.50000000001
11968.000000000015
8098.750000000009
11196.000000000013
8189.000000000008
9902.00000000001
8542.75000000001
9207.000000000007
8623.75000000001
9230.000000000007
8750.75000000001
8603.000000000005
8605.25000000001
8181.000000000007
8201.00000000001
8111.000000000008
7710.000000000007
7714.000000000009
7176.250000000007
7156.000000000005
7022.750000000006
6712.0000000000055