8081.000000000009
8455.000000000011
8266.00000000001
8213.000000000005
8451.75000000001
7923.000000000008
8641.00000000001
7606.000000000009
8787.50000000001
7270.000000000007
8903.000000000007
6994.0000000000055
8971.50000000001
6754.000000000008
9022.00000000001
6503.000000000004
9063.000000000007
6408.0000000000055
9056.75000000001
6378.000000000007
9007.000000000011
6515.000000000007
8964.75000000001
6756.000000000006
8929.50000000001
6873.000000000007
9160.25000000001
6908.000000000006
9199.75000000001
6962.000000000007
8932.500000000007
7108.0000000000055
8787.25000000001
7181.000000000004
8648.750000000007
7261.000000000008
8437.50000000001
7327.000000000006
8369.25000000001
7349.000000000009
8425.750000000007
7335.000000000007
8358.750000000007
7220.000000000008
8023.000000000008
7185.000000000007
7816.500000000008
7012.000000000009
8093.000000000007
6967.000000000006
8348.75000000001
6984.000000000006
8416.750000000007
6963.000000000008
8238.75000000001
6969.000000000006
8013.250000000007
6996.000000000005
7882.250000000008
7046.000000000007
8101.750000000008
7001.000000000007
8424.25000000001
6859.000000000009
8495.75000000001
6799.000000000007
8268.50000000001
6874.000000000005
8460.25000000001
7003.000000000008
8692.50000000001
7206.000000000008
8729.250000000007
7443.000000000007
8763.00000000001
7564.000000000007
9052.00000000001
7724.000000000008
9203.75000000001
7802.000000000007
9111.250000000011
7852.000000000008
9069.75000000001
7800.000000000008
8926.25000000001
7800.000000000008
8485.50000000001
8050.000000000009
8434.500000000007
8051.000000000007
8488.750000000007
7992.000000000007
8498.25000000001
8036.000000000007
8391.00000000001
8023.00000000001
8310.25000000001
7797.000000000007
7929.750000000007
7634.0000000000055
7694.250000000007
7248.000000000007
7787.750000000006
6847.000000000006
8170.250000000008
6503.000000000004
8201.25000000001
6139.0000000000055
8253.000000000007
5868.000000000007
8292.25000000001
5533.0000000000055
8669.50000000001
5341.000000000003
8839.25000000001
5048.0000000000055
8470.250000000007
4886.0000000000055
8675.000000000007
4954.000000000004
8682.000000000007
5347.000000000006
8671.25000000001
5867.0000000000055
8475.00000000001
6377.0000000000055
8543.25000000001
6585.000000000005
8720.500000000007
6689.0000000000055
9391.50000000001
6609.000000000007
8710.50000000001
6161.000000000004
8284.75000000001
4938.0000000000055
8459.25000000001
4321.0000000000055
8379.75000000001
4160.000000000003
8594.500000000007
4028.0000000000045
9154.000000000007
4036.000000000004
9114.00000000001
3974.0000000000036
8110.750000000008
3963.0000000000045
8247.00000000001
3976.000000000004
8800.75000000001
3962.000000000004
8851.25000000001
3966.0000000000036
8610.75000000001
4021.000000000004
8356.250000000007
4009.000000000004
8069.000000000007
4039.0000000000045
8254.75000000001
4158.000000000004
8236.50000000001
4294.000000000003
8695.25000000001
4421.000000000004
8656.250000000007
4586.000000000005
8502.75000000001
4795.0000000000055
8530.25000000001
5006.000000000003
8376.25000000001
5172.0000000000055
8416.00000000001
5352.000000000005
8370.25000000001
5614.0000000000055
8221.000000000007
5834.000000000006