12604.750000000015
15512.000000000015
12983.250000000015
15976.000000000013
13941.500000000015
16131.000000000016
14830.500000000018
15312.000000000016
14762.500000000018
14240.000000000018
14206.500000000016
14216.000000000011
13736.750000000016
14687.000000000015
13607.250000000013
14945.000000000018
13675.250000000015
13785.000000000013
13372.250000000013
12291.000000000007
13103.000000000015
11568.000000000013
13087.000000000015
11173.000000000011
13239.750000000013
11750.000000000011
13358.500000000013
13718.000000000018
13205.000000000016
15169.000000000016
12585.750000000015
14936.000000000015
11700.250000000011
13200.000000000018
10974.750000000013
11504.000000000013
10737.25000000001
10232.000000000011
11101.750000000013
10507.000000000011
11641.250000000011
10927.000000000011
12069.250000000011
12932.000000000013
12211.750000000013
15286.000000000018
12216.750000000011
16517.00000000002
11938.750000000011
15502.000000000018
11827.000000000013
12424.00000000001
11117.250000000011
10569.000000000011
10219.500000000011
9714.00000000001
10543.75000000001
9259.000000000011
10675.750000000011
8716.00000000001
10632.50000000001
9007.000000000011
10827.75000000001
10848.000000000013
10998.250000000011
13066.000000000015
11125.250000000011
13749.00000000001
10729.25000000001
13086.000000000015
11163.500000000011
12664.000000000011
10910.750000000011
13154.00000000001
10251.50000000001
13171.00000000001
9709.00000000001
11542.000000000011
9620.00000000001
9162.000000000007
9531.50000000001
7657.000000000007
9488.000000000011
7849.000000000009
8979.25000000001
8557.000000000011
8668.00000000001
8645.000000000011
9295.250000000011
8494.00000000001
9101.25000000001
8659.000000000007
8647.750000000011
8759.000000000007
8986.75000000001
8810.000000000011
9221.00000000001
9321.000000000011
9076.50000000001
9997.000000000011
8785.00000000001
10537.000000000011
9022.75000000001
10851.000000000013
9203.250000000007
9178.000000000011
9031.000000000011
6819.0000000000055
9291.25000000001
6253.000000000006
9933.250000000011
6708.000000000006
10240.500000000011
6969.000000000006
10351.250000000011
6735.0000000000055
10093.750000000011
6413.000000000006
10439.000000000011
6221.000000000004
11076.250000000011
6444.000000000006
11054.250000000011
7545.000000000006
10599.25000000001
8365.00000000001
9798.000000000011
7842.000000000007
9402.500000000011
6874.000000000005
10153.00000000001
6136.000000000005
10667.25000000001
5478.000000000005
10750.500000000011
5158.0000000000055
11148.000000000011
5270.0000000000055
10995.500000000011
5269.0000000000055
10421.75000000001
5444.0000000000055
10051.25000000001
6195.000000000007
9677.500000000007
6889.000000000007
9787.750000000007
7341.000000000008
9799.250000000011
8363.000000000007
10149.500000000007
9753.000000000011
10280.000000000011
9323.000000000011
10822.000000000013
8111.000000000008
11569.750000000013
7856.00000000001
11986.000000000011
8104.000000000008
11971.500000000013
7420.000000000008
11560.500000000013
7285.000000000009
10897.75000000001
7304.000000000006
10333.500000000011
7004.000000000005
11281.750000000013
6975.000000000008
11924.500000000011
7182.000000000006
11903.750000000013
7553.000000000007
11539.250000000011
7925.000000000007
11257.750000000011
8115.000000000007
11264.000000000013
7789.000000000009