13514.500000000013
13463.000000000016
13555.500000000013
13559.000000000015
13471.250000000015
13599.000000000013
13388.750000000015
13652.000000000011
13165.250000000013
13543.000000000015
12931.250000000013
13390.000000000013
12575.750000000013
13215.00000000001
12255.500000000013
13106.000000000013
11976.250000000013
13131.000000000013
11787.750000000011
13332.000000000011
11617.750000000011
13557.000000000013
11407.250000000013
13552.000000000015
11230.250000000011
13475.00000000001
11223.500000000011
13691.000000000016
11169.250000000013
13917.00000000001
11382.250000000013
14224.000000000016
11491.000000000011
14456.000000000013
11466.250000000013
14600.000000000018
11494.500000000011
14779.000000000016
11561.00000000001
14970.000000000018
11898.500000000013
15052.000000000016
12027.500000000013
14941.000000000013
11928.000000000013
14729.000000000016
12193.500000000013
14316.000000000016
12302.500000000015
13688.00000000001
11937.750000000011
13134.000000000011
11909.000000000013
12876.000000000011
11922.750000000011
12741.000000000015
11838.750000000015
12629.000000000013
11481.75000000001
12569.000000000016
11231.75000000001
12357.000000000011
12290.750000000015
12022.000000000011
12798.000000000011
11543.000000000011
12494.750000000015
10919.000000000011
12198.25000000001
10357.000000000011
11600.25000000001
9836.000000000011
11223.750000000013
9234.00000000001
10848.750000000013
8569.00000000001
11178.500000000011
7831.000000000008
11153.750000000013
6860.000000000007
11195.250000000013
5540.0000000000055
11318.250000000011
4143.000000000004
11122.500000000013
2813.0000000000027
10901.500000000011
1884.0000000000018
10893.000000000013
1549.0000000000011
10850.750000000007
1601.000000000002
10702.00000000001
1864.000000000002
10568.750000000013
2207.0000000000023
10363.000000000011
2614.000000000002
9991.75000000001
3164.000000000004
10035.500000000011
3873.000000000003
10203.750000000011
4551.0000000000055
10142.50000000001
5177.0000000000055
9824.25000000001
5739.000000000006
9849.00000000001
6502.000000000007
9915.50000000001
7159.000000000008
10147.750000000013
7701.000000000008
10294.25000000001
8111.000000000006
10646.75000000001
8367.000000000005
11255.25000000001
8483.000000000007
12646.250000000013
8505.00000000001
13718.250000000015
8379.00000000001
14254.250000000013
8066.000000000008
14388.000000000013
7661.000000000008
14284.750000000016
7340.000000000007
14196.250000000015
7135.000000000006
14404.750000000016
7085.000000000008
15158.250000000013
7024.000000000008
15348.500000000018
6913.000000000007
15096.250000000016
6869.000000000008
15148.25000000002
6918.0000000000055
15154.750000000015
7176.000000000008
15017.000000000016
7577.000000000008
14959.500000000015
8407.000000000007
15009.000000000015
8575.000000000007
15578.750000000018
8669.00000000001
16312.250000000015
8691.000000000011
15926.250000000016
8560.000000000007
15624.250000000013
8706.000000000011
15570.000000000016
8492.000000000007
14814.500000000016
8437.000000000011
14177.500000000016
8421.000000000011
15234.000000000016
8289.000000000007
17557.000000000015
8010.000000000007
18771.500000000015
7684.000000000008
18763.50000000002
7314.0000000000055
18987.750000000022
6851.000000000007
19392.75000000002
6402.000000000005
19966.250000000022
6083.000000000006
20212.750000000022
6057.0000000000055