11390.250000000013
18292.000000000015
11125.500000000011
18423.00000000002
12439.500000000015
17813.00000000001
14318.000000000016
16363.00000000002
14531.000000000013
15736.000000000015
13607.500000000016
15754.000000000016
13598.500000000011
15863.000000000015
13400.750000000013
14538.000000000016
13760.500000000016
13229.000000000015
13953.750000000015
12828.000000000015
13443.750000000016
13049.00000000001
13174.500000000015
12576.00000000001
13660.750000000013
12322.000000000013
13780.750000000013
11684.000000000013
13612.750000000013
11861.00000000001
13029.500000000013
13242.000000000011
12527.000000000015
13956.000000000016
12656.750000000015
13113.000000000016
12384.250000000013
13214.000000000015
11993.000000000011
12291.000000000007
11929.500000000013
12217.000000000013
11580.250000000013
12100.000000000011
11488.500000000013
10755.00000000001
10278.25000000001
9511.000000000011
10187.000000000011
8914.00000000001
10823.000000000013
9340.00000000001
10724.250000000011
10714.000000000011
9734.50000000001
10508.000000000011
9618.75000000001
9916.000000000007
9572.750000000007
11934.000000000015
9581.250000000011
12575.00000000001
10048.000000000013
14004.000000000011
9760.500000000011
14423.000000000016
9335.000000000011
13941.000000000016
8730.00000000001
14294.000000000015
8427.00000000001
13138.000000000015
8629.00000000001
12071.000000000015
8477.50000000001
12815.000000000011
7899.250000000007
13644.000000000015
7847.500000000007
14674.000000000011
7836.000000000009
12734.000000000013
7456.000000000006
11790.000000000013
7353.750000000008
11291.000000000013
7001.500000000007
12204.000000000015
6824.250000000007
13589.000000000016
6956.500000000007
14492.000000000016
6877.250000000007
15200.000000000016
6682.000000000007
15223.000000000016
6894.500000000007
15296.000000000016
7098.750000000007
15172.000000000013
7127.000000000007
14101.000000000015
7350.250000000009
12660.000000000015
7505.750000000006
11316.000000000011
7158.250000000007
10436.00000000001
6763.250000000006
10943.000000000011
7164.500000000007
11781.000000000013
7740.250000000008
12665.000000000016
8387.000000000007
13292.00000000001
8858.00000000001
14174.000000000018
9529.25000000001
14694.000000000018
9802.000000000011
14357.000000000015
10918.750000000011
14054.00000000001
10697.250000000011
13898.000000000016
10696.000000000011
13116.000000000013
10596.750000000011
13187.000000000015
10087.250000000011
12885.000000000016
11083.500000000013
13583.000000000015
11679.250000000013
13741.000000000015
12558.500000000011
13828.000000000016
13337.500000000011
12410.000000000013
13581.000000000015
11430.000000000011
13575.000000000015
12643.000000000013
13114.500000000013
13081.000000000015
14667.750000000016
14562.000000000013
14536.000000000016
15303.00000000001
13644.250000000013
14741.000000000013
12401.000000000015
13583.000000000015
11943.250000000011
10940.00000000001
13006.500000000015
9481.000000000011
13460.000000000015
8713.000000000007
13185.750000000013
10868.000000000007
13111.000000000013
11695.000000000007
13317.250000000013
12337.000000000007
14114.250000000015
12945.000000000007
14719.750000000015
13526.000000000013
15054.000000000016
13233.000000000015
15520.500000000015
13175.000000000016
16253.750000000016
12309.000000000013
16382.000000000015
11138.00000000001
16397.50000000002
11027.000000000011