12294.000000000013
11878.000000000015
12502.000000000011
11794.000000000005
12776.750000000013
11680.000000000007
13041.750000000013
11576.000000000011
13280.500000000011
11537.000000000013
13467.750000000015
11408.000000000011
13654.000000000013
11263.000000000011
13855.250000000011
11211.000000000007
14010.000000000015
11189.000000000013
14129.750000000013
11158.000000000013
14228.250000000013
11265.000000000013
14308.250000000015
11665.000000000007
14335.750000000016
12060.000000000013
14348.500000000015
12502.000000000013
14366.250000000016
13031.000000000016
14405.500000000015
13483.000000000016
14447.250000000015
13950.000000000016
14481.000000000015
14522.000000000015
14512.250000000015
15088.000000000013
14511.500000000015
15561.000000000015
14399.250000000016
15917.000000000016
14300.500000000011
16210.000000000016
14443.250000000016
16480.000000000015
14226.000000000016
16689.00000000001
14002.750000000015
16780.00000000001
14035.750000000013
16808.00000000001
14115.250000000013
16827.00000000002
14220.000000000015
16831.000000000015
14507.000000000015
16691.000000000022
14630.250000000016
16423.00000000002
14725.500000000016
16170.000000000018
14572.750000000013
15994.000000000016
14170.500000000016
15923.000000000016
14607.000000000016
15756.000000000016
15079.500000000015
15522.000000000013
15151.000000000015
15372.000000000015
14857.500000000016
15362.000000000015
14714.500000000015
15426.000000000018
14595.250000000016
15358.000000000016
14192.750000000013
15238.000000000016
14259.750000000015
15081.000000000015
14303.250000000015
14792.000000000015
14137.750000000015
14429.000000000016
13834.250000000018
14223.000000000013
13455.500000000016
14048.000000000015
13405.750000000011
13766.000000000015
13628.000000000013
13453.000000000016
13479.000000000013
13135.000000000011
13512.250000000016
12764.000000000013
13643.000000000015
12345.000000000015
13434.750000000011
11983.00000000001
12971.500000000016
11674.000000000011
12629.500000000013
11385.000000000011
12585.000000000011
11115.00000000001
12358.250000000013
10925.000000000013
12402.250000000011
10994.000000000013
12597.000000000013
10329.000000000013
12284.000000000013
10930.000000000013
11254.250000000013
12037.000000000011
11293.250000000011
11370.000000000011
11577.500000000013
12012.00000000001
11504.000000000011
12462.000000000015
11560.750000000011
13306.00000000001
11942.750000000015
13382.000000000015
11875.500000000011
13006.000000000016
11717.500000000013
13416.000000000013
11762.000000000011
13647.000000000016
11006.750000000011
13205.000000000016
10871.00000000001
11059.000000000013
10987.250000000011
9992.000000000007
10605.00000000001
9740.00000000001
10895.000000000011
10242.000000000011
10854.750000000011
10998.000000000011
11635.500000000011
11722.00000000001
11789.250000000013
12996.000000000015
11605.750000000011
14871.000000000015
11985.750000000011
16747.00000000001
10728.75000000001
17689.00000000002
10705.750000000011
18354.000000000015
10671.250000000011
17048.00000000002
10826.000000000011
14982.000000000018
11543.500000000011
14791.000000000013
12124.250000000013
15580.000000000018
12675.500000000013
16708.000000000015
13278.000000000015
17084.00000000001
14112.750000000015
18063.000000000015
14541.750000000016
20038.00000000001
15620.500000000013
20863.000000000022
15958.500000000015
20353.00000000002
15237.000000000015
18597.000000000015