9760.75000000001
5136.000000000006
9597.50000000001
5026.0000000000055
9488.50000000001
5043.000000000005
9300.750000000011
5057.000000000004
9055.00000000001
5070.000000000005
8801.50000000001
5113.0000000000055
8510.50000000001
5133.000000000004
8169.000000000009
5150.000000000005
7800.250000000007
5154.000000000005
7373.500000000007
5170.0000000000055
6970.250000000006
5184.0000000000055
6567.250000000006
5198.000000000006
6193.500000000007
5286.0000000000055
5819.5000000000055
5348.000000000005
5507.5000000000055
5445.0000000000055
5262.0000000000055
5573.0000000000055
5050.5000000000055
5694.0000000000055
4895.250000000005
5876.000000000005
4716.7500000000055
5966.0000000000055
4592.000000000005
6084.000000000004
4985.750000000005
6095.0000000000055
5585.500000000005
6074.000000000005
6237.750000000006
6048.000000000006
7231.750000000008
5989.0000000000055
7901.500000000009
5901.000000000004
8691.75000000001
5820.000000000007
9475.250000000011
5534.0000000000055
10465.250000000011
7988.000000000008
11386.000000000013
13110.000000000015
12154.750000000011
13322.00000000001
12669.750000000013
12920.000000000016
13221.500000000013
12446.000000000013
14059.500000000013
11819.000000000013
14463.250000000015
11440.000000000013
14642.500000000016
13665.000000000016
14697.500000000015
14395.000000000013
14778.500000000015
14306.000000000016
14726.250000000015
14760.000000000016
14465.000000000015
14812.00000000002
14171.000000000011
14160.00000000001
14476.000000000015
13175.000000000007
15084.500000000016
12278.000000000013
15349.000000000018
11711.000000000016
14717.250000000016
10870.00000000001
12788.750000000011
9605.000000000011
10939.75000000001
10296.00000000001
10757.500000000013
13974.000000000015
11798.500000000013
14306.000000000015
12320.500000000011
13268.000000000013
12672.500000000015
12174.000000000011
12745.250000000015
12319.000000000015
12107.000000000013
12771.000000000013
11314.750000000011
13844.000000000016
11068.250000000011
17280.00000000001
10538.500000000011
17873.00000000002
9968.25000000001
15717.000000000016
9568.25000000001
13410.000000000011
9268.500000000007
11041.000000000011
9119.50000000001
8963.000000000007
9112.75000000001
6930.000000000008
9399.75000000001
5161.0000000000055
11510.750000000011
4869.000000000003
13283.500000000015
5735.000000000005
14888.500000000018
9037.000000000005
15987.000000000015
11951.00000000001
16212.500000000016
13795.00000000001
15156.250000000015
12103.00000000001
14196.250000000015
6927.000000000009
14227.750000000015
5163.0000000000055
15247.500000000018
5166.000000000006
16087.000000000016
5147.000000000007
15996.250000000018
5098.0000000000055
15425.750000000016
5084.000000000006
14364.000000000013
5419.000000000006
14468.250000000015
5865.000000000006
16207.250000000016
6122.000000000008
16797.250000000015
6359.000000000004
16494.250000000015
6521.000000000008
15565.250000000015
6260.000000000004
13961.750000000016
5292.0000000000055
13097.250000000013
4388.000000000005
12117.500000000011
4283.0000000000055
10880.500000000011
4175.000000000005
10111.250000000013
4014.000000000004
9900.75000000001
3866.000000000004
9506.00000000001
3751.000000000003
8894.000000000007
3628.0000000000036
8091.000000000008
3483.0000000000023
7050.000000000006
3416.000000000003
6082.2500000000055
3493.0000000000036