6660.500000000006
6020.000000000007
6466.000000000006
5854.000000000005
6027.750000000006
6282.000000000008
5584.250000000006
6359.000000000004
5300.750000000004
6001.000000000004
5458.000000000006
4834.000000000005
6283.500000000006
3980.0000000000045
7220.250000000006
4141.000000000003
7464.250000000007
3809.000000000004
7330.500000000007
3428.0000000000036
7598.750000000008
3509.0000000000036
8178.750000000008
3796.0000000000045
8348.000000000007
3970.000000000005
7587.250000000007
3865.0000000000045
6405.250000000007
3737.0000000000027
6827.250000000006
3923.000000000004
7735.500000000009
3640.000000000004
7415.250000000008
3515.000000000003
6704.750000000006
3565.0000000000036
6255.250000000006
4543.000000000004
5443.500000000006
5755.000000000006
5036.0000000000055
5547.000000000006
5478.000000000005
5170.000000000005
6115.0000000000055
5995.000000000007
6862.250000000007
6772.000000000007
7348.250000000008
6647.000000000007
7376.250000000008
6902.000000000008
7471.750000000006
6398.000000000006
7683.250000000007
5380.0000000000055
8410.250000000007
4322.000000000004
8815.750000000007
5682.0000000000055
8563.00000000001
7813.000000000009
8038.500000000008
8097.000000000008
8927.00000000001
7280.000000000008
9853.50000000001
5756.000000000005
11438.000000000011
4125.000000000005
12244.500000000011
3557.000000000003
12542.750000000013
3661.0000000000036
13003.750000000013
3781.0000000000045
12680.000000000013
3747.000000000004
11388.000000000013
4645.0000000000055
10504.50000000001
5926.000000000006
10548.500000000013
5918.000000000006
10293.50000000001
6601.000000000006
9809.25000000001
6625.000000000008
9567.250000000011
5653.000000000006
10113.750000000011
5058.000000000005
11349.000000000011
5432.000000000006
11974.250000000013
4881.0000000000055
11770.000000000013
3627.0000000000036
10698.250000000011
2911.000000000003
9640.25000000001
2523.000000000003
10459.250000000011
2557.000000000002
10591.250000000011
2900.0000000000023
9796.50000000001
2773.000000000003
8790.25000000001
3153.000000000003
8619.000000000007
3533.0000000000036
10224.750000000013
3760.000000000005
12755.500000000011
3626.000000000004
13170.000000000015
3724.000000000004
12538.250000000013
4467.000000000004
12734.000000000011
4894.0000000000055
12823.500000000011
5253.000000000005
11944.000000000011
5020.000000000005
10877.750000000011
5958.0000000000055
10279.750000000011
5864.000000000006
10442.50000000001
5153.0000000000055
10327.25000000001
6154.000000000006
9708.25000000001
6048.000000000006
8998.50000000001
5127.000000000005
8230.00000000001
3954.000000000004
7220.250000000007
3626.000000000004
6865.000000000007
3730.0000000000045
6449.500000000008
3619.0000000000027
5508.500000000005
3382.000000000004
4868.7500000000055
3556.000000000004
4495.000000000005
3701.000000000002
5107.000000000005
3713.000000000003
5635.2500000000055
4894.000000000006
5495.500000000005
5543.0000000000055
5033.5000000000055
4911.000000000006
4634.250000000005
3045.0000000000023
4698.750000000005
2332.0000000000027
4805.2500000000055
2109.0000000000014
5130.750000000005
2318.0000000000023
5711.750000000007
4256.000000000003
5708.750000000006
5325.0000000000055
5521.750000000006
4385.000000000003
5140.2500000000055
3754.000000000004
4985.250000000006
3781.000000000004