9818.75000000001
8729.00000000001
9815.00000000001
8698.000000000007
9802.500000000011
8674.000000000007
9809.750000000011
8617.00000000001
9826.250000000007
8558.000000000005
9866.750000000011
8505.00000000001
9900.000000000007
8444.000000000011
9945.25000000001
8365.00000000001
10013.000000000011
8319.00000000001
10091.500000000011
8273.00000000001
10180.000000000011
8216.000000000011
10534.750000000011
8207.000000000005
10533.250000000011
8154.000000000007
10467.75000000001
8144.000000000007
10504.00000000001
8110.000000000006
10507.750000000011
8110.000000000009
10721.250000000011
8060.000000000008
11067.750000000011
8011.000000000008
11109.750000000011
7964.000000000007
10755.500000000011
7926.000000000009
10743.000000000013
7881.000000000009
11084.500000000011
7808.000000000007
11398.750000000013
7765.000000000007
11435.750000000011
7755.000000000008
11044.000000000013
7772.000000000008
11015.250000000013
7818.000000000009
11309.750000000013
7861.000000000008
11355.000000000013
7925.000000000009
11395.000000000011
7970.000000000008
11067.250000000011
8024.000000000007
10795.500000000011
8061.00000000001
10844.250000000013
8162.000000000007
10798.750000000011
8229.000000000005
10829.25000000001
8295.000000000011
10655.500000000011
8394.00000000001
10514.250000000011
8484.000000000007
10654.500000000011
8605.000000000007
10908.000000000013
8734.000000000011
10609.250000000011
8862.000000000005
10165.00000000001
8986.000000000007
9890.00000000001
9070.000000000007
9696.25000000001
9150.00000000001
9505.750000000011
9251.000000000011
9280.75000000001
9327.000000000005
9091.75000000001
9383.000000000007
8957.250000000011
9408.000000000011
9069.500000000011
9444.000000000007
9273.75000000001
9458.000000000011
9416.00000000001
9438.00000000001
9301.750000000011
9471.000000000011
9191.75000000001
9418.000000000013
9243.75000000001
9359.000000000011
9315.00000000001
9287.00000000001
9093.75000000001
9224.00000000001
9302.50000000001
9174.000000000005
9114.500000000007
9096.00000000001
9150.250000000011
9026.000000000011
9153.50000000001
8992.000000000005
8831.000000000011
8904.000000000011
8482.000000000007
8806.00000000001
8527.000000000011
8738.00000000001
9106.250000000007
8647.00000000001
9371.250000000011
8593.00000000001
9558.250000000011
8532.00000000001
9655.50000000001
8424.000000000007
9314.00000000001
8373.000000000005
8639.75000000001
8362.000000000007
8782.50000000001
8372.00000000001
8689.00000000001
8434.000000000005
8373.000000000007
8472.000000000005
8447.750000000011
8484.000000000007
8361.00000000001
8457.000000000005
7895.250000000008
8431.000000000007
7729.000000000009
8384.000000000007
7679.750000000006
8328.000000000005
7930.750000000009
8300.000000000007
7932.500000000007
8280.000000000004
7951.750000000007
8296.00000000001
7784.750000000007
8319.00000000001
7474.250000000006
8367.000000000005
7156.750000000008
8385.000000000007
7429.500000000006
8479.00000000001
7682.500000000007
8563.00000000001
7878.500000000008
9542.000000000011
7816.000000000007
10367.000000000011
7536.500000000007
9443.000000000007
7295.500000000006
8974.00000000001
7389.250000000007
9064.00000000001
7350.500000000008
9174.000000000005
7282.500000000008
9305.00000000001