10489.500000000011
12631.000000000011
10564.250000000011
12462.000000000015
10578.250000000011
12221.000000000011
10583.500000000011
12862.000000000011
10770.750000000011
13848.000000000015
10933.000000000011
14033.000000000011
11007.000000000011
14043.000000000018
11084.500000000011
14121.000000000013
11091.000000000011
14351.000000000015
11117.000000000011
14259.000000000015
11243.750000000011
13886.00000000001
11424.500000000013
13602.000000000013
11538.750000000011
14143.000000000015
11568.750000000015
13760.000000000011
11887.750000000013
13575.000000000016
12380.750000000013
13488.000000000015
12610.250000000013
13438.000000000016
12762.750000000011
13477.000000000015
12816.000000000011
13947.00000000001
12875.750000000013
13633.000000000013
12845.500000000016
13577.000000000011
12636.000000000013
13842.000000000015
12649.250000000011
13945.000000000015
12708.250000000013
13352.00000000001
12721.250000000013
13435.000000000013
12734.250000000013
13841.00000000001
13119.500000000015
14107.000000000016
13046.000000000013
14650.000000000015
12349.000000000013
14528.000000000015
12304.000000000013
14210.000000000016
12162.250000000011
13606.000000000015
12588.750000000013
14157.000000000016
13105.000000000011
14647.000000000015
12889.750000000015
14637.000000000018
12612.000000000013
15087.000000000015
12555.250000000013
15048.000000000016
12961.500000000015
14661.000000000015
12518.500000000011
14516.000000000018
12554.000000000011
14519.000000000016
12275.500000000011
14749.00000000002
12294.250000000011
15064.000000000018
12428.500000000015
15054.000000000016
12364.500000000015
14767.000000000016
12633.250000000015
15238.000000000016
12809.250000000013
15166.000000000015
12981.500000000013
15055.000000000016
13568.000000000015
14491.000000000011
14052.250000000015
14607.000000000016
14308.000000000015
14597.000000000011
14346.250000000015
14748.000000000016
14830.750000000016
14637.000000000016
15128.500000000013
14660.000000000015
15560.250000000016
14811.000000000011
14916.000000000015
15060.000000000018
14693.750000000016
14833.000000000016
14843.250000000016
14739.000000000018
14777.250000000011
15033.000000000016
14741.750000000013
14897.000000000013
14852.500000000015
14201.000000000011
14832.000000000015
13915.000000000018
14958.250000000015
14142.000000000016
15002.750000000016
14121.000000000011
15028.000000000018
14241.000000000016
15096.000000000013
14410.000000000013
15192.750000000013
14500.000000000016
15158.250000000016
14570.000000000018
15101.500000000016
14482.000000000015
15099.250000000016
14225.000000000016
15374.000000000015
13976.000000000015
15339.000000000016
13515.000000000011
15293.750000000015
13225.000000000015
15337.750000000016
13127.000000000015
14989.000000000016
13199.000000000015
14924.750000000013
13055.000000000013
14939.000000000015
12897.000000000015
14714.000000000011
12902.000000000013
14717.750000000015
12900.000000000016
14786.750000000016
12770.000000000011
14998.000000000015
12822.000000000015
15167.500000000015
12841.000000000013
14019.500000000013
12910.00000000001
13694.750000000015
13062.000000000015
13861.750000000015
13062.000000000015
14274.250000000016
13040.000000000013
14815.500000000015
12974.000000000015
14114.500000000015
12701.000000000007
14649.000000000018
12511.000000000011
16980.25000000002
12764.000000000013
16692.50000000002
13324.000000000015
13815.750000000011
14061.000000000015