11979.250000000011
10586.00000000001
12577.500000000016
10420.00000000001
13737.500000000015
10474.00000000001
14059.750000000015
10180.000000000013
13964.250000000015
9079.000000000007
13820.000000000015
8572.00000000001
13148.500000000013
9031.000000000011
12049.500000000013
9151.000000000005
12326.250000000011
9181.00000000001
12029.500000000011
9425.000000000005
10827.250000000011
10129.000000000007
10946.000000000013
10302.000000000011
12054.750000000015
9979.000000000011
12286.000000000013
9697.000000000011
11463.25000000001
11699.000000000013
11033.500000000011
12262.000000000013
11009.500000000011
11577.000000000013
10273.250000000011
10320.000000000007
9627.250000000011
10359.00000000001
9973.500000000011
9055.000000000007
10632.50000000001
7862.000000000008
11130.25000000001
7356.000000000008
11516.250000000011
8016.000000000009
11595.000000000011
8401.000000000004
11455.250000000015
8351.000000000005
11493.750000000011
8376.00000000001
12094.500000000015
8385.000000000007
12291.000000000011
7813.000000000008
12456.000000000015
7599.000000000007
12646.000000000015
8673.000000000011
12804.000000000015
8629.000000000007
13219.500000000015
8491.000000000007
13967.500000000015
7793.000000000007
14139.750000000015
8798.00000000001
14071.250000000015
9865.00000000001
13814.750000000015
9995.00000000001
13860.250000000013
9754.000000000011
13695.250000000013
7856.000000000007
13929.250000000015
7396.000000000007
14130.500000000016
8017.000000000009
14404.500000000015
7661.000000000008
13644.000000000015
7954.00000000001
12227.750000000011
8190.000000000008
11905.250000000015
8664.000000000005
11998.25000000001
9062.000000000007
11901.000000000011
8663.00000000001
11585.250000000011
9288.000000000005
11158.500000000011
10320.000000000007
10885.250000000011
10403.000000000011
10432.500000000011
10096.000000000013
10183.75000000001
10678.000000000007
10000.250000000011
9485.00000000001
10439.000000000011
9184.000000000007
10721.750000000011
12530.00000000001
10172.750000000011
16360.000000000022
10176.750000000011
16049.000000000015
10222.25000000001
13149.000000000015
9690.50000000001
12428.000000000007
9602.75000000001
12515.00000000001
10027.75000000001
11653.000000000011
9928.50000000001
9143.000000000005
9833.750000000011
6855.000000000006
10118.000000000011
7850.000000000009
10595.750000000011
8945.000000000005
11096.000000000013
9557.000000000011
11065.500000000011
10795.00000000001
10830.500000000013
10518.000000000013
10732.250000000011
10029.000000000011
11185.500000000011
10363.000000000011
12246.250000000013
11305.00000000001
12775.750000000013
12451.000000000013
12476.750000000011
14162.000000000015
12526.250000000013
14600.000000000018
12371.750000000013
15272.00000000001
12806.750000000013
16390.000000000015
12681.250000000011
15875.000000000015
11798.000000000015
15911.000000000015
11276.000000000011
15903.000000000018
10989.500000000011
13861.000000000013
11145.500000000011
13046.000000000013
11222.000000000013
15757.000000000015
10480.50000000001
15673.000000000016
10456.000000000013
13181.000000000011
10528.75000000001
14443.000000000015
9571.75000000001
13479.000000000007
9585.250000000007
14474.000000000016
9664.750000000007
15666.000000000018
9028.00000000001
15940.000000000016
8963.75000000001
15723.000000000016
8878.25000000001
15630.000000000016