16563.500000000015
3816.000000000004
16468.250000000015
4352.000000000004
15529.000000000015
4515.000000000003
15016.500000000015
4065.0000000000045
14918.500000000018
4563.000000000005
15099.000000000016
5547.000000000007
14495.250000000015
6006.000000000005
12786.500000000013
4654.0000000000055
13027.250000000013
5652.000000000006
13092.250000000015
6170.000000000007
13101.000000000013
4121.0000000000055
13085.750000000015
3629.000000000004
13072.000000000011
3378.000000000003
12969.750000000011
3469.000000000002
12974.250000000013
3768.0000000000036
12861.750000000013
4081.0000000000036
14111.500000000013
3225.000000000004
13979.250000000015
2718.0000000000027
12296.750000000013
1910.0000000000018
13264.750000000013
2671.0000000000027
14441.000000000013
2901.000000000002
15027.500000000016
2873.0000000000027
14644.250000000016
3555.000000000003
14896.500000000015
2901.0000000000036
15440.750000000013
3226.0000000000036
14587.000000000015
4344.0000000000055
14891.000000000018
3360.0000000000027
14176.250000000013
1979.0000000000018
14613.750000000018
2571.000000000003
14372.000000000013
4016.0000000000045
13089.750000000013
4639.000000000005
12791.250000000013
4354.000000000005
12595.250000000013
5061.000000000004
12883.250000000013
3846.000000000003
12441.000000000013
2960.0000000000027
11309.000000000013
3572.000000000003
9883.750000000011
7136.000000000006
10668.50000000001
9582.000000000013
11434.000000000013
9310.00000000001
11454.250000000013
6791.000000000005
11820.500000000015
5781.000000000006
10836.75000000001
7517.000000000008
10785.50000000001
9494.000000000005
11082.500000000011
13823.000000000016
11231.500000000013
14645.000000000016
11216.000000000011
16963.00000000001
11388.25000000001
15667.000000000018
12093.000000000011
14928.000000000013
12505.750000000015
15948.000000000016
11703.000000000011
13630.000000000013
11721.000000000013
13481.000000000013
11572.500000000011
15109.000000000018
12483.750000000011
16309.000000000015
12697.250000000011
14002.000000000015
12850.250000000015
15242.000000000018
13508.000000000016
15864.000000000015
13456.250000000015
16279.000000000015
13903.250000000015
15928.000000000018
14153.500000000015
14519.000000000016
15218.500000000015
14975.000000000016
14629.000000000015
14556.00000000001
15379.750000000018
16339.00000000002
16640.750000000015
17398.000000000007
16549.00000000002
16226.000000000015
17035.000000000015
17986.000000000022
16709.500000000015
16681.000000000025
17119.50000000002
16816.000000000015
16179.250000000018
17500.000000000015
16548.500000000015
16739.000000000015
18012.00000000002
15800.00000000002
18104.25000000002
16136.00000000002
17605.750000000015
15898.000000000015
17198.000000000015
14243.000000000013
17211.00000000002
14687.000000000015
17184.75000000002
16758.00000000002
17042.25000000002
17563.000000000015
16089.000000000016
18011.00000000002
16542.500000000022
17111.00000000002
17706.75000000002
17771.000000000022
18631.50000000002
17110.00000000002
17495.500000000015
18856.000000000015
17876.000000000022
19255.000000000022
17737.750000000022
16957.00000000002
17939.00000000002
16830.000000000015
17840.500000000022
17415.00000000002
17366.75000000002
18216.000000000015
17622.00000000002
17719.00000000002
18541.500000000022
13893.000000000013
18456.50000000002
11996.00000000001
17723.75000000002
11856.000000000011