32640.000000000033
32640.000000000033
32640.000000000033
32640.000000000033
32640.000000000033
32640.000000000033
32640.000000000033
32640.000000000033
32640.000000000033
32640.000000000033
32640.000000000033
32640.000000000033
32640.000000000033
32640.000000000033
32640.000000000033
32640.000000000033
32640.000000000033
32640.000000000033
32640.000000000033
32640.000000000033
32640.000000000033
32640.000000000033
32640.000000000033
32640.000000000033
31110.500000000036
31265.000000000033
17902.750000000015
20133.000000000022
16873.00000000002
19644.00000000001
17103.000000000015
18863.00000000002
16702.75000000002
19755.000000000015
16908.000000000015
21281.000000000022
17026.25000000001
21589.000000000025
16445.00000000002
20841.000000000022
16319.250000000016
20607.000000000022
17006.50000000002
20261.000000000022
17627.750000000015
17649.00000000001
17422.000000000015
17803.000000000022
17452.000000000015
17479.00000000001
17478.00000000002
17067.00000000001
17150.75000000002
17356.00000000002
15637.750000000016
17978.00000000002
15009.750000000013
16767.00000000002
15211.750000000016
17428.00000000002
14644.500000000013
17936.00000000001
14284.750000000013
16845.000000000015
13460.250000000015
17855.000000000022
12317.500000000011
18657.000000000022
11297.50000000001
17931.000000000025
11000.500000000013
17948.00000000002
11346.750000000011
19129.000000000022
11472.500000000011
19325.000000000022
10998.75000000001
18221.000000000022
10536.750000000011
17751.00000000002
10176.50000000001
20114.00000000002
10015.000000000013
20865.000000000022
10072.750000000011
21417.000000000025
9841.25000000001
19534.00000000002
9383.50000000001
18256.00000000001
9762.25000000001
18013.000000000022
10281.000000000011
18205.00000000002
10756.75000000001
16483.00000000002
10785.000000000011
15747.000000000013
10477.50000000001
15539.000000000016
10443.00000000001
14545.000000000016
10566.250000000011
13745.000000000011
10427.000000000013
16303.000000000016
9927.50000000001
16661.000000000015
9801.000000000011
15850.000000000018
10155.75000000001
15968.000000000016
10288.500000000011
13763.000000000015
10168.000000000013
13307.00000000001
9867.25000000001
13804.000000000015
9712.750000000011
14398.000000000015
9439.50000000001
15891.000000000016
9658.750000000011
16755.000000000015
9959.000000000011
17325.00000000002
9840.000000000011
17810.000000000022
9882.000000000011
18088.00000000001
11045.000000000011
16937.000000000015
12077.500000000011
16480.000000000015
11872.00000000001
17008.00000000001
11188.500000000011
17101.000000000022
11131.500000000011
17284.000000000022
11723.750000000013
16634.000000000015
12480.250000000016
15436.000000000016
12365.500000000011
15142.000000000016
12539.00000000001
15258.000000000015
12983.000000000015
14430.000000000011
13434.750000000015
14851.000000000016
15267.750000000015
17074.000000000015
30815.250000000033
31016.000000000033
32640.000000000033
32640.000000000033
32632.500000000033
32630.000000000033
32635.00000000003
32625.000000000033
32640.000000000033
32640.000000000033
32640.000000000033
32640.000000000033
32640.000000000033
32640.000000000033
32640.000000000033
32640.000000000033
32640.000000000033
32640.000000000033
32640.000000000033
32640.000000000033
32640.000000000033
32640.000000000033
32640.000000000033
32640.000000000033
32640.000000000033
32640.000000000033