10316.500000000011
8411.00000000001
10023.000000000011
7832.0000000000055
9687.000000000011
7781.000000000007
9310.50000000001
8109.000000000007
9268.750000000011
7950.000000000008
9287.50000000001
7409.000000000008
8767.25000000001
7650.000000000007
8090.750000000009
8862.000000000011
7800.750000000009
9639.000000000011
8034.750000000007
9664.000000000007
8128.750000000008
8787.00000000001
7888.250000000007
8344.000000000005
7685.000000000006
8635.00000000001
7508.500000000006
7564.000000000008
7980.250000000007
5863.000000000004
7935.250000000007
5594.0000000000055
7096.000000000006
6759.000000000007
6462.500000000007
8485.000000000004
6695.750000000007
10411.000000000013
6857.250000000006
11251.000000000011
7359.0000000000055
10732.000000000013
8456.00000000001
9825.000000000007
8733.75000000001
8984.000000000005
8186.000000000009
9103.000000000011
7881.000000000008
9273.000000000005
7978.750000000007
8606.000000000007
7770.250000000007
7601.000000000009
8010.000000000007
7098.000000000008
7661.500000000008
7526.000000000008
7222.750000000006
8064.000000000009
7486.500000000008
8519.000000000005
7422.750000000008
9592.00000000001
7344.500000000007
10025.000000000011
8113.750000000008
9493.00000000001
7944.750000000007
8900.000000000005
7631.250000000007
8151.000000000008
7998.250000000007
8173.000000000009
8341.500000000007
8397.000000000005
8354.00000000001
8741.000000000011
8117.500000000009
8664.000000000005
7325.000000000007
8463.00000000001
6545.000000000007
7769.000000000008
6544.250000000006
7351.000000000007
6489.500000000006
8229.000000000005
6584.250000000006
8449.00000000001
7094.250000000006
9842.00000000001
7461.250000000007
10273.000000000011
7797.500000000008
10692.000000000011
8128.250000000006
10603.000000000013
8148.750000000008
9938.000000000011
8675.25000000001
9079.000000000007
9271.25000000001
9005.00000000001
9775.25000000001
8561.000000000007
9985.000000000007
8451.000000000005
10132.00000000001
8628.000000000007
9769.500000000011
10713.000000000011
9707.00000000001
11622.000000000013
9634.750000000011
11930.000000000011
9725.750000000011
10995.000000000011
9725.00000000001
8659.000000000007
9513.500000000011
8229.000000000005
9610.750000000011
8376.00000000001
9369.00000000001
8544.000000000007
9168.50000000001
8423.000000000007
9232.50000000001
7977.000000000008
9180.50000000001
8568.000000000007
8868.50000000001
9553.00000000001
8200.75000000001
9503.000000000011
8650.00000000001
9360.000000000007
9888.50000000001
9204.000000000005
11104.250000000011
9259.00000000001
11802.250000000013
10077.000000000011
11752.750000000011
10644.000000000011
10519.500000000011
10493.000000000011
9999.00000000001
10887.000000000011
10166.00000000001
11380.00000000001
10296.500000000013
11464.000000000011
10097.25000000001
11654.000000000013
10061.000000000007
11185.000000000013
10294.750000000011
10454.000000000005
10724.250000000011
9691.00000000001
11190.500000000011
9266.000000000005
11520.000000000015
9271.00000000001
11421.000000000011
8716.000000000005
11307.000000000011
8625.000000000005
11346.000000000011
9499.000000000011
11114.750000000013
10300.00000000001
10992.500000000015
10903.000000000011
11336.500000000013
11084.000000000013
11561.500000000013
10979.000000000011