14404.250000000015
15008.000000000015
14187.250000000015
13900.000000000018
14706.750000000015
13607.000000000011
15218.750000000015
13063.00000000001
15521.000000000016
12444.000000000007
15715.000000000018
12548.000000000015
16313.000000000016
13126.000000000015
17030.00000000002
12942.00000000001
17278.25000000002
12919.000000000015
17511.50000000002
12935.000000000016
17154.500000000022
12797.000000000015
16495.75000000002
12527.000000000015
16169.250000000016
12015.000000000007
15705.500000000015
11585.000000000013
15957.250000000015
11167.000000000013
16552.50000000002
11219.000000000011
16904.25000000002
11662.00000000001
17290.250000000015
12316.00000000001
16981.50000000002
12785.000000000011
16336.250000000016
14104.000000000016
16210.750000000015
12887.000000000013
15434.500000000018
11899.000000000015
14282.000000000015
11880.000000000007
13449.000000000016
12126.000000000013
12888.500000000013
13122.000000000015
12920.500000000013
13543.000000000016
12622.250000000015
13785.000000000013
12151.500000000015
13425.000000000011
11678.500000000011
13521.00000000001
10686.750000000011
13659.000000000013
10244.00000000001
13675.000000000013
10324.500000000011
13691.000000000013
10547.500000000011
13932.00000000001
10599.250000000013
14330.000000000015
10534.750000000011
13025.000000000013
10490.500000000011
11685.000000000015
10636.75000000001
11192.000000000015
10652.75000000001
10826.000000000011
10409.00000000001
11298.000000000011
10154.250000000007
12005.000000000015
10104.500000000011
12502.000000000015
9748.000000000007
12907.000000000011
9558.00000000001
14614.000000000015
9348.00000000001
16615.000000000022
9188.50000000001
16922.000000000015
9330.25000000001
15968.000000000016
9675.250000000011
14775.000000000018
9929.500000000011
15546.000000000015
10187.000000000007
16596.00000000001
10671.50000000001
15281.000000000015
10985.750000000013
14699.000000000016
11282.250000000013
15418.000000000016
11564.250000000011
18609.000000000022
11561.750000000011
22576.000000000025
11396.000000000013
24885.000000000022
10754.250000000011
25733.00000000003
11175.750000000011
24754.00000000002
11671.000000000011
23553.00000000002
11348.500000000013
22615.000000000022
10945.500000000011
20727.000000000022
11117.500000000011
18097.000000000015
11683.500000000013
16766.000000000022
12092.000000000013
15653.00000000001
12061.000000000013
14672.000000000016
12252.250000000015
13169.00000000001
12470.500000000015
13073.000000000011
12763.250000000013
12954.000000000015
13216.250000000015
11954.000000000007
13124.000000000015
9048.000000000007
13390.250000000013
7981.000000000008
13638.250000000015
7790.000000000009
13291.500000000013
8915.000000000011
13302.750000000015
10661.000000000011
13703.750000000013
10689.000000000011
14383.500000000013
9383.000000000007
15677.000000000016
8479.00000000001
17647.00000000002
8137.000000000007
18916.00000000002
7688.000000000008
18809.000000000015
8398.000000000011
18195.75000000002
9254.000000000007
18096.500000000022
9604.000000000007
17859.500000000015
10805.000000000011
17287.500000000015
12960.000000000016
16587.000000000015
13503.000000000015
15655.750000000016
13326.000000000018
14416.000000000013
13322.000000000018
14230.250000000013
13143.000000000016
14657.500000000013
13316.000000000015
15163.000000000016
14640.000000000015
15121.000000000015
16376.000000000016