21055.250000000022
15916.000000000016
20498.25000000002
16411.00000000001
18480.00000000002
16760.00000000002
16869.75000000002
16945.00000000002
16621.500000000015
16925.000000000025
16600.50000000002
16886.00000000001
16493.750000000015
16909.000000000015
16752.25000000002
16745.00000000002
17191.000000000022
16103.000000000016
17571.000000000022
15024.000000000011
18213.25000000002
13925.000000000016
18688.75000000002
15448.000000000016
18056.00000000002
18753.000000000025
17184.75000000002
21192.000000000025
16623.00000000002
22352.00000000002
15864.00000000002
22556.000000000022
15022.250000000013
22588.000000000025
14232.000000000011
21123.000000000022
12769.000000000015
18633.00000000002
11812.750000000013
19720.00000000001
11677.250000000011
20352.00000000002
11541.500000000011
20214.000000000025
11064.000000000011
20506.000000000022
10418.00000000001
20895.000000000025
10989.75000000001
20931.000000000022
11322.500000000011
19859.000000000022
10945.250000000011
18579.000000000022
10814.750000000011
18181.00000000001
11038.500000000011
18680.00000000002
10664.750000000011
18514.00000000002
10759.500000000011
17637.000000000015
10668.75000000001
16990.00000000002
10053.50000000001
15683.000000000018
10161.50000000001
13340.000000000015
10330.50000000001
11071.000000000011
9862.25000000001
9587.000000000011
10287.500000000011
9339.00000000001
11049.000000000011
9901.000000000007
11565.500000000013
11094.000000000013
11411.250000000011
11035.000000000011
11665.750000000011
10500.000000000011
12570.250000000013
10197.000000000011
12878.00000000001
9320.00000000001
12491.250000000011
8417.000000000004
12212.500000000011
9834.000000000011
12950.500000000013
9926.000000000011
13600.750000000015
9901.000000000007
13867.500000000016
11691.00000000001
13981.750000000015
14450.000000000018
14940.250000000018
15285.000000000016
14611.000000000015
14652.000000000016
16035.500000000016
14761.000000000013
17038.500000000015
16374.000000000018
17727.25000000002
16291.000000000018
18964.75000000002
15688.000000000016
19800.000000000022
14847.000000000015
20010.75000000002
14803.000000000016
19919.500000000022
14968.00000000001
20024.750000000025
14485.000000000016
20222.50000000002
13858.000000000015
20429.500000000022
12949.000000000015
19951.500000000022
12047.000000000016
18908.00000000002
10928.000000000011
18433.75000000002
10365.000000000013
18304.00000000002
10752.000000000011
17491.75000000002
11303.00000000001
17351.75000000002
11819.000000000007
17431.750000000015
12282.000000000011
17331.50000000002
12713.00000000001
17265.75000000002
13248.000000000015
17304.500000000015
13694.000000000013
17023.75000000002
14106.000000000013
16940.50000000002
14634.000000000015
17050.50000000002
14999.000000000018
16564.25000000002
15259.000000000015
15995.500000000015
15565.000000000018
14711.250000000015
15925.000000000018
13895.000000000015
16334.000000000016
13652.250000000016
16956.000000000022
13040.750000000015
17160.00000000001
12879.750000000013
17100.00000000001
13135.500000000013
17017.000000000022
13089.750000000013
17075.000000000015
12483.250000000011
16971.000000000022
12676.750000000013
16025.000000000018
13546.500000000016
13065.000000000015
13182.000000000013
9647.000000000011
13043.000000000011
10284.000000000013
12930.000000000013
11319.000000000013
12163.250000000015
11631.00000000001