9850.00000000001
8528.00000000001
9852.00000000001
8236.000000000005
9919.75000000001
9257.000000000005
9907.75000000001
9455.00000000001
9937.75000000001
8112.000000000009
9905.500000000011
7678.000000000008
9993.750000000011
7486.000000000008
10184.750000000011
7513.000000000007
10296.25000000001
8502.00000000001
10235.000000000007
9563.000000000011
10146.25000000001
10145.000000000007
10061.750000000011
10058.000000000011
10015.250000000011
10047.000000000011
10146.250000000011
10238.000000000013
10385.000000000011
10221.000000000007
10602.750000000011
9940.000000000011
10866.250000000011
9884.000000000011
11090.750000000011
9943.000000000011
11195.250000000013
9843.00000000001
11232.75000000001
9599.00000000001
11200.000000000011
9186.00000000001
11141.75000000001
8688.000000000011
11097.750000000011
8170.000000000009
11029.000000000011
7816.000000000008
10947.250000000011
7519.000000000008
10894.250000000011
7287.000000000008
10855.00000000001
6964.0000000000055
10879.250000000011
6351.000000000008
11022.750000000011
6112.000000000005
11130.500000000011
5853.000000000005
11202.750000000013
5711.000000000006
11200.000000000011
5628.0000000000055
11183.750000000013
5615.000000000006
11163.250000000013
5743.000000000006
11177.750000000011
5677.000000000006
11429.250000000013
5781.000000000006
11784.500000000015
6081.000000000008
12092.500000000011
6591.000000000007
12423.000000000013
7491.000000000007
12506.250000000011
8282.000000000005
12597.750000000015
9424.00000000001
12845.750000000013
10396.000000000013
13747.250000000011
11107.000000000013
14062.250000000016
12099.000000000011
13254.500000000013
12252.000000000011
13258.250000000015
10591.000000000013
13322.750000000013
9005.00000000001
11877.000000000013
12740.000000000011
12358.500000000013
14709.00000000001
12882.500000000011
14004.000000000011
12507.000000000011
11895.000000000007
11124.000000000011
12775.00000000001
10180.500000000007
20263.000000000022
10512.250000000011
21697.00000000002
11116.750000000013
18461.000000000015
10564.750000000011
14894.000000000016
9774.750000000011
13755.000000000013
9318.500000000007
15730.000000000015
9337.50000000001
17160.00000000001
8772.250000000007
17367.000000000022
8978.75000000001
14564.000000000016
9466.500000000011
12983.000000000011
9862.000000000011
10572.000000000013
10180.25000000001
10558.000000000011
11282.500000000015
10741.000000000013
11976.000000000011
11794.000000000011
12294.250000000013
12138.000000000016
12445.250000000013
11937.00000000001
12661.500000000011
9795.000000000013
13013.250000000011
7423.000000000005
12734.500000000015
6948.0000000000055
12433.75000000001
6901.000000000008
12169.50000000001
7283.000000000007
11979.250000000011
7893.000000000008
12222.000000000015
8544.000000000007
12060.750000000011
9384.00000000001
11947.500000000013
10015.000000000007
11953.750000000011
10396.000000000007
11704.25000000001
10515.000000000013
11638.750000000011
10409.000000000011
11574.500000000011
10122.000000000007
11544.75000000001
9584.00000000001
11719.500000000013
8957.000000000007
12249.750000000015
8479.00000000001
13009.750000000015
8284.000000000011
13083.500000000015
8112.000000000007
12888.500000000015
7971.000000000009
12467.500000000013
7890.000000000008
12017.000000000013
7828.000000000009
11781.750000000011
7877.000000000008