5293.250000000005
7112.000000000008
5588.2500000000055
7179.000000000005
6187.500000000006
7381.000000000007
6898.7500000000055
7517.000000000006
7141.500000000006
8035.000000000008
7488.750000000006
9558.000000000007
7958.250000000008
8508.000000000011
8239.000000000007
6181.000000000005
7754.000000000007
5373.0000000000055
7965.750000000008
5218.000000000006
7859.750000000009
5326.0000000000055
7463.750000000007
5517.0000000000055
7158.000000000006
5628.0000000000055
6925.250000000006
6067.000000000005
7200.0000000000055
6203.000000000006
6922.750000000007
6815.000000000009
6885.750000000006
7547.000000000008
7011.750000000007
9038.000000000011
7103.750000000007
9948.000000000013
7662.500000000007
10356.000000000011
7683.000000000008
10251.000000000007
7158.000000000006
11837.000000000005
7147.500000000007
12627.000000000013
8400.25000000001
12526.000000000011
9387.75000000001
10423.000000000005
10122.00000000001
9824.000000000007
10677.000000000011
9868.000000000011
10667.750000000013
9848.000000000007
11336.250000000013
9798.000000000005
11357.500000000013
9596.000000000007
10330.50000000001
9527.000000000007
9650.75000000001
9503.000000000011
9301.750000000007
9196.00000000001
8903.25000000001
8810.000000000007
8177.750000000008
8810.00000000001
7505.750000000008
8508.00000000001
7301.750000000007
7766.000000000007
6283.0000000000055
7184.000000000007
6137.000000000007
7011.000000000007
6205.750000000007
7225.000000000009
5820.500000000007
7661.0000000000055
6249.250000000006
8263.000000000007
7406.750000000008
9091.000000000005
7767.750000000006
9787.000000000007
8198.50000000001
10849.000000000007
10457.500000000013
10998.000000000013
12037.750000000013
10331.000000000013
10971.250000000011
8090.000000000007
9555.00000000001
6988.000000000007
9748.75000000001
6495.000000000006
10524.750000000007
7523.000000000007
11086.250000000013
8613.000000000007
11415.500000000011
8429.000000000011
12034.000000000013
8773.000000000007
12707.000000000011
8756.000000000011
12680.500000000013
7987.000000000009
12296.500000000013
6672.0000000000055
11094.500000000011
5441.0000000000055
9414.250000000007
4511.000000000003
8737.750000000007
4516.000000000004
8537.500000000007
5116.000000000005
8054.250000000008
5094.0000000000055
8663.250000000011
5153.0000000000055
9049.00000000001
5889.0000000000055
8390.50000000001
5910.000000000004
7867.250000000007
6402.000000000005
7965.500000000008
7775.000000000006
8638.75000000001
7823.000000000007
8845.00000000001
7751.000000000007
9259.000000000011
8090.000000000008
10063.50000000001
10281.000000000011
10806.500000000011
10723.000000000013
10227.250000000011
9542.000000000011
9972.00000000001
8948.000000000007
10080.250000000011
11123.000000000013
9564.750000000011
11531.00000000001
9513.25000000001
8932.000000000011
9530.750000000011
7655.000000000008
9500.00000000001
7483.000000000009
9671.25000000001
7266.000000000006
9039.750000000007
5393.000000000006
9211.00000000001
5227.0000000000055
9903.00000000001
5676.000000000006
10323.500000000011
5901.000000000007
10505.25000000001
6579.000000000008
10598.500000000011
5860.000000000007
9067.00000000001
5439.000000000006
7703.000000000007
6722.000000000005
7380.500000000008
7701.000000000008
7177.250000000008
7258.000000000008