13335.000000000015
16557.000000000015
13363.750000000013
16290.000000000016
13268.000000000013
15959.000000000018
13066.250000000013
15447.000000000016
12991.500000000015
15022.000000000015
13076.750000000013
14812.000000000016
13332.500000000013
14743.000000000018
13669.250000000016
14627.000000000016
13471.500000000013
14616.000000000018
13044.750000000015
14800.00000000001
12529.250000000015
14878.000000000015
11970.750000000011
14739.00000000001
11408.500000000013
14479.000000000015
11246.500000000013
14235.000000000015
11723.750000000007
13943.000000000011
12158.250000000011
13918.000000000015
12669.500000000011
14274.000000000016
12497.500000000016
14931.000000000015
11363.000000000011
15635.000000000016
11365.250000000011
16207.000000000013
12640.000000000011
16478.000000000015
13276.750000000016
16686.00000000002
13119.250000000016
16684.00000000002
12868.250000000013
16610.00000000001
12344.000000000011
16680.000000000015
12015.750000000011
16459.00000000001
12175.250000000013
17330.00000000002
13056.500000000013
18999.00000000002
13793.000000000013
18197.000000000022
13505.250000000011
16375.000000000016
13375.000000000013
15467.000000000016
14268.750000000013
16210.00000000002
14921.500000000015
17870.00000000002
15170.750000000016
18425.00000000001
15420.750000000018
17754.00000000001
15173.250000000016
16775.00000000002
14441.250000000011
15918.000000000016
13555.250000000015
16396.00000000001
12625.000000000011
16960.00000000001
11522.500000000013
17575.000000000015
11500.000000000013
18718.000000000022
11069.750000000011
17235.00000000001
10991.250000000011
14526.00000000001
10908.250000000011
11994.000000000004
11063.000000000011
12465.000000000011
10992.500000000011
13684.000000000011
11167.750000000011
14056.000000000015
11360.750000000013
14198.000000000016
11255.750000000013
13315.000000000016
11153.500000000013
11948.000000000011
11672.000000000011
11089.000000000007
11903.250000000011
11454.000000000015
11719.250000000011
11887.000000000011
11476.500000000011
11838.000000000015
11724.250000000013
11799.00000000001
11882.250000000013
12609.000000000013
12114.250000000011
13383.00000000001
12582.750000000011
13663.000000000013
12541.000000000011
14115.00000000001
12480.250000000011
14374.00000000001
12218.250000000011
14886.000000000015
12341.500000000011
15446.000000000013
13310.000000000013
14643.000000000011
13265.250000000013
13516.000000000011
11945.500000000013
13114.000000000007
12112.750000000013
13320.000000000016
12391.000000000013
13589.000000000016
13718.250000000015
13865.000000000015
15883.50000000002
14115.00000000001
17481.25000000002
14214.000000000015
18218.000000000015
15455.00000000001
18327.00000000002
19944.00000000002
19265.000000000022
22430.000000000025
20865.50000000002
23042.000000000025
22281.250000000022
22211.000000000025
23314.500000000025
21033.000000000022
23224.250000000025
20364.000000000025
21903.250000000022
23235.000000000022
22367.500000000025
25415.000000000025
24388.000000000025
27206.000000000022
25064.50000000003
27736.00000000003
24954.00000000003
27112.000000000033
24316.250000000025
27592.00000000003
22982.250000000025
25869.00000000002
22790.250000000025
24266.00000000002
25173.750000000022
24408.00000000003
25079.500000000025
25336.00000000002
24021.250000000022
25532.000000000025
23466.250000000025
25804.000000000025
24114.50000000003
25274.00000000002