21408.00000000002
21408.00000000002
21408.00000000002
21408.00000000002
21408.00000000002
21408.00000000002
21408.00000000002
21408.00000000002
21408.00000000002
21408.00000000002
21408.00000000002
21408.00000000002
21408.00000000002
21408.00000000002
21408.00000000002
21408.00000000002
21408.00000000002
21408.00000000002
21409.750000000022
21510.000000000025
21437.250000000025
20515.000000000022
20736.000000000022
16697.000000000022
19605.000000000022
14265.000000000018
18826.75000000002
13166.000000000011
18215.00000000002
13373.000000000007
17644.75000000002
13299.000000000013
16935.00000000002
13012.000000000011
16275.500000000018
13049.00000000001
15988.750000000018
12768.000000000011
15921.500000000018
12204.000000000015
15679.500000000016
11976.000000000011
15361.500000000013
11973.000000000013
14995.250000000015
12085.000000000011
14391.250000000015
11937.00000000001
13644.500000000011
12405.000000000011
13360.500000000013
12795.000000000013
12931.500000000013
12243.000000000015
12482.250000000011
12053.000000000011
12179.750000000013
11966.00000000001
11968.250000000013
12461.000000000013
11381.000000000011
12137.000000000015
11095.750000000011
11624.000000000013
11169.250000000011
11333.00000000001
10768.25000000001
11878.000000000015
10317.500000000011
13170.00000000001
9855.750000000011
13892.000000000013
9056.750000000011
13538.000000000015
8748.50000000001
13748.00000000001
8324.500000000007
14021.000000000016
7898.500000000008
14164.000000000016
7847.500000000007
14638.000000000018
7438.250000000007
15124.000000000018
7062.250000000006
15220.000000000016
7102.500000000007
17045.000000000015
7407.500000000007
20253.00000000001
7267.250000000007
20288.000000000022
6824.000000000006
19345.000000000015
6505.5000000000055
18407.00000000002
6200.000000000006
17490.000000000022
6092.250000000006
16753.000000000015
5918.250000000006
16287.00000000002
5867.000000000007
16020.000000000018
5781.250000000006
15856.000000000018
5964.750000000006
15590.000000000018
6151.7500000000055
15155.000000000016
6497.500000000007
14579.000000000016
6929.000000000007
14815.00000000001
7443.000000000007
15047.000000000018
7838.750000000007
15346.000000000016
8103.250000000008
15481.000000000011
8434.750000000007
15329.000000000011
8849.50000000001
15585.000000000018
9275.75000000001
16377.000000000018
9721.750000000011
16957.00000000002
10421.50000000001
17191.000000000022
11013.000000000013
16866.00000000002
11774.250000000013
17378.000000000015
12542.000000000015
18201.000000000015
13330.500000000015
18546.000000000022
14044.250000000015
18940.00000000002
14715.250000000016
19470.000000000025
15287.250000000016
20123.000000000025
15953.000000000016
20947.000000000025
17230.00000000002
21339.000000000022
18679.00000000002
21409.000000000025
19814.00000000002
21408.00000000002
20550.75000000002
21408.00000000002
20955.750000000025
21408.00000000002
21307.750000000022
21408.00000000002
21399.750000000022
21408.00000000002
21409.000000000022
21408.00000000002
21408.00000000002
21408.00000000002
21408.00000000002
21408.00000000002
21408.00000000002
21408.00000000002
21408.00000000002
21408.00000000002
21408.00000000002
21408.00000000002
21408.00000000002
21408.00000000002
21408.00000000002
21408.00000000002
21408.00000000002
21408.00000000002
21408.00000000002
21408.00000000002