7.000000000000003
0.0
4.000000000000003
0.0
5.000000000000003
0.0
122.25000000000016
10.000000000000005
229.50000000000023
31.000000000000032
387.00000000000034
188.0000000000001
599.2500000000007
820.0000000000007
806.250000000001
872.0000000000005
1022.250000000001
867.0000000000009
1190.5000000000014
914.0000000000008
1316.2500000000014
1054.0000000000005
1465.7500000000016
1244.0000000000018
1626.500000000002
1283.0000000000016
1747.5000000000014
1378.0000000000014
1865.0000000000018
1451.0000000000007
1933.000000000002
1590.0000000000016
2025.7500000000023
1715.0000000000018
2289.7500000000014
1673.0000000000011
2539.5000000000023
1650.0000000000011
2675.0000000000027
1730.0000000000011
2709.5000000000023
1714.0000000000007
3086.2500000000036
2093.000000000001
3452.5000000000036
2028.000000000002
3348.7500000000036
1963.000000000002
3402.500000000004
2044.0000000000025
3746.750000000004
1672.000000000002
3935.000000000005
1509.0000000000005
3886.0000000000036
1497.0000000000007
3924.7500000000045
1483.000000000001
4096.500000000004
1281.0000000000007
4405.250000000005
1211.000000000001
4438.500000000005
1160.0000000000007
4671.500000000005
1069.000000000001
6629.500000000007
1101.0000000000007
7113.000000000008
1222.0000000000007
7195.500000000006
1288.0000000000016
7376.500000000007
1193.0000000000016
7351.7500000000055
1104.0000000000007
7604.000000000007
910.000000000001
7590.750000000007
748.0000000000009
7385.750000000008
426.0000000000002
7213.500000000008
44.00000000000004
7059.000000000008
0.0
7108.250000000009
0.0
7199.750000000008
0.0
7239.750000000008
20.00000000000001
7230.000000000007
14.000000000000005
7370.750000000007
27.000000000000007
7290.250000000007
313.0000000000001
6950.750000000007
649.0000000000006
6711.500000000007
988.0000000000011
6595.500000000006
1352.0000000000016
6298.250000000006
1613.0000000000007
6396.750000000006
1986.0000000000016
6253.000000000006
2343.0000000000014
5940.0000000000055
2509.0000000000027
5905.750000000006
2309.0000000000027
5796.250000000006
2023.0000000000023
5580.5000000000055
1862.000000000001
5657.2500000000055
1848.0000000000016
5631.5000000000055
1994.000000000002
5485.7500000000055
1996.0000000000025
5550.2500000000055
2039.0000000000023
5600.0000000000055
2287.000000000001
5601.250000000006
2127.000000000001
4816.500000000005
1576.0000000000018
4619.500000000005
1096.0000000000005
4769.500000000005
736.0000000000003
4898.250000000005
157.0000000000002
4941.2500000000055
10.000000000000005
4995.250000000005
24.000000000000004
4981.250000000005
20.00000000000001
4936.500000000005
0.0
4877.000000000005
0.0
4788.250000000005
0.0
4462.250000000005
0.0
4335.250000000005
0.0
4344.500000000005
0.0
3870.0000000000036
0.0
3153.5000000000027
0.0
2759.5000000000023
0.0
2996.500000000003
0.0
3180.0000000000027
0.0
2446.2500000000027
0.0
1886.750000000002
0.0
2076.000000000002
0.0
1072.7500000000014
0.0
21.25000000000002
0.0
0.0
0.0
0.0
0.0