9944.000000000011
10585.000000000011
10039.50000000001
10545.000000000011
10481.000000000011
10614.000000000011
10400.250000000011
10764.000000000013
10264.250000000013
10815.000000000007
10277.250000000011
10841.00000000001
10366.750000000011
10814.000000000011
10251.250000000011
10872.000000000013
10122.25000000001
10853.000000000013
10006.50000000001
10780.00000000001
10206.750000000011
10668.000000000011
10357.500000000011
10665.000000000011
10292.250000000013
10836.000000000011
10271.75000000001
10989.000000000011
10088.250000000011
10957.000000000013
9916.250000000011
10900.000000000013
9785.00000000001
10882.000000000011
9634.250000000011
10827.000000000011
9636.500000000011
10583.000000000011
9556.00000000001
10284.000000000011
9449.250000000011
10210.000000000005
9338.000000000011
10207.00000000001
9327.75000000001
10110.00000000001
9716.50000000001
9885.000000000007
10041.250000000011
9813.00000000001
10250.000000000011
9837.000000000011
10321.75000000001
9821.000000000011
10020.750000000011
9782.00000000001
9655.000000000011
9684.000000000011
9330.50000000001
9663.000000000011
9119.50000000001
9581.000000000007
8843.75000000001
9393.00000000001
9109.500000000011
8972.000000000007
9313.000000000007
8213.000000000005
9390.00000000001
7369.000000000007
9398.250000000007
6833.000000000007
8973.75000000001
6315.000000000007
8461.00000000001
5703.0000000000055
8953.75000000001
4949.0000000000055
9632.500000000011
3966.0000000000036
9878.50000000001
3095.000000000003
9835.750000000007
2598.000000000003
9589.000000000007
2611.0000000000027
9179.750000000011
2834.0000000000036
9068.25000000001
3090.0000000000036
9087.00000000001
3257.0000000000027
9463.000000000011
3348.0000000000036
9874.500000000011
3466.0000000000036
10327.000000000011
3773.000000000003
11056.750000000013
4076.0000000000055
11108.000000000011
4335.000000000005
11117.000000000011
4573.000000000004
11483.00000000001
4788.000000000005
12339.250000000016
4996.000000000004
13112.250000000013
5135.000000000006
13265.000000000016
5331.000000000005
13520.750000000016
5540.000000000006
13840.500000000015
5706.000000000006
14270.750000000015
5958.0000000000055
14590.500000000015
6443.000000000004
14556.000000000015
6875.000000000006
14294.750000000015
7128.000000000008
13691.750000000016
6992.000000000006
13579.500000000013
6569.000000000009
13903.000000000015
6281.000000000006
14691.500000000013
5912.0000000000055
14387.750000000013
5751.000000000006
13482.500000000015
5642.0000000000055
12637.500000000015
5538.000000000006
11940.500000000011
5404.0000000000055
12008.500000000013
5371.000000000005
11993.250000000013
5386.000000000006
12459.500000000015
5410.000000000006
13110.500000000015
5214.0000000000055
13280.500000000015
4923.0000000000055
12426.500000000015
4694.0000000000055
10882.750000000013
4481.000000000004
10502.50000000001
4235.000000000002
10853.750000000011
3930.0000000000045
10741.250000000011
3707.0000000000036
10065.000000000011
3672.000000000004
9253.25000000001
3602.000000000004
8745.50000000001
3539.0000000000027
8603.500000000011
3485.0000000000036
8572.75000000001
3425.0000000000036
8675.000000000007
3372.0000000000036
8835.75000000001
3343.000000000002
8874.50000000001
3357.0000000000023
9206.25000000001
3375.0000000000027
9503.75000000001
3325.000000000004