9566.25000000001
4799.000000000005
9726.50000000001
4897.000000000004
9952.750000000011
5050.000000000006
10166.500000000011
5176.000000000006
10360.000000000013
5313.0000000000055
10546.25000000001
5406.000000000007
10691.750000000011
5509.000000000006
10768.500000000013
5595.0000000000055
10859.500000000013
5716.000000000006
10984.250000000011
5788.0000000000055
11133.000000000013
5818.000000000004
11307.250000000011
5842.000000000006
11455.750000000015
5797.000000000007
11630.500000000013
5821.0000000000055
11541.750000000011
5884.000000000005
11360.500000000011
5958.0000000000055
11211.75000000001
6165.000000000007
10954.250000000011
6422.000000000007
10694.25000000001
6733.000000000006
10602.250000000011
7060.000000000006
10160.000000000011
7311.000000000008
10261.25000000001
7491.000000000007
11341.250000000013
7693.000000000008
12002.000000000011
7889.000000000008
11881.000000000013
8022.000000000008
12080.000000000011
8185.000000000007
12432.500000000015
8299.000000000005
12658.500000000013
8460.000000000007
13262.250000000015
8579.000000000005
13215.500000000015
8665.000000000011
12992.250000000015
8622.000000000007
13000.000000000015
8609.00000000001
13043.500000000013
8624.00000000001
12926.000000000013
8741.000000000011
13394.500000000013
8805.00000000001
13831.750000000011
8851.00000000001
13074.500000000016
9754.000000000011
12908.500000000016
11235.000000000011
13531.000000000011
11362.000000000011
14293.750000000015
11083.000000000011
14639.750000000011
10677.000000000011
14209.750000000011
10683.000000000011
13833.000000000015
10432.000000000011
13627.750000000011
9945.000000000011
13651.500000000013
9407.000000000011
13396.750000000013
9608.000000000005
13235.000000000013
9805.00000000001
13171.000000000015
10097.000000000011
12830.000000000015
9965.00000000001
12462.750000000013
9696.000000000011
12913.000000000013
10274.000000000007
13370.750000000013
10693.000000000007
13735.250000000016
11184.000000000013
14897.000000000016
11434.000000000013
15493.500000000015
11427.000000000013
14775.500000000015
11195.000000000011
14158.250000000011
10927.000000000013
13712.250000000013
10961.000000000011
14456.250000000011
11016.00000000001
14550.750000000015
11057.000000000011
14515.000000000016
11247.000000000013
13656.000000000015
11532.000000000013
13444.250000000015
11897.000000000013
13638.250000000016
12067.000000000011
14504.750000000013
12119.00000000001
15775.25000000002
12057.00000000001
17277.50000000002
11959.000000000013
17085.750000000015
11656.000000000011
16336.250000000016
11471.000000000013
15859.750000000016
11375.000000000011
15830.750000000015
11222.000000000011
15384.500000000015
10912.000000000011
14043.250000000015
10537.000000000011
12714.750000000013
10357.000000000011
13243.000000000013
10285.00000000001
13699.500000000016
10214.000000000011
13173.750000000011
10234.000000000011
13153.750000000013
10387.000000000011
13115.250000000013
10575.000000000011
12719.000000000013
10733.000000000011
11904.750000000013
10933.000000000011
10912.50000000001
11116.000000000011
10818.500000000011
11383.000000000013
10824.500000000011
11655.000000000005
10675.25000000001
11908.000000000015
10415.500000000011
12094.000000000007
10471.500000000011
12226.00000000001
10556.250000000011
12403.000000000011
10620.000000000011
12568.000000000013
10632.250000000011
12644.000000000013