14533.000000000016
13842.000000000013
14731.750000000015
13387.000000000016
15161.500000000011
12446.000000000013
15453.250000000016
11440.00000000001
15315.000000000016
11232.000000000011
14843.750000000015
11312.000000000013
14111.500000000013
11459.000000000013
13487.000000000015
11793.000000000011
13241.000000000015
12100.000000000011
13227.500000000013
12226.00000000001
12943.25000000001
12518.000000000007
12627.000000000013
12845.000000000011
12107.500000000015
12696.000000000015
11367.500000000013
11895.000000000007
10847.500000000013
11550.000000000013
10689.500000000011
11815.00000000001
10634.000000000011
12569.000000000016
10775.250000000011
13143.000000000007
11290.500000000013
13862.000000000013
11923.000000000011
14635.000000000016
12630.000000000015
14933.000000000011
13265.500000000015
14968.00000000001
13342.500000000015
14815.00000000001
13032.250000000015
14817.000000000015
12825.750000000015
14930.000000000016
12540.500000000013
15079.000000000016
12666.500000000011
15428.000000000013
12805.750000000013
15758.000000000013
13015.750000000015
14925.000000000018
12911.750000000013
14099.000000000018
11854.000000000011
13700.000000000015
11387.000000000013
13998.000000000016
11843.750000000011
15613.000000000016
12196.000000000013
17899.000000000015
12633.250000000011
18644.000000000015
12389.250000000013
16907.000000000015
11729.000000000013
13726.000000000015
11446.250000000011
11660.00000000001
11371.750000000013
13882.000000000011
11597.000000000011
15503.000000000018
12119.750000000013
15369.000000000016
11648.250000000013
14462.000000000015
10902.500000000011
11873.000000000013
10558.250000000011
8809.000000000005
10844.000000000011
9566.000000000007
10850.500000000011
11334.000000000013
10805.75000000001
12519.000000000007
10092.250000000011
13055.000000000013
8727.25000000001
13185.00000000001
8086.250000000007
12111.000000000013
8240.50000000001
9189.000000000005
8377.000000000007
6714.000000000005
8881.500000000007
6038.000000000004
8901.50000000001
6208.000000000007
8152.750000000006
7193.000000000007
6859.500000000007
8592.000000000011
6359.5000000000055
9930.000000000011
6663.750000000007
11876.00000000001
6712.500000000007
12844.000000000015
7212.250000000007
12990.000000000015
7883.750000000007
14076.000000000016
8334.750000000007
11893.000000000007
8713.500000000007
10329.000000000013
9363.50000000001
9862.000000000011
10423.75000000001
9918.000000000011
9676.25000000001
9761.000000000011
8674.75000000001
10137.000000000007
9629.00000000001
10614.000000000011
10531.750000000011
10890.000000000011
10604.000000000011
12126.000000000013
11089.500000000013
14146.000000000015
11789.750000000015
15302.000000000018
11979.500000000007
16075.000000000016
12293.250000000013
16412.00000000002
12696.000000000015
17063.000000000022
13691.750000000016
16978.00000000001
14498.500000000015
16568.00000000002
14720.250000000015
17129.00000000001
14627.250000000016
16946.00000000001
14374.250000000015
17051.00000000001
14354.250000000016
16973.00000000002
14539.000000000015
15933.000000000016
14141.500000000013
16313.000000000016
12728.750000000011
16714.00000000002
11481.750000000013
17300.00000000002
11782.750000000011
17281.00000000001
12991.500000000013
17402.00000000001
13014.250000000015
16590.000000000022
12167.750000000013
16761.00000000002
11417.250000000011
17378.000000000015