6905.500000000007
4254.000000000005
7321.500000000007
4054.0000000000045
8051.250000000009
4102.000000000002
8227.250000000011
4384.000000000005
8254.50000000001
4809.0000000000055
8533.75000000001
4666.000000000005
8461.750000000005
4708.000000000005
8424.00000000001
4557.0000000000055
8682.25000000001
4303.000000000004
8843.500000000011
4487.000000000005
9060.50000000001
4583.000000000003
9230.75000000001
4882.000000000004
9277.25000000001
4986.000000000005
9197.25000000001
4668.000000000005
9153.000000000007
4715.000000000005
9281.00000000001
4307.000000000004
9608.750000000011
3792.0000000000045
9917.250000000011
3914.000000000004
9473.750000000011
4296.000000000005
9382.000000000011
4449.000000000005
9238.00000000001
4167.000000000002
9125.750000000011
3879.0000000000045
9147.000000000007
3944.0000000000045
9565.750000000011
4510.000000000004
9917.000000000011
4760.000000000004
10362.750000000011
4489.0000000000055
10676.500000000011
4530.0000000000055
10401.500000000011
5132.0000000000055
10113.75000000001
5428.000000000005
10530.000000000011
5374.0000000000055
10495.000000000013
5354.000000000004
10190.500000000011
5331.0000000000055
10012.250000000011
5104.000000000006
10117.50000000001
5297.000000000004
9256.750000000007
5169.000000000005
8560.50000000001
4716.000000000005
8923.25000000001
4215.000000000004
9409.750000000011
4137.000000000003
9739.25000000001
3794.000000000004
9998.75000000001
3341.0000000000027
9203.750000000007
2923.0000000000023
9208.000000000007
2435.0000000000027
9626.750000000011
2027.0000000000023
9300.75000000001
1735.0000000000018
9101.000000000007
1385.0000000000014
9168.000000000011
1106.0000000000011
9183.500000000011
1008.0000000000011
9759.25000000001
1097.0000000000011
9936.000000000011
1435.0000000000016
9899.000000000011
1609.0000000000016
9856.250000000011
1453.0000000000016
9361.000000000011
1414.0000000000014
8909.50000000001
1484.0000000000014
8804.250000000011
1636.0000000000007
8868.50000000001
1830.0000000000023
9052.50000000001
1985.0000000000025
9448.250000000007
2347.0000000000014
9220.00000000001
2396.0000000000023
9081.25000000001
2530.0000000000027
9975.25000000001
2891.000000000003
11450.750000000013
3528.0000000000036
12434.750000000013
4679.000000000005
12871.000000000013
5689.000000000007
13729.500000000016
5540.000000000006
15191.250000000013
4627.000000000004
15976.500000000016
5197.0000000000055
16444.500000000015
5235.000000000006
16755.00000000002
4947.000000000006
16858.50000000001
4682.0000000000055
17490.00000000002
4827.0000000000055
17998.000000000022
5611.0000000000055
18027.25000000002
6485.000000000007
18411.500000000015
7691.000000000008
18752.75000000002
8207.000000000011
18762.000000000022
9245.000000000007
18672.25000000002
10917.00000000001
18832.75000000002
11264.000000000011
18578.25000000002
12227.000000000015
18142.250000000015
12985.000000000015
18557.00000000002
12810.000000000013
18870.25000000002
12519.000000000016
19053.50000000002
11998.00000000001
19713.75000000002
11857.000000000013
20454.500000000022
11785.00000000001
20219.00000000002
11496.000000000011
19928.25000000002
11617.00000000001
19581.000000000022
11801.000000000013
19379.25000000002
11337.000000000013
19443.50000000002
11052.000000000011
19406.50000000002
11795.000000000011