22153.250000000022
23103.000000000025
22059.00000000002
23484.000000000015
21624.00000000002
22489.000000000022
21821.750000000025
21116.000000000025
21594.500000000025
20565.000000000025
21202.500000000022
19310.000000000022
21467.750000000022
18449.00000000002
21220.500000000022
18721.000000000015
20629.00000000002
18584.000000000015
20266.000000000022
17343.00000000001
19912.00000000002
16152.000000000016
19414.250000000015
17253.000000000022
19410.50000000002
17617.000000000022
19884.750000000022
16122.000000000016
19915.25000000002
17375.000000000022
19591.00000000002
18894.00000000002
19257.250000000015
19386.000000000022
19038.25000000002
19105.000000000022
18626.250000000022
18512.00000000002
17945.00000000002
16835.00000000002
17790.50000000002
15877.000000000015
18072.75000000002
15785.000000000016
18434.500000000022
15490.000000000018
18484.75000000002
16083.000000000018
17759.50000000002
16977.00000000001
17239.250000000015
17751.00000000002
16870.000000000015
17147.000000000022
16238.000000000016
17369.00000000002
16503.00000000002
17481.00000000001
16465.25000000002
16664.000000000015
16040.250000000016
15398.000000000016
15794.000000000016
14666.000000000016
15146.750000000018
14380.000000000013
15455.750000000016
15347.000000000018
14216.250000000013
15324.000000000013
13311.000000000013
15424.000000000018
12844.250000000013
14795.000000000015
12864.500000000011
14016.000000000016
13408.750000000013
15102.000000000015
13006.250000000013
17296.00000000001
13019.500000000015
19309.00000000001
13442.250000000015
19100.000000000015
13382.000000000013
19902.000000000022
13424.500000000013
21069.00000000002
13604.750000000015
21053.000000000022
13560.250000000013
20960.000000000015
13903.750000000016
21070.000000000022
13918.750000000013
19673.00000000001
13995.250000000018
18307.000000000015
14200.250000000016
17921.00000000001
14089.500000000013
17942.000000000015
14054.750000000016
18247.000000000015
13782.000000000013
18197.00000000001
13430.000000000015
17273.000000000015
13203.750000000013
17139.00000000002
13496.500000000015
16039.000000000016
13921.250000000015
14050.000000000016
13927.000000000015
12658.000000000013
13678.750000000011
11963.000000000011
13390.250000000016
12636.00000000001
13195.750000000013
12987.00000000001
12869.000000000013
13714.000000000011
12443.500000000013
14650.000000000015
12951.000000000011
16014.000000000016
13476.750000000013
16254.000000000015
14014.000000000016
16344.000000000018
15217.500000000015
17252.00000000001
16504.750000000015
17167.000000000015
17380.75000000002
17191.00000000001
16902.750000000015
19400.00000000001
15602.750000000013
19993.000000000022
13926.000000000011
18647.00000000002
14032.250000000016
18423.00000000001
14706.250000000015
17453.000000000015
14557.750000000016
16991.00000000001
14272.250000000015
16910.00000000002
14470.250000000015
17502.000000000015
14847.000000000015
19527.000000000015
15083.000000000016
20565.000000000022
14890.250000000016
20653.000000000022
15757.750000000015
20346.000000000022
16540.25000000002
20358.00000000001
16361.750000000016
19096.000000000022
16724.50000000002
17267.00000000001
16842.50000000002
16895.00000000002
16976.00000000002
16828.00000000002
17080.250000000015
16870.00000000001
15717.250000000015
17753.00000000001
15132.000000000015
18330.00000000002
15799.250000000016
18865.00000000001