9506.75000000001
8785.000000000005
9447.250000000011
9618.000000000011
9474.25000000001
10110.00000000001
9831.50000000001
10832.000000000011
9831.75000000001
10784.000000000011
9739.250000000011
10227.000000000011
9546.25000000001
10129.000000000007
9413.50000000001
10063.000000000011
9744.250000000011
9717.000000000011
10195.000000000011
10387.000000000011
10373.250000000011
10402.000000000011
10143.750000000011
10183.000000000007
10100.50000000001
10394.000000000011
10137.500000000011
10407.00000000001
10175.750000000011
10334.000000000011
10203.25000000001
9692.000000000005
10485.000000000011
8938.000000000011
10630.250000000013
8574.000000000011
11106.500000000013
9217.00000000001
11609.250000000011
9264.00000000001
11899.000000000011
8924.000000000011
12151.250000000015
8893.000000000011
12368.750000000011
9991.00000000001
12488.750000000011
10557.000000000011
12699.750000000013
11389.000000000011
12634.750000000015
11331.000000000011
13134.500000000011
10853.000000000007
13723.500000000015
10474.000000000011
13705.750000000013
10623.000000000011
13378.000000000011
10275.000000000013
13312.000000000013
10292.00000000001
12922.75000000001
9879.000000000011
12851.750000000013
9554.00000000001
13800.750000000011
10091.000000000007
14337.750000000018
10416.000000000011
14177.750000000013
9850.00000000001
14320.500000000015
10878.000000000013
14352.500000000013
11561.000000000011
14859.000000000015
11909.000000000016
15062.750000000016
12443.000000000007
14843.500000000016
11846.00000000001
14416.500000000013
11860.00000000001
13818.500000000018
11419.000000000011
13046.500000000016
11791.000000000013
12305.500000000007
13630.000000000016
11932.750000000013
14031.000000000016
12109.000000000011
14447.000000000016
12537.500000000015
14631.000000000018
13205.000000000013
14522.000000000015
13617.750000000015
12829.000000000011
13323.250000000013
10991.000000000013
13390.250000000013
11636.000000000007
14235.750000000016
12083.000000000011
14455.000000000016
12872.000000000013
14064.000000000015
12860.000000000011
13591.750000000015
13239.000000000015
14120.750000000015
12528.000000000013
14430.250000000015
11101.000000000013
14748.500000000015
10635.00000000001
14204.000000000013
11128.000000000013
13993.00000000001
10377.000000000013
13860.50000000001
10856.00000000001
13988.250000000013
10622.000000000013
14680.500000000015
9991.000000000011
15136.750000000013
9837.000000000005
15009.250000000015
10023.000000000007
14817.000000000015
9964.000000000013
14929.500000000018
9991.000000000011
14947.250000000016
10018.00000000001
15428.750000000016
9416.00000000001
16090.000000000016
9345.000000000007
16455.50000000002
9614.00000000001
16952.50000000002
10070.00000000001
17404.25000000002
9897.000000000011
17145.25000000002
10018.00000000001
16429.750000000015
10213.000000000007
16083.000000000013
10078.000000000011
15963.75000000002
10703.000000000013
16366.000000000016
10997.000000000011
17019.00000000002
12061.000000000015
17919.50000000002
12467.000000000015
18416.25000000002
11484.000000000011
18172.00000000002
10797.000000000011
17832.000000000022
9910.000000000004
18391.25000000002
9505.000000000007
18951.75000000002
9951.000000000005
18231.500000000015
10800.000000000013
19181.25000000002
10765.000000000013
20675.00000000002
11825.000000000011
22678.750000000025
12563.000000000015