9528.50000000001
8446.000000000007
9710.25000000001
8497.000000000005
9998.500000000011
8438.000000000007
10184.250000000011
8190.000000000008
10310.750000000011
7815.000000000008
10141.000000000011
7368.000000000007
10352.750000000011
6783.000000000005
10826.250000000011
6377.0000000000055
10940.750000000013
6366.000000000004
11654.250000000013
6391.000000000007
13074.500000000016
6271.0000000000055
13461.250000000015
6250.000000000005
13651.750000000015
6593.000000000005
13267.750000000011
7210.000000000009
12996.000000000015
7768.000000000008
12626.250000000013
8210.000000000007
12686.250000000015
8506.000000000007
13826.750000000016
8609.00000000001
15111.250000000016
8516.00000000001
15321.500000000016
8383.000000000011
14835.000000000013
8027.000000000008
14280.000000000015
7314.0000000000055
13505.500000000015
6630.000000000007
12844.750000000015
6100.000000000004
13266.000000000013
5745.000000000006
13615.750000000015
5627.000000000007
12729.250000000015
5725.0000000000055
11889.250000000011
6034.0000000000055
11114.000000000011
6422.000000000007
10345.750000000013
6833.000000000007
10183.50000000001
7216.000000000007
9867.250000000011
7413.0000000000055
9886.50000000001
7409.000000000008
9824.000000000007
7300.000000000009
9303.25000000001
7153.000000000007
9174.50000000001
7012.000000000007
9453.250000000011
6894.000000000007
9279.00000000001
6707.000000000005
9180.75000000001
6709.000000000008
9183.750000000011
6899.000000000008
9255.25000000001
7213.000000000006
9263.00000000001
7419.000000000008
9387.00000000001
7479.000000000008
9964.250000000007
7451.0000000000055
9097.25000000001
7242.000000000004
8459.75000000001
7597.000000000009
8196.75000000001
9109.000000000007
8503.75000000001
11551.000000000013
8317.000000000007
12687.000000000016
7990.500000000008
12479.000000000011
7981.000000000009
10379.000000000011
8023.250000000009
9783.000000000013
8158.500000000008
11521.000000000011
8213.25000000001
14035.000000000016
8693.25000000001
15358.00000000002
9006.500000000007
15748.000000000016
9159.75000000001
16077.000000000016
9051.500000000007
11385.000000000011
9687.25000000001
6688.000000000007
9879.50000000001
6804.0000000000055
9528.25000000001
7165.000000000006
9457.500000000011
8298.000000000011
9555.500000000011
12531.00000000001
9291.000000000011
14117.000000000015
9083.25000000001
13253.000000000013
9271.750000000007
13829.000000000007
9349.50000000001
14408.000000000016
9178.00000000001
13876.000000000016
9177.25000000001
12853.000000000015
8627.75000000001
9195.00000000001
8204.750000000007
8029.000000000008
8168.000000000007
8028.000000000008
8116.250000000007
8052.000000000008
8408.250000000007
7497.0000000000055
8667.25000000001
7477.000000000007
8733.00000000001
7540.000000000008
8760.750000000007
7396.000000000008
9050.00000000001
7234.000000000008
9301.25000000001
6937.000000000008
8658.500000000011
6166.000000000005
8858.75000000001
5090.0000000000055
9223.00000000001
4855.000000000004
8914.25000000001
4899.000000000003
8400.00000000001
4847.0000000000055
7932.750000000008
4641.0000000000055
7385.500000000007
4638.000000000004
7301.750000000007
5195.000000000006
6857.750000000006
5099.000000000004
6241.750000000006
4886.0000000000055
6220.7500000000055
5153.000000000006