4316.5000000000055
4710.0000000000055
4312.7500000000055
4947.0000000000055
4269.250000000005
4993.0000000000055
4237.500000000005
5017.0000000000055
4264.000000000004
5051.000000000005
4505.500000000005
4925.000000000005
4826.250000000005
4616.000000000005
5079.5000000000055
4413.000000000004
4568.250000000005
4297.000000000003
4511.500000000005
4116.000000000004
4503.2500000000055
4021.000000000004
4454.5000000000055
3981.000000000005
4416.750000000005
3952.000000000004
4256.250000000005
3964.000000000003
4185.750000000005
3892.000000000003
4135.500000000005
3774.000000000003
4736.7500000000055
3704.0000000000036
5002.0000000000055
3731.0000000000036
4971.250000000005
3865.0000000000045
5240.0000000000055
4098.0000000000055
5428.250000000005
4332.000000000003
5679.0000000000055
4463.000000000004
5820.7500000000055
4407.000000000005
6049.750000000006
4413.000000000004
6248.750000000006
4456.0000000000055
6407.7500000000055
4564.000000000003
6547.250000000007
4762.000000000003
6366.000000000006
4857.000000000005
6429.250000000006
4766.0000000000055
6708.7500000000055
4783.000000000004
6796.500000000006
4681.000000000005
6785.000000000006
4696.000000000005
6888.250000000008
4657.000000000004
7248.500000000006
4760.000000000004
7213.750000000009
4684.000000000004
7503.5000000000055
4743.000000000003
8538.50000000001
4976.0000000000055
8980.750000000011
4957.0000000000055
9010.750000000011
4934.0000000000055
9269.750000000007
4900.0000000000055
8851.50000000001
4607.000000000005
8595.500000000007
4475.000000000005
8713.50000000001
4308.000000000005
8739.750000000007
4173.000000000004
8535.00000000001
4226.000000000005
8554.000000000007
4464.000000000005
8543.75000000001
4865.0000000000055
8399.00000000001
5229.0000000000055
8487.00000000001
5585.000000000006
8845.00000000001
5894.000000000004
8839.25000000001
6212.000000000005
8994.75000000001
6436.000000000006
8984.75000000001
6488.000000000008
8662.75000000001
6507.0000000000055
8289.00000000001
6611.000000000006
8185.250000000008
6810.000000000007
8371.75000000001
7036.000000000009
8626.500000000011
7263.000000000009
8662.750000000007
7316.000000000009
8652.250000000007
7487.000000000006
8498.75000000001
7641.00000000001
8530.75000000001
7560.000000000009
8490.25000000001
7008.000000000008
8375.50000000001
6393.000000000007
8580.75000000001
6106.0000000000055
8545.00000000001
5563.000000000006
8633.75000000001
4736.0000000000055
8552.25000000001
4512.000000000004
8254.00000000001
4533.000000000005
8193.75000000001
4592.000000000004
8408.000000000007
4749.0000000000055
8561.000000000007
4876.000000000005
8155.250000000008
4896.0000000000055
7941.750000000007
4903.0000000000055
8341.25000000001
4829.000000000006
8671.75000000001
4771.0000000000055
8699.500000000007
4824.0000000000055
8080.500000000008
4820.0000000000055
7923.500000000008
4795.0000000000055
8037.000000000008
4714.000000000004
8084.750000000008
4682.0000000000055
7714.000000000009
4596.000000000004
7301.000000000007
4462.0000000000055
6590.250000000007
4310.000000000004
6393.250000000006
4161.000000000003
6389.000000000006
4093.0000000000045
6465.250000000007
4077.0000000000045
6543.500000000007
4128.000000000004
6519.500000000006
4266.000000000005
6519.500000000006
4288.000000000004