30637.750000000033
30864.000000000036
30669.75000000003
30876.000000000036
30730.750000000033
30884.000000000036
30788.250000000033
30896.000000000033
30816.00000000003
30940.00000000003
30905.000000000033
30976.000000000033
31007.750000000033
31016.000000000033
31089.250000000033
30973.000000000033
31160.250000000033
30979.00000000003
31177.000000000033
31328.000000000022
29791.000000000025
28704.000000000033
28392.75000000003
21432.000000000015
27448.75000000003
17044.000000000015
26003.250000000025
14529.000000000016
24754.50000000003
13760.00000000002
24191.250000000025
13878.000000000016
23193.50000000002
13578.000000000015
22079.250000000025
12926.00000000001
21517.750000000022
13033.00000000001
20525.500000000022
12957.00000000001
19137.25000000002
12736.000000000015
17524.500000000015
13274.000000000015
15830.750000000015
13477.000000000015
13885.500000000011
13359.000000000013
12617.000000000015
13437.000000000016
11738.000000000013
14132.000000000015
11108.000000000011
14292.000000000016
10639.25000000001
13528.000000000015
10705.000000000011
13482.000000000015
10868.750000000011
13800.000000000013
10986.750000000011
13893.000000000013
10876.50000000001
13933.000000000015
10775.500000000011
13691.000000000016
10418.25000000001
13906.000000000007
10286.75000000001
14702.000000000015
9772.00000000001
15592.00000000002
9448.500000000011
16115.000000000018
9597.250000000011
17101.00000000002
8971.750000000007
17525.000000000022
8690.75000000001
18106.00000000001
9434.00000000001
18900.000000000022
9794.50000000001
19861.000000000022
9788.500000000011
21743.00000000002
13085.750000000015
25854.00000000002
15105.500000000016
29789.000000000022
14243.750000000011
31677.000000000033
13524.000000000013
31805.000000000036
12554.750000000013
31821.000000000033
11740.500000000011
31595.00000000003
11260.000000000011
30697.000000000036
11004.250000000011
29659.000000000025
10813.250000000013
28847.000000000033
10517.250000000011
28167.000000000033
10397.250000000011
27446.000000000033
10204.25000000001
26746.000000000015
9910.00000000001
25695.000000000025
10052.000000000011
24826.000000000025
10255.250000000007
24479.000000000025
10533.500000000013
23511.000000000022
10877.500000000013
22920.000000000025
11099.750000000011
22645.000000000022
11663.500000000011
22340.000000000022
12334.250000000013
21758.00000000002
12822.000000000015
21634.000000000022
13437.000000000015
22086.000000000022
14107.250000000016
22535.000000000025
14800.250000000016
22767.000000000025
15339.000000000016
23032.000000000025
16177.250000000016
23722.00000000002
17742.00000000002
24864.00000000003
19174.750000000022
25515.000000000025
20173.25000000002
26582.00000000002
20775.000000000022
28982.000000000022
21584.50000000002
30373.000000000036
22828.750000000025
30964.000000000033
24644.000000000025
31800.000000000033
26887.75000000003
31965.000000000036
29055.75000000003
32101.000000000033
30942.00000000003
32154.000000000033
31878.250000000036
32094.000000000036
32177.000000000036
32102.000000000036
32201.750000000036
32114.000000000036
32016.50000000003
32146.00000000004
29289.750000000033
32146.00000000004
25169.500000000025
32146.00000000004
25387.500000000025
32151.000000000036
30616.25000000003
32156.00000000004
31893.000000000033
32156.00000000004
31882.500000000033
32156.00000000004
32145.750000000033
32212.000000000033