9660.00000000001
13727.000000000015
9517.500000000011
14196.000000000016
9411.000000000011
14373.000000000018
9400.75000000001
13966.000000000007
9288.25000000001
13689.000000000013
9150.50000000001
13923.000000000013
8912.250000000011
14414.000000000011
8300.500000000007
15059.00000000001
7627.000000000007
15826.000000000016
7319.500000000008
16749.00000000001
7400.750000000008
17414.00000000002
7503.250000000007
17278.00000000002
7620.500000000007
16699.00000000002
7597.250000000008
16042.000000000016
7340.250000000008
15737.000000000016
7034.250000000008
15560.000000000015
7191.250000000007
15032.000000000018
7738.500000000007
14613.000000000011
8244.500000000007
14364.000000000013
8477.750000000007
14096.000000000015
8426.500000000007
13488.000000000015
8443.25000000001
12958.000000000013
8642.00000000001
12809.000000000007
9006.50000000001
13047.00000000001
9232.750000000011
13695.000000000013
9229.25000000001
13772.000000000015
9134.750000000011
13250.000000000007
9233.500000000007
14120.000000000013
9852.250000000011
14981.000000000018
10643.250000000011
14618.000000000015
10872.750000000011
13870.00000000001
10776.000000000013
13715.000000000015
11033.00000000001
14013.000000000018
11310.250000000011
13287.000000000011
11818.50000000001
11690.000000000013
11977.500000000013
11817.000000000007
11915.500000000013
12335.000000000007
11215.500000000011
11591.000000000013
10763.250000000011
10599.000000000011
9809.25000000001
9703.000000000007
9034.25000000001
8985.000000000011
8881.00000000001
8186.000000000008
8490.25000000001
7593.000000000006
7905.750000000007
7368.000000000008
7482.250000000008
7431.000000000007
7809.000000000007
8263.000000000007
8288.50000000001
9640.000000000011
8470.75000000001
9851.00000000001
8420.50000000001
9015.00000000001
8267.000000000007
8319.00000000001
7840.750000000008
7737.000000000008
7398.250000000008
6249.000000000007
6888.750000000006
4348.0000000000055
6271.250000000006
3429.000000000004
6343.2500000000055
3211.0000000000036
7043.500000000006
3361.0000000000023
7322.750000000008
3779.000000000004
7504.250000000008
3865.000000000004
7453.750000000008
4543.000000000004
7541.250000000007
5583.0000000000055
7459.250000000008
6009.000000000004
7551.750000000008
5460.0000000000055
7712.000000000009
3828.0000000000036
7981.75000000001
3362.000000000002
8337.00000000001
3619.0000000000027
8175.250000000009
3803.000000000003
7818.250000000009
3894.0000000000036
8181.750000000008
4478.000000000004
8368.500000000007
4596.000000000006
7661.750000000007
4138.000000000003
7586.000000000008
3606.000000000004
8978.25000000001
3169.000000000004
9107.00000000001
3078.0000000000027
8739.750000000007
3695.0000000000027
8592.75000000001
4343.000000000005
8481.50000000001
4529.000000000005
8587.25000000001
3729.000000000005
8393.250000000007
2932.000000000002
7833.500000000007
2598.0000000000027
7244.5000000000055
2669.0000000000023
6152.7500000000055
2524.0000000000027
5304.7500000000055
2136.000000000002
5439.000000000005
2348.000000000001
5849.5000000000055
2543.0000000000027
6024.250000000006
2869.000000000003
6759.7500000000055
3325.0000000000036
6819.750000000008
3533.0000000000036
6131.0000000000055
3746.0000000000036
5330.5000000000055
4147.000000000004
5318.5000000000055
4101.000000000004