28672.00000000001
28672.00000000001
28672.00000000001
28672.00000000001
28672.00000000001
28672.00000000001
28672.00000000001
28672.00000000001
28672.00000000001
28672.00000000001
28672.00000000001
28672.00000000001
28672.00000000001
28672.00000000001
28672.00000000001
28672.00000000001
28665.00000000002
28652.00000000003
28684.50000000002
28908.000000000015
28664.000000000025
27484.000000000033
27765.250000000022
23848.000000000015
26964.750000000022
23306.000000000025
26476.750000000022
23201.00000000001
25880.00000000003
23098.000000000025
25285.500000000022
23052.000000000022
24385.000000000022
22379.000000000025
23876.000000000022
22348.000000000022
23473.000000000022
22732.00000000002
23076.500000000022
22550.000000000025
22557.750000000025
22189.000000000022
22649.250000000025
22299.000000000022
22614.000000000022
21921.000000000025
22270.25000000002
21467.00000000002
21841.250000000025
21838.000000000022
21402.250000000022
22474.00000000002
20939.250000000022
22242.000000000025
20258.75000000002
22272.000000000025
19963.000000000022
21844.000000000022
19991.750000000022
21862.000000000022
20387.250000000022
22040.000000000022
19661.75000000002
21657.000000000022
18903.250000000022
21626.000000000022
18544.50000000002
21644.000000000022
18665.50000000002
22503.000000000025
19227.25000000002
22784.000000000022
18745.50000000002
22915.000000000025
17684.250000000022
23328.00000000003
16893.00000000002
23631.000000000022
17264.50000000002
23921.000000000025
17106.50000000002
24277.000000000022
17001.250000000015
24439.00000000003
16875.50000000002
25209.000000000025
16975.25000000002
25951.000000000022
16979.500000000015
27226.000000000025
18291.75000000002
27788.00000000003
17949.00000000002
27265.000000000025
17787.50000000002
26488.00000000003
17250.750000000015
25963.000000000025
16674.500000000015
25158.000000000015
16904.750000000015
24750.000000000025
16992.25000000002
24590.00000000001
16629.75000000002
24246.000000000015
16288.750000000015
23400.000000000025
15828.250000000013
23040.000000000025
15833.500000000016
22848.000000000022
16085.250000000015
23049.000000000022
15878.750000000013
23078.000000000025
15931.000000000016
22913.000000000025
16425.50000000002
22896.000000000022
16538.50000000002
23564.00000000002
16608.00000000002
24266.00000000002
17184.75000000002
23838.00000000002
17758.50000000002
24027.00000000003
18505.50000000002
25132.000000000015
19069.000000000022
25729.000000000025
19888.000000000015
25882.00000000002
20106.25000000002
25998.000000000022
20627.00000000002
26840.000000000025
21232.75000000002
27328.000000000025
21560.000000000025
27662.000000000025
21935.500000000022
27408.00000000002
23388.750000000022
28317.000000000025
24447.500000000022
28718.000000000022
25314.750000000025
28662.000000000025
26284.25000000003
28657.00000000001
26806.750000000022
28672.00000000001
27195.750000000022
28672.00000000001
27787.50000000003
28672.00000000001
28440.250000000022
28672.00000000001
28655.500000000022
28672.00000000001
28674.00000000002
28672.00000000001
28672.00000000001
28672.00000000001
28672.00000000001
28672.00000000001
28672.00000000001
28672.00000000001
28672.00000000001
28672.00000000001
28672.00000000001
28672.00000000001
28672.00000000001
28672.00000000001
28672.00000000001
28672.00000000001
28672.00000000001
28672.00000000001