12136.000000000013
9987.000000000011
12437.500000000013
9784.000000000011
12760.000000000015
9817.000000000007
13031.500000000016
10039.00000000001
12900.500000000013
10185.000000000011
12752.000000000011
9901.000000000007
12763.750000000016
9592.00000000001
12877.500000000011
9362.000000000013
13454.750000000015
9238.000000000007
13982.500000000015
9316.00000000001
13808.500000000013
9466.000000000007
13267.000000000013
9493.00000000001
13212.750000000013
9627.000000000007
13351.250000000016
10025.000000000013
12615.750000000013
10567.000000000011
12488.000000000013
11536.000000000011
12576.000000000015
13028.000000000011
12464.500000000013
14457.000000000016
12085.500000000011
15541.00000000002
11996.000000000013
16192.000000000018
12106.000000000011
16544.00000000002
12170.750000000015
16569.000000000022
12173.250000000013
16238.000000000016
12187.000000000011
15674.000000000018
12421.500000000011
14854.000000000016
12859.000000000015
13721.000000000015
13231.500000000015
12676.000000000016
13343.000000000013
12150.00000000001
13304.500000000013
12152.000000000015
13152.750000000013
12312.000000000011
12903.500000000015
12645.000000000015
12432.000000000011
13113.000000000016
11870.250000000011
13607.000000000011
11249.250000000011
13996.000000000016
10996.75000000001
14054.00000000001
10877.250000000013
13739.000000000013
10666.00000000001
13121.000000000015
10435.750000000011
12380.000000000015
10308.250000000011
11547.000000000013
10287.000000000011
10792.000000000007
10465.25000000001
10523.000000000011
10629.50000000001
11039.00000000001
10760.00000000001
11857.000000000015
11179.000000000011
13426.000000000015
11608.750000000015
14878.000000000015
11818.250000000013
14939.000000000015
11778.750000000013
13950.000000000016
11985.750000000015
12992.000000000007
12089.25000000001
12344.000000000011
12131.750000000013
11979.000000000015
12009.000000000011
11635.000000000007
11965.250000000015
11168.000000000013
11796.750000000013
10754.000000000007
11753.250000000015
10502.000000000011
11910.500000000015
10600.000000000011
11945.500000000013
10975.000000000011
12323.500000000013
11531.000000000013
12829.500000000013
12096.000000000013
13251.250000000015
12550.000000000007
13706.000000000016
12825.000000000013
13155.000000000013
12890.000000000011
12322.750000000011
12762.000000000016
12483.250000000011
12612.000000000007
12962.000000000013
12566.000000000007
13077.750000000013
12527.000000000015
13058.250000000016
12639.000000000015
13313.500000000013
12905.000000000016
13631.000000000011
13109.00000000001
13858.250000000015
13130.000000000013
13765.250000000015
13026.000000000015
13416.750000000016
13412.000000000016
13225.500000000013
14496.000000000015
13020.000000000013
16130.000000000016
12816.500000000013
17699.000000000015
12773.250000000011
18531.00000000001
12927.500000000015
18350.000000000022
13260.500000000011
17896.000000000015
13567.500000000015
17023.00000000001
14080.000000000015
16492.00000000002
14586.000000000015
16195.000000000016
14635.750000000016
15633.000000000016
14534.250000000013
15038.000000000015
14266.500000000016
14508.000000000013
13857.750000000013
13908.000000000013
13824.750000000016
13083.000000000016
13660.250000000015
12581.000000000007
13642.500000000015
12861.000000000011
13570.500000000015
13800.000000000013
12437.250000000011
14492.000000000013
12297.750000000013
14416.000000000016