12653.500000000011
9777.00000000001
12256.250000000011
8751.000000000007
11580.500000000011
8211.00000000001
10951.750000000011
8309.000000000007
10398.00000000001
8029.000000000008
10191.250000000011
7224.000000000009
9779.250000000011
7359.000000000007
9087.50000000001
7822.000000000009
8588.50000000001
7896.000000000006
8344.25000000001
7280.000000000008
8524.750000000007
6579.000000000008
9263.00000000001
7853.000000000009
10348.000000000011
9483.000000000011
10987.000000000011
9912.00000000001
10714.75000000001
8554.000000000011
10133.25000000001
6800.000000000008
9296.00000000001
6391.000000000007
8393.50000000001
7710.0000000000055
8083.500000000008
8862.000000000005
8408.25000000001
8962.000000000011
7791.500000000008
9096.00000000001
6446.250000000006
9973.00000000001
6410.250000000007
10474.000000000011
8315.000000000007
10196.000000000011
10355.750000000011
10154.00000000001
10038.50000000001
10570.00000000001
8819.75000000001
10751.000000000011
7861.000000000007
10065.000000000011
7903.000000000007
8710.000000000005
7931.000000000008
6964.0000000000055
8278.000000000007
5211.000000000005
8122.750000000009
4867.0000000000055
8612.00000000001
4762.000000000003
9069.250000000011
4920.000000000004
9607.25000000001
6194.0000000000055
9455.00000000001
6449.000000000006
9632.25000000001
7216.000000000007
10049.500000000011
9012.00000000001
9971.00000000001
10440.000000000011
10278.500000000011
10591.000000000011
10646.25000000001
9370.00000000001
10043.25000000001
8883.00000000001
9898.50000000001
10622.00000000001
9586.500000000007
11191.000000000013
9663.250000000011
10729.000000000011
10083.750000000011
12429.000000000013
9558.00000000001
14170.000000000016
9214.00000000001
13918.000000000015
9196.00000000001
12309.000000000013
8876.00000000001
10426.000000000007
9066.750000000011
9311.000000000005
9676.000000000011
9522.00000000001
9335.00000000001
9811.000000000011
9566.000000000007
9337.000000000007
9441.25000000001
8402.00000000001
9718.000000000011
6508.000000000007
9840.000000000011
6419.000000000008
9693.500000000007
8714.00000000001
9544.25000000001
8446.000000000007
9891.50000000001
8060.000000000008
9682.250000000011
9572.000000000011
8988.25000000001
9778.000000000011
7809.500000000007
9324.000000000011
6886.750000000007
9271.00000000001
6480.2500000000055
9733.000000000007
4715.000000000005
10016.000000000013
3980.7500000000036
9555.000000000005
3709.7500000000036
8919.000000000007
4108.2500000000055
8767.000000000011
4884.0000000000055
8790.00000000001
5431.0000000000055
10135.000000000011
5752.7500000000055
10542.000000000013
6393.250000000006
8580.000000000011
7228.250000000007
7819.000000000009
8346.000000000007
7559.000000000007
8237.00000000001
6576.000000000007
7226.750000000007
5459.0000000000055
6676.750000000007
5145.0000000000055
5932.2500000000055
4723.0000000000055
5929.7500000000055
4144.000000000005
5842.750000000006
4782.0000000000055
6225.250000000006
5495.000000000004
6481.250000000006
6362.0000000000055
7160.500000000007
6967.000000000006
8377.000000000007
8712.000000000007
9664.25000000001
13654.000000000015
9837.75000000001
17465.00000000001
9107.000000000011
16433.000000000015
8591.000000000007
12966.000000000005
8626.25000000001
10647.000000000013