21261.250000000022
27183.000000000025
19334.750000000022
26155.000000000025
18636.00000000002
22798.000000000025
23117.250000000022
21813.000000000022
26365.000000000025
28549.000000000036
27323.500000000033
31120.00000000003
28091.75000000003
31636.00000000003
28550.000000000033
31822.00000000003
28715.25000000003
31797.000000000033
28800.00000000003
31503.000000000036
29006.25000000003
31122.00000000003
29303.000000000033
31063.000000000033
29380.50000000003
30768.000000000033
29522.000000000033
30357.000000000033
28963.00000000003
30173.000000000033
27415.50000000003
30154.000000000033
26568.00000000003
29368.000000000025
25962.75000000003
23733.00000000002
25090.50000000003
20922.000000000022
23879.750000000025
20234.00000000002
22879.750000000025
19423.00000000002
21917.500000000025
18192.00000000002
20898.250000000022
17537.00000000002
19897.750000000022
17825.000000000022
19217.750000000022
17651.00000000002
18651.000000000015
16697.00000000002
17807.750000000022
16484.00000000002
17229.75000000002
16112.000000000015
16760.75000000002
15544.000000000016
15930.000000000016
15198.000000000015
15047.750000000018
15733.000000000018
14792.500000000015
15705.000000000016
14237.250000000015
15951.00000000002
13316.750000000013
15341.000000000015
12776.500000000016
16119.00000000002
12412.000000000013
16335.000000000016
12189.000000000011
16563.00000000001
11585.000000000013
16664.000000000015
11103.500000000013
16558.000000000015
11182.000000000011
16915.00000000001
11264.750000000011
17221.00000000001
10759.750000000013
18016.000000000022
10407.500000000011
18740.00000000002
10374.500000000013
19448.000000000022
10724.000000000011
20236.000000000022
11851.500000000013
21695.000000000022
12395.000000000013
23403.000000000025
12356.000000000011
24499.00000000002
11717.250000000013
24924.000000000033
10836.250000000013
24633.000000000025
10353.250000000013
24131.00000000002
9917.500000000011
23773.000000000015
9677.75000000001
23248.000000000025
9365.000000000007
22324.00000000003
9483.750000000011
21369.000000000022
9414.000000000011
20748.000000000022
9698.50000000001
20479.00000000002
10038.75000000001
20605.000000000022
10229.750000000011
21169.000000000022
10414.00000000001
21383.000000000022
10791.750000000011
21210.00000000002
11381.500000000013
21694.000000000025
11961.000000000011
22314.000000000022
12646.750000000013
22604.000000000022
13600.500000000015
23243.000000000025
14313.250000000015
24283.00000000002
14963.750000000018
24902.000000000025
16215.250000000015
25559.00000000003
17722.50000000002
26283.000000000022
18947.00000000002
27012.00000000002
20098.50000000002
27736.000000000033
21825.50000000002
28396.000000000022
23742.500000000025
28978.000000000033
24900.250000000022
29645.000000000036
25769.00000000003
30035.000000000033
26832.000000000025
30416.000000000033
28069.500000000025
30606.00000000002
28615.250000000033
30562.000000000033
28687.75000000003
30250.000000000033
28648.50000000003
29896.000000000022
28715.500000000033
30014.000000000033
28738.00000000003
30100.000000000025
28802.250000000025
30099.000000000036
28950.500000000022
30253.00000000003
29037.250000000025
30351.000000000036
29001.500000000033
30426.00000000003
28879.250000000036
30605.000000000033
28824.75000000003
30640.00000000003
28941.000000000036
30406.00000000003
28872.00000000003
30273.00000000003