7605.500000000007
9416.00000000001
6948.750000000008
10537.000000000011
6568.750000000006
11538.000000000011
7590.500000000007
11014.00000000001
9044.50000000001
10924.000000000013
10169.750000000011
12091.000000000013
10947.750000000011
14681.000000000018
10854.750000000011
15159.000000000016
10959.750000000011
15481.00000000002
11239.500000000011
14823.000000000016
10690.250000000011
12883.000000000015
9755.25000000001
9288.000000000011
9319.000000000011
9041.000000000011
8797.500000000011
8994.000000000007
7991.250000000006
8234.000000000004
7673.500000000009
8434.00000000001
7661.250000000007
9446.000000000013
7746.250000000007
11553.000000000011
7716.500000000007
10641.000000000013
7177.000000000008
9524.000000000013
7533.250000000009
9854.000000000011
9866.250000000011
8153.000000000009
10817.750000000013
6825.000000000008
9835.25000000001
7486.000000000008
9400.00000000001
8125.000000000006
8724.50000000001
7913.000000000009
7177.000000000008
7911.000000000009
7106.000000000006
5941.000000000006
7586.000000000008
6055.000000000006
7218.750000000007
7072.000000000009
7999.000000000008
5724.000000000006
9368.000000000011
5368.0000000000055
9500.750000000007
6699.000000000005
8736.750000000011
8192.000000000005
9147.750000000011
8090.000000000008
10857.750000000011
7306.000000000008
11338.750000000011
8830.00000000001
11058.500000000013
8643.000000000007
12344.250000000015
9622.00000000001
13110.500000000011
12085.000000000011
12780.500000000013
12331.00000000001
13496.750000000015
11634.000000000007
12877.000000000011
11849.000000000007
10574.00000000001
11184.00000000001
9875.00000000001
9920.000000000013
10677.50000000001
9460.000000000004
12141.750000000011
11761.000000000013
11905.750000000011
11683.000000000013
13335.000000000013
11581.000000000011
14358.500000000016
16025.000000000016
13687.000000000015
16266.000000000018
13676.250000000013
12030.000000000015
14249.750000000018
10237.00000000001
14265.250000000015
13151.000000000011
12681.00000000001
13781.000000000015
12998.000000000015
15073.000000000018
13891.000000000013
13852.000000000015
14580.000000000015
14806.000000000013
14911.500000000015
15019.000000000016
13715.250000000015
12791.000000000013
13741.750000000015
11971.000000000007
13629.000000000013
12017.000000000007
13243.500000000016
9614.00000000001
13645.750000000015
10523.000000000013
13680.500000000013
11872.000000000011
13396.000000000015
9843.00000000001
12439.000000000013
10276.000000000011
12328.000000000011
7890.000000000008
12733.250000000015
6793.000000000008
11468.75000000001
6011.000000000003
11118.500000000011
6599.000000000007
14040.750000000013
10148.00000000001
13413.500000000015
9891.000000000013
11308.750000000013
10680.00000000001
12161.500000000013
10364.00000000001
12441.000000000011
11010.000000000011
10787.50000000001
9961.00000000001
10929.750000000013
11035.000000000013
11215.250000000011
13299.000000000013
10223.750000000011
13129.000000000007
10385.75000000001
12919.000000000016
10108.500000000011
13554.000000000013
11486.750000000011
15467.000000000016
12511.750000000015
15109.000000000007
12599.250000000013
12824.000000000016
12747.250000000013
9673.00000000001
12011.25000000001
12070.000000000011
11536.000000000011
11745.000000000013
10744.000000000011
8140.000000000009
10786.250000000011
8596.000000000005