12925.750000000013
8856.00000000001
12620.250000000015
8580.000000000005
12430.000000000011
8047.000000000009
12530.500000000015
11775.000000000013
12958.250000000015
11530.000000000011
13487.000000000015
10383.000000000011
13791.250000000015
10405.000000000013
13856.750000000016
9917.000000000013
13823.000000000015
9888.00000000001
13754.750000000011
10503.000000000011
13411.250000000016
10802.000000000013
12783.500000000013
11015.00000000001
12476.000000000013
11558.000000000011
12357.500000000013
12164.00000000001
12403.000000000015
13729.000000000011
12619.500000000013
14965.000000000015
12684.000000000013
15158.000000000015
12134.000000000013
14310.000000000016
11203.500000000013
13605.000000000015
10965.500000000011
13100.000000000013
11347.250000000013
12352.000000000007
11846.500000000011
12262.000000000013
12136.75000000001
12420.000000000011
12669.250000000013
12559.000000000015
13478.500000000016
12206.000000000011
14868.750000000013
11983.00000000001
15257.750000000018
11998.00000000001
14919.250000000015
12354.000000000013
15030.000000000018
12300.00000000001
14514.250000000015
11781.000000000015
14109.250000000016
11517.000000000013
14159.250000000015
11832.000000000007
13919.000000000013
11409.000000000013
13798.000000000016
10949.000000000011
13725.000000000016
11294.000000000013
14351.250000000016
10949.000000000011
14608.000000000013
11925.000000000007
14369.250000000015
13066.000000000015
14580.250000000016
14090.000000000013
14672.500000000013
15000.000000000015
14789.500000000016
15852.000000000018
14830.000000000015
16826.00000000001
15378.750000000016
17530.000000000015
15054.500000000016
16714.00000000002
14883.000000000016
16919.000000000022
14740.000000000015
17552.00000000002
14470.750000000011
17757.000000000022
14573.000000000015
17493.00000000002
14765.250000000011
17485.000000000015
14914.500000000013
17381.000000000015
14766.500000000013
17210.000000000015
14858.250000000016
17008.00000000001
15038.750000000013
17058.000000000015
15161.250000000015
17189.00000000001
15168.000000000016
17062.00000000002
15171.500000000018
17162.000000000022
15081.500000000015
17130.00000000001
15122.750000000018
17291.000000000022
15307.000000000016
17309.00000000002
15571.500000000018
16940.00000000002
15874.500000000015
17878.00000000002
16025.000000000018
18571.00000000002
15789.750000000016
17901.00000000002
15520.000000000018
17870.000000000007
15324.250000000016
18940.00000000002
15274.500000000015
18904.000000000015
14843.250000000016
18924.00000000002
14757.000000000016
20275.000000000022
15432.000000000015
22057.000000000022
16066.250000000015
22774.000000000022
16325.250000000015
21661.000000000022
16536.25000000002
20422.000000000025
16760.00000000002
21110.000000000022
17028.50000000002
21199.000000000022
17171.25000000002
21081.000000000015
17351.25000000002
21651.00000000002
18328.750000000022
22168.000000000022
19208.000000000022
21544.00000000002
19951.250000000022
21128.000000000022
19998.250000000022
21963.000000000022
20100.25000000002
22276.00000000002
20731.500000000022
22784.000000000025
21353.250000000022
23446.00000000002
21670.00000000003
23789.000000000022
21833.750000000022
24601.000000000025
22342.500000000025
25585.000000000022
22476.000000000022
25721.00000000003
22250.500000000022
25526.000000000033
22084.250000000022
25201.000000000025
22346.250000000025
25491.000000000022