7921.500000000009
5479.0000000000055
8428.25000000001
5464.0000000000055
8936.00000000001
5430.0000000000055
9409.50000000001
5317.000000000005
9779.250000000011
5173.000000000005
9906.250000000011
5065.000000000005
9563.75000000001
5043.0000000000055
8994.25000000001
5300.0000000000055
8596.750000000007
5595.0000000000055
8455.75000000001
5727.000000000005
8080.000000000008
5931.000000000006
7173.250000000007
5865.000000000006
6515.7500000000055
5559.0000000000055
6499.750000000006
5489.000000000005
6823.000000000006
5296.0000000000055
7544.000000000007
5228.000000000006
7945.750000000008
5555.000000000006
7803.500000000007
5851.0000000000055
7379.000000000009
5670.0000000000055
7486.000000000008
5352.000000000005
7430.500000000007
5233.000000000006
7363.250000000007
5475.0000000000055
7264.750000000008
5496.0000000000055
7148.000000000007
4870.0000000000055
7166.000000000006
4370.000000000003
7168.500000000008
4320.000000000003
6804.7500000000055
4196.000000000004
6605.500000000007
3745.0000000000036
6395.250000000007
3782.0000000000036
6615.750000000007
3905.000000000004
7004.750000000007
4234.000000000004
7385.750000000008
4353.000000000002
7113.500000000006
4341.000000000004
7142.000000000007
4337.000000000004
7244.500000000007
4250.000000000004
7219.000000000008
4131.000000000004
7157.250000000007
3900.000000000004
7202.250000000008
3679.000000000004
7177.500000000007
3699.0000000000027
7116.500000000006
3915.0000000000036
7475.750000000007
4231.000000000004
7567.750000000008
4478.000000000004
7085.250000000006
4649.000000000005
7025.500000000006
4723.000000000005
6881.750000000006
4515.000000000003
7041.750000000007
4347.000000000003
7197.750000000007
4424.0000000000055
7089.750000000007
4688.0000000000055
6674.250000000006
5012.000000000006
6524.000000000006
5324.000000000006
6145.000000000006
5596.000000000007
6047.750000000005
5508.000000000005
6289.2500000000055
5610.000000000006
6470.000000000007
5852.0000000000055
6727.750000000006
6018.000000000003
6640.000000000006
6246.000000000006
6460.2500000000055
5944.000000000007
6743.000000000007
5508.000000000005
6821.000000000006
5218.000000000005
6795.250000000006
5106.0000000000055
6923.500000000008
5118.000000000004
7010.750000000006
5283.000000000005
6927.000000000006
5571.000000000006
7089.500000000008
5568.0000000000055
7224.500000000007
5357.000000000006
7485.750000000006
4799.000000000005
7624.750000000009
4317.000000000003
6398.000000000006
4160.000000000005
6067.2500000000055
4097.000000000004
5082.750000000005
4430.000000000005
4039.5000000000045
4909.0000000000055
3941.500000000004
5439.0000000000055
3886.5000000000045
5657.000000000006
3733.7500000000036
5912.000000000003
3764.500000000003
6753.000000000005
3843.5000000000036
7731.000000000007
3993.0000000000045
8176.000000000009
4081.500000000004
8387.00000000001
4201.500000000005
9376.00000000001
4328.2500000000055
10818.00000000001
4547.0000000000055
11668.000000000013
4481.500000000005
12138.000000000016
4028.250000000003
12415.000000000013
3851.750000000004
12208.000000000015
3787.500000000003
11980.00000000001
3913.5000000000036
12040.000000000015
3501.7500000000036
11559.000000000011
3185.0000000000036
10374.000000000011
3126.7500000000027
9032.000000000007
3285.500000000003
8196.00000000001