15588.000000000015
7466.000000000008
16392.750000000015
7885.00000000001
16457.50000000002
7882.000000000006
16672.750000000015
8010.000000000007
16963.00000000002
8484.000000000007
16589.500000000015
8402.000000000011
15758.250000000015
8557.000000000005
14272.750000000015
10551.000000000011
13341.500000000015
11104.000000000011
12739.500000000011
11307.000000000013
13490.00000000001
12283.000000000011
13497.250000000013
12542.000000000011
11749.750000000013
12116.000000000013
10930.750000000011
11548.000000000015
10635.250000000011
10838.00000000001
10702.75000000001
11143.000000000013
11011.250000000013
11495.000000000011
11064.500000000011
12258.000000000013
10843.000000000011
12250.000000000005
11018.750000000013
11803.000000000007
11461.00000000001
11834.000000000007
11553.000000000013
11109.000000000013
11460.500000000013
10516.000000000013
11454.75000000001
10395.000000000011
11057.75000000001
11960.000000000015
11318.750000000011
11490.000000000013
11675.000000000015
10845.000000000011
11568.500000000013
10267.000000000011
11272.250000000011
10461.000000000011
11024.750000000011
10609.000000000013
11622.000000000011
10731.000000000013
11318.50000000001
11909.000000000016
10310.50000000001
10250.000000000011
10336.750000000011
8906.00000000001
11102.500000000011
8706.00000000001
10866.750000000011
8429.000000000011
11254.250000000011
8269.00000000001
11315.250000000011
8558.000000000005
10883.000000000013
8968.000000000011
10280.75000000001
9694.000000000011
9815.75000000001
10048.000000000011
9479.750000000007
10118.000000000013
9403.000000000011
10163.00000000001
9376.00000000001
10028.000000000011
9312.000000000011
10024.00000000001
9155.00000000001
9951.000000000013
8921.750000000007
10597.00000000001
8868.75000000001
10887.000000000015
8817.000000000007
10593.000000000011
8887.25000000001
10309.000000000011
8877.00000000001
10826.000000000011
9086.50000000001
11763.000000000011
10494.750000000011
12472.000000000013
11782.250000000011
11978.000000000011
11550.250000000013
10851.000000000013
10531.750000000011
10562.000000000011
11062.000000000011
10395.000000000011
11103.250000000011
9795.00000000001
9221.00000000001
8984.000000000005
8486.50000000001
8462.000000000004
9475.75000000001
8159.000000000007
10569.500000000011
7700.000000000008
9813.250000000011
7165.000000000006
9613.750000000011
6834.0000000000055
9281.500000000007
6647.000000000006
8088.500000000009
6393.000000000007
6325.000000000006
6249.000000000006
6020.500000000006
6172.0000000000055
6315.5000000000055
6112.000000000005
6506.250000000006
6187.0000000000055
6690.750000000006
6272.000000000005
6981.000000000009
6322.000000000006
7291.750000000006
6314.000000000006
7545.250000000008
6449.000000000006
7751.250000000007
6530.000000000007
7904.500000000009
6649.000000000006
7930.250000000009
6847.000000000006
7928.750000000007
7015.000000000006
7865.500000000007
7088.000000000005
7683.750000000007
7265.000000000008
7438.250000000008
7383.000000000007
7141.250000000008
7429.000000000008
6869.750000000006
7523.000000000007
6669.000000000005
7569.000000000008
6594.500000000006
7508.000000000008
6500.2500000000055
7398.0000000000055
6377.250000000006
7268.0000000000055
6277.2500000000055
7080.000000000005
6152.500000000006
6782.000000000007
6061.250000000007
6502.000000000007