10602.50000000001
4509.000000000004
10519.00000000001
4213.000000000005
10590.000000000011
4924.000000000004
10431.25000000001
5447.000000000005
10539.500000000011
5813.000000000003
10290.750000000011
5864.000000000004
10317.25000000001
6962.0000000000055
10022.50000000001
7455.000000000006
9578.750000000011
7564.000000000008
8850.75000000001
8110.000000000009
8996.75000000001
8718.000000000011
8916.750000000007
8361.000000000007
8880.75000000001
8941.000000000007
9000.25000000001
9963.000000000013
9007.75000000001
10478.000000000011
9141.00000000001
11208.000000000011
8900.25000000001
11112.000000000007
8235.25000000001
11564.00000000001
7921.750000000007
11530.000000000011
7632.000000000008
11493.000000000011
7175.000000000007
11905.00000000001
6456.500000000006
12640.000000000007
5396.2500000000055
13545.000000000016
5002.5000000000055
14172.000000000016
4499.750000000004
13797.000000000013
5071.250000000005
13934.000000000015
5655.000000000006
13894.000000000015
5514.750000000006
13402.000000000016
5391.7500000000055
13087.000000000016
5325.250000000006
13516.000000000011
5464.0000000000055
13281.000000000007
5468.5000000000055
13311.000000000007
5497.7500000000055
13296.000000000007
5467.750000000005
12756.000000000015
5504.2500000000055
12523.000000000005
7536.000000000007
12447.000000000016
9946.750000000011
11720.000000000013
10414.250000000011
11177.000000000011
9690.250000000011
10968.000000000013
9445.250000000011
10947.000000000011
9552.250000000011
11015.000000000011
8945.50000000001
11039.00000000001
8067.750000000009
11165.000000000011
7021.000000000008
11375.000000000011
6884.750000000006
10468.000000000011
7122.750000000006
8534.000000000005
6954.250000000006
7834.000000000009
6671.750000000006
7886.000000000007
6679.5000000000055
7489.0000000000055
6461.750000000008
6688.000000000007
6232.0000000000055
6190.0000000000055
6757.500000000007
6804.0000000000055
7250.250000000007
7090.000000000008
7282.250000000006
8800.000000000005
7646.250000000007
10247.00000000001
7729.500000000008
10556.000000000007
7582.250000000006
9532.000000000005
7836.000000000008
7424.000000000007
7731.750000000007
6495.000000000007
7845.500000000008
6438.0000000000055
7850.000000000007
6307.000000000003
7821.500000000008
4858.0000000000055
8096.500000000008
5218.000000000005
8319.00000000001
5272.000000000005
7919.500000000009
4281.000000000005
7123.250000000007
2452.0000000000027
6722.500000000006
1827.0000000000018
6709.250000000006
1909.0000000000011
6788.750000000006
1941.0000000000018
7227.750000000006
1801.000000000002
7971.250000000008
1630.0000000000016
9130.00000000001
1666.0000000000016
9435.250000000011
2351.0000000000027
9343.500000000007
3120.0000000000027
9587.500000000011
3683.0000000000027
9565.25000000001
4055.000000000004
9409.00000000001
5044.000000000003
9574.00000000001
7193.000000000008
9296.75000000001
8015.000000000008
9808.75000000001
7924.00000000001
10087.250000000007
7744.000000000009
10317.75000000001
7667.000000000009
10394.250000000011
7884.000000000008
10048.00000000001
8587.000000000005
9841.00000000001
8630.000000000011
9337.00000000001
8328.00000000001
9312.000000000011
8379.00000000001
9311.75000000001
8800.00000000001
9348.250000000007
9780.000000000013
9637.750000000011
10701.000000000011