9909.00000000001
13758.000000000015
9734.75000000001
13663.000000000013
9512.00000000001
13288.000000000011
9294.250000000011
12688.000000000007
9109.00000000001
11798.00000000001
9005.250000000007
10701.000000000011
8938.25000000001
9719.000000000004
8893.000000000007
8907.000000000005
8980.750000000011
8917.00000000001
9213.50000000001
9277.000000000013
9828.500000000011
9801.000000000011
10252.250000000011
10252.000000000011
10570.50000000001
10627.000000000011
10682.000000000011
10862.000000000013
10920.25000000001
11211.000000000007
11511.250000000013
11689.000000000011
11725.500000000015
12194.00000000001
11870.750000000013
12930.000000000007
12019.500000000013
13495.000000000007
11884.750000000013
14056.000000000015
11998.750000000011
14544.000000000016
12317.750000000011
14871.000000000016
12588.500000000013
15168.000000000018
12771.750000000013
15293.000000000016
12548.000000000011
14987.000000000016
12688.250000000015
14586.000000000015
13049.250000000013
14272.000000000013
12792.750000000016
14076.000000000016
12455.500000000011
13951.000000000007
12615.75000000001
13552.000000000015
13033.500000000011
13138.000000000015
13620.500000000013
13186.00000000001
13752.500000000016
12891.000000000011
13102.000000000011
12734.000000000013
12942.000000000015
11838.000000000015
12842.500000000013
11766.000000000015
12904.000000000015
11889.00000000001
12894.000000000013
11673.000000000011
12345.750000000015
11224.000000000015
11772.25000000001
10715.000000000011
11349.50000000001
8964.000000000007
11609.750000000015
8591.000000000007
11355.000000000013
8635.00000000001
11334.75000000001
9162.000000000007
11037.750000000011
8826.000000000007
10570.000000000011
9289.000000000005
10305.50000000001
9789.000000000011
10222.750000000011
9055.000000000007
10560.250000000011
8869.000000000005
10471.250000000011
9134.00000000001
10308.25000000001
11163.000000000011
10279.75000000001
10586.000000000011
10634.250000000011
9795.00000000001
10911.000000000011
9422.000000000011
10681.50000000001
9223.000000000007
10763.75000000001
10021.00000000001
10883.750000000013
9606.000000000011
10930.00000000001
9533.000000000011
10835.000000000011
9618.000000000011
10951.25000000001
9938.000000000011
10937.500000000013
10476.000000000011
10966.000000000011
9770.000000000011
10994.500000000011
10083.000000000011
10752.25000000001
11107.000000000011
10824.750000000011
11215.00000000001
10977.750000000011
10975.000000000011
11313.500000000011
10687.000000000013
11058.000000000013
10615.000000000011
11235.750000000011
10935.000000000011
11344.50000000001
10883.000000000013
11337.500000000013
10777.000000000007
11255.000000000011
10766.000000000011
11278.000000000011
10799.000000000011
11518.750000000013
10841.00000000001
11736.750000000011
11517.000000000013
12142.250000000011
11467.000000000011
12462.750000000013
11865.000000000013
12165.000000000013
12105.00000000001
11630.000000000013
12496.000000000011
11256.500000000013
12992.000000000007
12001.500000000011
12305.000000000007
11571.500000000011
12577.00000000001
10229.50000000001
13700.000000000015
9229.000000000007
12018.000000000013
9615.500000000011
11462.000000000011
10709.750000000011
10658.00000000001
11335.500000000013
10133.00000000001
11340.250000000011
10553.000000000005
11567.750000000011
10976.000000000013
11510.500000000011
10791.000000000011