8402.50000000001
9019.00000000001
8514.000000000007
9488.000000000011
8681.25000000001
9531.00000000001
8222.500000000007
8290.000000000005
8105.00000000001
7082.000000000008
8386.000000000007
6057.0000000000055
8490.500000000007
5416.000000000006
8957.50000000001
6775.000000000005
9708.75000000001
8751.000000000007
10336.500000000011
8751.000000000007
10739.250000000011
7541.000000000008
10659.000000000011
6687.000000000006
10144.750000000011
7063.000000000007
9403.500000000007
7498.000000000009
8398.00000000001
7595.00000000001
7749.500000000009
7889.000000000008
8002.000000000009
7988.000000000008
8364.250000000007
7565.000000000007
9120.750000000007
6743.0000000000055
9993.000000000011
5896.000000000007
10100.000000000011
5757.0000000000055
9601.250000000011
5681.0000000000055
9300.50000000001
5327.0000000000055
9690.00000000001
5436.0000000000055
10372.25000000001
5868.000000000006
10425.500000000011
6193.000000000007
10044.00000000001
7009.0000000000055
9522.50000000001
7767.000000000008
9287.50000000001
8042.000000000008
9201.250000000011
8468.000000000007
8850.25000000001
10110.00000000001
8838.00000000001
12393.00000000001
9354.250000000011
12567.000000000013
9957.25000000001
11879.000000000007
10097.25000000001
11815.00000000001
10041.750000000011
11086.000000000013
10887.750000000013
10313.000000000013
11042.750000000011
10101.00000000001
10527.00000000001
9982.000000000011
10761.00000000001
9422.000000000011
10523.500000000011
8698.000000000007
10029.750000000013
8482.00000000001
10212.250000000011
8949.000000000007
9940.250000000011
9769.000000000011
10310.750000000011
10334.000000000011
10393.00000000001
9331.000000000011
9466.000000000011
7111.000000000007
9571.25000000001
5456.000000000005
9226.50000000001
6094.000000000007
8280.50000000001
7727.000000000009
7803.000000000007
9152.000000000005
7920.750000000009
9321.000000000011
7798.250000000007
8546.000000000007
7448.000000000008
8588.000000000005
7590.000000000006
9987.000000000011
8016.000000000009
10590.00000000001
8394.50000000001
10028.000000000011
8265.750000000007
9165.00000000001
8393.000000000007
8132.000000000009
7237.750000000008
7109.000000000008
7128.750000000007
7059.000000000008
7199.750000000008
7680.000000000008
7345.250000000006
8103.000000000008
7717.750000000008
8327.00000000001
7992.750000000008
9020.00000000001
7164.750000000007
9329.000000000007
6980.500000000007
8642.000000000011
7554.000000000008
8427.00000000001
7507.250000000008
9751.00000000001
7426.750000000007
10595.000000000011
7299.250000000008
9747.000000000011
6523.000000000007
8162.000000000007
6446.500000000007
8592.00000000001
6787.500000000008
10238.000000000013
6922.750000000007
10844.000000000011
7435.000000000007
10031.000000000011
7307.250000000006
8875.00000000001
6499.250000000006
8235.00000000001
7232.250000000009
7475.000000000007
7478.750000000008
6998.000000000008
6796.500000000007
7359.000000000008
6052.750000000007
7960.000000000008
5786.2500000000055
7640.000000000007
6374.750000000007
7539.000000000009
6846.000000000009
7534.00000000001
6327.7500000000055
7318.000000000009
5202.0000000000055
7343.000000000008
5057.2500000000055
7048.000000000007
5985.000000000006
6648.000000000008
6897.000000000007
6637.000000000007