12434.000000000011
10788.000000000013
12393.250000000015
10988.000000000011
12058.750000000013
10976.000000000011
12221.500000000013
11059.000000000013
12828.750000000013
10818.00000000001
13283.000000000011
10304.000000000011
13699.250000000015
10035.000000000005
13617.500000000013
9913.000000000011
13410.250000000015
9751.00000000001
13062.500000000013
10001.000000000011
12601.500000000013
10664.00000000001
12623.250000000013
11041.000000000013
12623.000000000011
11051.000000000007
12750.250000000013
10976.000000000011
14070.000000000015
11136.000000000011
15423.250000000015
11587.00000000001
15864.250000000016
12126.000000000013
16359.250000000018
12564.000000000007
16740.75000000002
13372.000000000007
17171.500000000015
14419.00000000001
17424.00000000002
15014.000000000015
17529.50000000002
15247.000000000016
16008.000000000013
15150.000000000015
13054.250000000013
14516.000000000013
11628.500000000011
13473.000000000015
10895.500000000011
12382.000000000007
10414.750000000011
11133.000000000011
10062.750000000011
9774.00000000001
10197.00000000001
9311.000000000005
10001.750000000011
9901.000000000007
10318.250000000011
10540.000000000011
10387.500000000011
10734.00000000001
10558.000000000011
10520.000000000011
10528.75000000001
9826.00000000001
9813.25000000001
8933.000000000007
9330.50000000001
8218.000000000007
9690.75000000001
7660.000000000007
9741.000000000007
7329.0000000000055
9898.750000000011
7329.0000000000055
10427.250000000011
7668.000000000008
10513.750000000011
8093.000000000009
10197.25000000001
8294.000000000007
10207.50000000001
8472.000000000005
10276.500000000011
8514.000000000007
10442.000000000013
8358.000000000005
10824.00000000001
8061.000000000008
10854.250000000011
7929.000000000008
10494.000000000011
8076.00000000001
10327.000000000011
8323.000000000007
10014.25000000001
8433.000000000004
10193.50000000001
8479.00000000001
10396.500000000011
8732.000000000005
10608.00000000001
9253.000000000007
10507.250000000011
9880.000000000011
9949.00000000001
10281.000000000013
9366.000000000011
10536.00000000001
9294.00000000001
10677.000000000011
9871.00000000001
10585.000000000011
10388.000000000011
10396.000000000007
10769.000000000011
10321.00000000001
10855.500000000011
10289.000000000007
10660.000000000011
10450.000000000013
10956.000000000011
10712.000000000013
12304.750000000013
10861.000000000013
13163.000000000015
10721.000000000011
12391.500000000011
10228.000000000007
11821.250000000011
9493.00000000001
11769.50000000001
8842.000000000007
11909.250000000013
8415.000000000007
11873.000000000013
8281.00000000001
11892.000000000013
8525.00000000001
11749.750000000013
9513.000000000007
10974.750000000013
10664.000000000013
9773.750000000011
12384.000000000013
8910.50000000001
13692.000000000007
8443.75000000001
13483.000000000016
8092.500000000007
13004.000000000015
8006.000000000007
12754.000000000011
8036.250000000009
12671.000000000016
8099.250000000006
12740.000000000011
8173.250000000009
12905.000000000015
8391.75000000001
13532.000000000011
8751.00000000001
14724.00000000001
9120.75000000001
15331.000000000015
9378.75000000001
15689.000000000018
9547.50000000001
15845.000000000016
9709.250000000011
15250.000000000016
9788.250000000007
14106.000000000013
9796.500000000013
12650.000000000013
9744.250000000013
11156.000000000007