9068.25000000001
5248.0000000000055
9610.000000000011
6948.0000000000055
9920.25000000001
7427.000000000009
10141.500000000011
7849.000000000009
9956.00000000001
8567.000000000007
9839.25000000001
8486.00000000001
9727.250000000011
9351.000000000011
9647.500000000011
8577.00000000001
10205.25000000001
7797.000000000007
10500.25000000001
7343.000000000008
10675.750000000011
7429.000000000007
11104.500000000013
7781.000000000007
10885.500000000011
9000.000000000011
10045.25000000001
8932.000000000011
9457.25000000001
8597.000000000011
9300.25000000001
8229.000000000005
9057.25000000001
7298.000000000008
9103.75000000001
8657.000000000005
8814.25000000001
9129.000000000005
8562.250000000007
9034.00000000001
8680.25000000001
9060.000000000005
8434.750000000007
9713.00000000001
8802.75000000001
10453.000000000013
9299.000000000007
9349.000000000011
9484.75000000001
7898.000000000006
9253.50000000001
6521.000000000008
9339.000000000011
7052.000000000008
7950.750000000008
7768.000000000009
7554.250000000007
7596.000000000007
7521.250000000006
7324.000000000009
7762.750000000007
7339.000000000005
8044.750000000009
6641.000000000004
9290.50000000001
8653.000000000004
9116.50000000001
7923.0000000000055
8076.250000000008
4822.000000000005
7722.500000000006
5288.0000000000055
8206.500000000007
5916.000000000004
8583.25000000001
5865.000000000006
7833.250000000008
4268.0000000000055
7517.000000000006
3850.0000000000045
7330.500000000007
3505.000000000004
7238.500000000006
3868.0000000000036
6644.000000000007
5500.000000000006
6205.000000000006
3797.000000000004
6509.250000000007
2881.000000000003
6443.250000000006
4529.000000000005
6617.500000000006
5968.000000000005
7639.250000000006
6455.000000000005
8305.00000000001
6495.000000000007
8239.250000000007
6472.000000000007
8186.000000000009
5919.000000000007
7964.500000000007
6380.000000000006
7703.750000000008
7390.0000000000055
7851.500000000008
8143.00000000001
7911.250000000008
9253.000000000007
8010.750000000008
9976.000000000011
7982.250000000007
10011.00000000001
8067.250000000007
9659.00000000001
8440.750000000007
9034.00000000001
8702.75000000001
8671.000000000005
8321.250000000007
8920.00000000001
7685.750000000009
9028.00000000001
6860.750000000007
9309.00000000001
6670.750000000008
9858.00000000001
7069.750000000007
10535.000000000013
7608.750000000007
11662.00000000001
7822.750000000007
12574.000000000015
8832.000000000007
13708.000000000016
9490.50000000001
14383.000000000015
7793.500000000008
14304.000000000013
8131.500000000009
12441.000000000015
9183.000000000011
12702.000000000016
10207.00000000001
13706.000000000016
10631.500000000013
14214.000000000015
10454.75000000001
14041.000000000016
10224.75000000001
15050.000000000013
10461.500000000011
14516.000000000016
10040.750000000011
14176.000000000018
8871.00000000001
14188.000000000015
10080.500000000011
14541.00000000001
11573.75000000001
14802.000000000015
13556.500000000015
14412.000000000016
11340.750000000013
13885.000000000018
8063.750000000007
13371.000000000016
6135.500000000006
13263.000000000015
5660.0000000000055
13349.000000000011
6803.000000000007
13518.000000000016
7181.250000000007
14220.000000000015
7405.000000000008
14469.000000000007
6949.250000000006
14043.000000000016