17201.000000000022
13769.000000000016
17004.500000000015
13681.000000000015
16839.250000000015
13539.000000000016
16763.25000000002
13465.000000000013
16867.500000000015
13531.000000000011
16872.750000000015
13526.000000000013
16827.000000000015
13560.000000000015
16785.75000000002
13622.000000000011
16761.75000000002
13575.000000000016
16965.25000000002
13577.000000000011
17089.00000000002
13589.000000000015
16920.50000000002
13463.000000000016
16907.25000000002
13367.000000000018
16824.50000000002
13362.000000000015
16602.000000000015
13301.000000000015
16501.50000000002
13131.000000000013
16564.25000000002
12854.000000000007
16531.500000000015
12609.000000000013
16706.250000000015
12635.000000000013
17281.50000000002
13339.000000000015
18005.00000000002
14858.000000000015
18768.00000000002
17147.000000000022
19443.000000000022
19248.00000000001
20003.000000000022
20196.000000000022
20439.000000000022
20334.000000000015
20407.250000000022
19891.000000000022
20221.500000000022
19514.000000000022
20315.75000000002
19205.000000000022
21062.500000000022
18489.000000000022
20663.750000000025
17493.00000000001
19572.750000000015
16729.00000000002
18682.00000000002
16127.000000000018
17696.75000000002
15509.000000000016
17571.00000000002
14745.000000000013
17988.250000000022
13866.000000000011
17978.000000000022
12963.000000000013
17294.25000000002
12843.000000000015
16680.50000000002
15313.000000000016
16170.000000000015
15076.000000000015
15733.750000000016
14280.000000000016
15480.750000000013
13203.000000000015
15275.500000000015
12724.000000000011
14895.500000000016
12729.00000000001
14851.500000000015
13562.000000000011
15052.250000000013
13475.00000000001
14426.250000000016
12794.000000000013
13994.750000000013
12247.000000000013
13353.000000000015
11719.000000000011
12000.250000000013
11367.000000000013
11871.250000000013
11325.000000000011
12143.750000000013
10653.000000000007
12112.500000000013
9786.000000000007
11078.75000000001
9170.000000000007
10774.750000000013
8628.000000000007
9260.50000000001
8260.000000000005
9016.50000000001
8029.000000000008
9083.75000000001
7929.000000000009
9281.000000000011
7980.000000000008
9604.00000000001
8290.000000000005
9983.25000000001
8507.000000000007
10282.50000000001
8705.000000000007
10593.000000000011
9026.000000000011
11063.750000000013
8956.000000000007
11778.75000000001
8497.000000000011
12508.750000000015
8114.000000000008
13136.500000000016
8034.000000000009
13711.750000000015
7913.000000000008
14228.250000000013
7804.000000000009
14650.250000000018
7628.000000000007
15018.250000000018
7541.000000000008
15318.500000000015
7507.000000000007
15558.250000000016
7669.000000000009
15665.000000000016
7778.000000000007
15791.750000000018
7980.000000000009
16006.000000000016
8115.00000000001
16235.250000000018
7995.000000000009
16491.000000000015
7769.000000000007
16720.750000000015
9216.000000000007
16896.50000000002
11984.000000000013
17101.25000000002
13089.000000000011
17279.000000000015
13659.000000000015
17439.50000000002
14252.000000000018
17587.50000000002
13540.000000000016
17633.25000000002
12686.000000000016
17505.25000000002
11772.000000000007
17241.000000000015
11393.00000000001
17224.00000000002
11827.000000000015
17533.25000000002
14416.000000000015
16543.750000000015
13009.000000000013
14847.250000000015
11541.000000000013