11426.000000000011
15150.000000000018
11546.500000000013
15346.000000000016
11978.250000000015
15535.000000000018
12932.000000000011
15712.000000000015
13344.000000000016
15850.000000000018
13867.250000000015
16008.000000000018
15943.250000000016
16150.000000000016
15983.500000000016
16234.000000000016
14225.750000000016
16329.000000000018
12805.750000000011
16381.000000000016
12383.000000000013
16644.00000000001
12783.500000000013
17289.000000000015
13086.000000000015
17395.000000000015
12641.000000000013
17473.00000000002
12011.250000000011
17396.000000000015
11322.000000000011
17113.00000000001
10926.250000000011
16551.00000000001
10680.250000000011
16198.000000000016
10866.250000000011
15967.00000000002
11112.500000000013
16051.000000000018
11094.500000000011
16040.000000000016
11170.50000000001
16106.000000000015
10943.500000000011
16133.000000000016
10801.250000000011
16205.000000000016
10828.000000000011
16018.000000000015
11134.000000000013
15736.000000000016
10962.25000000001
15786.000000000016
10886.750000000011
17311.00000000001
10773.000000000011
17547.000000000015
10413.250000000011
15961.000000000018
9978.750000000011
14760.000000000016
9821.75000000001
13344.000000000013
9933.75000000001
12523.000000000015
10211.000000000011
12003.000000000013
10382.25000000001
11744.000000000013
10614.750000000013
11839.000000000011
10817.750000000013
11927.000000000013
10681.250000000011
12758.00000000001
10408.500000000011
13016.000000000015
10192.00000000001
12695.000000000016
10286.750000000011
12494.000000000011
10526.500000000011
12542.000000000011
10578.250000000011
12412.000000000016
10810.250000000013
12405.000000000011
10994.500000000011
12616.000000000005
11003.000000000011
12578.000000000013
10815.750000000011
12806.000000000013
10870.250000000011
12905.000000000016
11117.500000000011
12202.000000000013
11465.750000000011
11568.000000000013
11404.500000000011
11893.000000000007
11126.000000000013
12420.000000000011
10929.500000000011
11604.000000000007
10594.500000000011
11024.000000000011
10403.000000000011
11642.000000000011
10688.250000000013
12460.000000000013
10973.000000000011
12451.000000000016
11920.000000000013
12402.000000000016
13374.750000000015
12641.000000000007
13894.250000000013
12335.000000000007
14408.500000000016
11774.000000000007
14664.500000000016
11046.000000000013
14961.750000000015
10971.000000000011
14884.000000000016
10976.000000000013
15041.000000000016
10991.000000000013
15336.500000000016
10995.000000000011
15153.500000000016
11014.000000000013
15388.500000000015
11026.000000000011
15547.250000000015
11030.000000000013
15351.750000000016
11025.000000000011
15340.500000000015
11034.000000000013
15391.000000000015
10987.000000000013
15319.750000000013
10976.000000000013
15178.750000000015
10942.000000000011
15077.500000000016
10961.000000000013
14951.500000000016
10977.000000000013
15003.750000000016
10924.000000000013
15127.500000000018
10885.000000000013
15070.250000000016
10841.00000000001
14864.250000000015
10804.000000000011
14746.000000000016
10741.000000000013
14841.500000000016
10707.000000000011
15271.750000000016
10641.000000000011
15856.500000000018
10594.000000000007
16228.00000000002
10535.000000000013
16453.50000000001
10442.000000000013
16948.25000000002
10625.000000000013
17322.75000000002
14729.000000000016
17120.000000000015
11684.000000000013
16771.000000000015
9914.000000000011