13313.000000000013
12238.000000000015
13279.500000000015
12436.000000000013
13381.500000000013
12840.000000000007
14284.000000000015
13233.000000000015
15102.500000000013
13635.000000000015
15358.000000000016
13844.000000000016
15744.500000000016
13790.000000000011
15942.250000000016
13831.000000000013
15964.250000000018
13729.000000000011
15881.500000000016
13675.000000000015
16095.500000000016
13726.000000000015
16355.000000000015
13778.000000000018
16808.25000000002
14074.000000000016
17381.000000000022
14593.000000000013
17937.00000000002
15254.000000000016
18522.000000000022
15856.000000000018
19255.250000000022
16314.000000000016
19582.25000000002
16163.000000000016
18927.000000000022
15569.000000000016
18515.50000000002
14836.000000000016
18485.25000000002
14383.000000000016
19141.75000000002
14466.000000000015
19313.250000000022
15006.000000000016
19477.250000000022
15504.000000000016
19843.000000000022
15832.000000000016
20066.00000000002
15775.000000000018
19363.50000000002
15138.000000000016
18902.250000000015
14239.000000000016
18093.00000000002
13358.000000000007
17320.25000000002
12771.000000000015
16999.250000000015
12574.000000000015
16483.50000000002
12790.00000000001
15915.250000000018
13046.000000000015
15004.750000000016
13067.000000000007
14104.500000000015
13046.000000000016
14264.250000000016
13019.000000000015
15211.750000000016
13000.000000000015
16511.750000000015
12755.000000000011
17885.50000000002
12440.00000000001
18529.250000000022
12693.000000000011
18388.00000000002
14042.000000000016
17667.50000000002
15462.000000000016
16945.750000000015
15645.000000000016
15545.000000000015
14844.000000000018
14017.000000000015
14028.000000000007
13671.750000000013
13277.00000000001
13336.000000000015
13148.000000000015
13529.250000000013
13114.000000000007
13269.500000000013
13192.000000000013
12932.750000000015
13648.000000000013
12921.000000000011
14058.000000000016
13031.250000000015
14324.000000000016
13011.750000000015
14336.000000000016
12687.750000000015
13857.000000000013
12679.750000000013
13809.00000000001
12998.500000000013
13670.000000000015
13093.500000000011
13338.00000000001
12855.250000000013
12597.000000000013
12830.25000000001
12291.000000000016
13055.000000000013
12235.000000000005
13488.500000000013
12181.00000000001
13396.000000000015
11792.000000000005
12859.750000000015
11232.000000000013
12954.250000000015
11330.000000000011
13719.000000000015
12134.00000000001
14232.250000000016
13241.000000000011
14232.500000000013
14034.000000000011
13818.000000000015
14123.000000000015
14521.250000000016
13912.000000000011
15207.000000000011
13926.000000000015
14993.250000000016
14370.00000000002
15161.000000000016
14760.000000000013
15212.750000000013
14489.000000000016
15302.500000000016
14252.00000000001
14794.500000000015
14295.000000000015
14370.250000000016
13718.00000000001
14576.000000000016
12493.000000000015
14325.250000000016
11031.00000000001
13822.250000000015
10356.000000000011
13509.250000000013
10100.000000000013
13338.750000000016
10399.00000000001
13298.000000000013
10414.00000000001
13364.250000000016
9891.000000000013
13357.250000000013
9300.000000000011
13005.000000000013
9281.000000000005
12538.000000000015
9553.00000000001
12946.250000000015
9585.000000000005
13182.000000000015
9460.000000000013
13070.750000000011
9063.000000000007
12576.000000000015
9094.000000000007