15407.500000000016
15104.000000000015
15039.000000000015
14435.00000000001
14993.000000000015
14307.000000000016
15066.500000000018
14525.000000000013
15129.500000000015
14395.000000000013
14994.750000000015
14087.000000000016
14882.500000000018
13409.000000000011
14854.000000000015
12791.000000000013
14632.500000000016
12468.000000000018
14297.750000000016
13034.000000000015
14114.250000000015
13601.000000000016
14137.250000000016
13472.000000000016
14087.250000000013
13551.000000000018
13923.500000000015
13442.000000000015
14071.250000000015
13110.00000000001
14536.750000000015
12221.000000000011
14718.000000000016
11828.00000000001
14330.250000000015
11709.00000000001
13951.750000000015
11644.000000000013
13671.500000000016
11821.000000000013
13329.500000000013
11873.000000000015
13159.000000000013
12263.000000000013
13056.500000000013
12993.000000000013
12863.00000000001
13554.000000000016
12724.250000000011
13682.000000000016
12562.500000000015
13580.000000000015
12387.000000000011
13581.000000000018
12016.25000000001
13240.000000000018
11690.000000000013
12369.000000000013
11837.750000000011
11549.000000000011
11696.000000000013
11374.000000000011
11561.250000000013
11644.000000000015
11497.500000000013
11539.000000000011
11090.000000000011
11144.000000000013
10348.000000000011
10850.000000000013
10254.750000000011
10923.000000000013
10510.50000000001
10975.000000000011
10409.500000000011
10799.000000000011
10223.500000000013
10492.000000000011
10219.75000000001
10311.000000000011
10288.75000000001
10438.00000000001
10183.50000000001
11253.000000000011
10154.250000000011
11176.00000000001
10275.00000000001
9642.000000000007
10128.50000000001
9257.00000000001
9970.000000000011
13213.000000000016
9638.50000000001
13992.00000000001
9645.250000000011
13592.000000000011
9492.75000000001
12271.00000000001
9372.50000000001
11596.000000000011
9081.25000000001
5770.000000000006
8814.25000000001
8079.000000000006
8491.750000000007
10212.000000000011
8412.250000000007
9068.000000000005
8516.50000000001
8660.000000000007
8452.75000000001
9389.000000000011
8801.75000000001
11052.000000000013
8865.00000000001
11907.00000000001
9075.000000000011
11537.000000000011
9582.000000000011
10509.000000000011
9762.50000000001
9662.000000000005
9797.00000000001
9264.00000000001
9975.50000000001
8930.000000000005
10224.250000000011
8724.00000000001
10266.750000000011
8875.00000000001
10409.500000000011
8979.000000000007
10749.750000000013
9266.000000000005
10885.500000000011
9732.000000000011
11132.25000000001
9597.000000000011
10919.250000000011
9294.00000000001
10613.750000000011
9016.000000000011
10559.750000000013
8692.00000000001
10221.750000000011
8334.00000000001
10104.75000000001
8211.00000000001
10110.00000000001
8553.000000000007
9761.000000000011
8634.000000000005
8959.500000000007
8724.00000000001
8365.000000000007
9301.000000000011
8154.750000000008
9496.000000000011
8366.00000000001
9057.000000000011
8459.750000000007
8944.00000000001
8386.25000000001
8997.00000000001
8400.500000000007
8119.000000000008
8775.50000000001
6917.000000000008
9366.000000000011
6683.000000000007
9878.750000000011
6805.000000000007
9585.75000000001
6751.000000000006
8842.750000000007
6288.000000000005
8936.00000000001
5853.000000000005
9387.250000000007
5750.0000000000055