18060.75000000002
14116.000000000015
16775.500000000022
14233.000000000015
16256.00000000002
13915.000000000015
16544.75000000002
13552.000000000015
17045.50000000002
13954.000000000013
17026.750000000015
13979.000000000013
16530.500000000015
13501.000000000011
16236.250000000018
13443.000000000015
15591.250000000015
13441.000000000015
15017.000000000013
13030.000000000015
14480.000000000013
12733.000000000007
14082.000000000013
12884.000000000007
13988.250000000013
12881.00000000001
14033.500000000016
15351.000000000018
14181.750000000011
13625.000000000015
14407.750000000016
13507.000000000015
14664.000000000015
13620.000000000016
14689.250000000015
13991.000000000015
15217.250000000015
14362.000000000016
14849.750000000016
14310.000000000016
14424.500000000013
12979.000000000013
13677.250000000015
12446.000000000013
13785.250000000013
13152.000000000015
14127.000000000016
13506.000000000015
14825.250000000013
12762.000000000016
15016.250000000018
12990.000000000013
13812.000000000013
13607.000000000011
13824.250000000015
14306.000000000015
14107.000000000015
14343.00000000001
13633.500000000015
14325.000000000015
13058.750000000013
14641.000000000016
12863.250000000011
14824.000000000016
12675.000000000015
14397.000000000015
12154.500000000015
14352.000000000016
11628.000000000011
14026.000000000013
11514.500000000011
13934.000000000015
11765.75000000001
14059.000000000013
11914.250000000011
14292.000000000011
12104.500000000011
13588.000000000013
12729.500000000015
13012.000000000011
12744.750000000013
11712.000000000007
12741.500000000011
11336.00000000001
12872.250000000016
11095.000000000013
13270.250000000013
10862.000000000013
13575.750000000013
10498.00000000001
13593.250000000011
11470.000000000013
13766.500000000015
10797.000000000011
13970.750000000015
10206.000000000013
14250.000000000015
9170.000000000007
14264.750000000013
9087.000000000004
13765.500000000015
8722.00000000001
13697.500000000015
8894.00000000001
13534.250000000015
9182.000000000005
13601.250000000015
9066.00000000001
13731.750000000013
9085.000000000007
13858.750000000013
8959.00000000001
13517.750000000015
9146.000000000007
12839.750000000015
8674.000000000007
12557.750000000015
8904.000000000011
12164.750000000013
8817.000000000011
12640.000000000013
8865.000000000007
13317.000000000015
8787.00000000001
14172.250000000016
8730.00000000001
14568.750000000015
8422.000000000007
14417.750000000015
8718.000000000011
13818.500000000013
8437.000000000011
13347.250000000016
8903.000000000007
13007.250000000013
8954.000000000005
12162.250000000011
9079.000000000007
11561.500000000011
9342.000000000005
11212.000000000011
9286.00000000001
10932.250000000011
9797.00000000001
10937.250000000013
10109.000000000011
10838.250000000011
10368.000000000011
10021.500000000011
10368.00000000001
10616.000000000011
10395.000000000013
11192.750000000011
10676.000000000011
11366.250000000011
10689.000000000011
10878.75000000001
10354.00000000001
10423.00000000001
10302.000000000011
9903.250000000011
10276.000000000011
9674.00000000001
10084.000000000007
9945.25000000001
10075.000000000011
10097.75000000001
10222.000000000011
9044.500000000011
9966.000000000005
8392.000000000007
9640.000000000011
8227.250000000007
9706.00000000001
8555.25000000001
9737.000000000005
10174.500000000013
9645.00000000001
10569.25000000001
9375.000000000007