18390.00000000002
18018.000000000015
19056.500000000022
18325.000000000015
19450.50000000002
17477.00000000002
19413.00000000002
15454.000000000018
18975.000000000022
12387.000000000011
18290.75000000002
8257.00000000001
17654.75000000002
4656.0000000000055
17298.00000000002
3451.000000000004
17101.25000000002
3351.000000000003
16872.000000000015
3864.0000000000045
16559.75000000002
5604.0000000000055
16005.000000000015
8021.000000000009
15595.000000000016
10756.000000000013
15032.750000000015
13313.000000000013
14229.500000000015
15723.000000000016
14041.000000000013
17461.00000000002
14196.000000000013
18448.000000000022
13957.000000000015
19183.00000000002
13430.500000000015
19710.000000000015
13574.750000000015
19859.000000000022
13648.500000000015
19714.00000000002
13054.750000000011
19338.000000000022
12831.000000000015
18755.00000000002
13007.250000000013
17992.000000000022
12780.500000000013
17015.000000000015
12709.000000000011
16045.000000000015
12281.250000000011
15105.00000000001
11660.250000000011
14671.000000000016
11076.000000000011
14830.000000000018
10838.750000000011
15189.000000000016
10588.50000000001
15779.000000000018
10195.00000000001
16552.00000000001
9625.00000000001
17181.000000000015
9444.500000000007
17802.000000000022
9845.00000000001
17997.00000000001
10612.750000000011
17721.00000000002
10723.500000000013
17174.00000000002
11399.000000000015
16638.000000000015
11694.750000000011
16409.00000000002
11810.750000000013
16378.00000000002
11885.000000000015
16397.00000000001
11976.500000000013
16435.000000000015
11486.250000000011
16323.000000000018
10944.500000000011
16016.00000000002
11175.750000000011
15675.000000000016
10841.00000000001
15397.00000000002
10953.250000000011
14981.000000000015
11978.500000000013
14671.000000000016
12811.750000000015
15188.000000000016
12967.250000000013
16799.000000000015
13341.000000000013
18726.00000000002
13490.500000000016
20521.000000000022
12787.750000000013
22029.000000000025
12861.000000000015
23141.000000000025
14870.250000000013
23527.000000000015
16536.750000000015
23050.000000000025
16696.75000000002
21065.00000000002
17291.500000000022
20827.00000000002
18220.500000000015
21717.000000000022
17909.50000000002
18333.00000000001
16061.500000000018
15125.000000000016
13612.500000000015
15125.000000000016
12748.250000000013
16174.000000000016
12621.250000000015
15151.000000000015
13021.250000000013
14702.000000000015
13578.500000000016
15139.000000000016
13452.000000000015
15365.000000000018
13653.250000000016
15324.000000000013
16196.000000000015
14959.000000000013
18137.25000000002
14156.000000000011
17728.000000000022
12882.000000000015
16387.250000000015
11169.000000000013
15904.250000000016
9444.000000000007
15835.000000000018
8356.000000000011
16616.25000000002
7827.000000000007
17123.75000000002
7501.000000000006
15472.750000000016
8005.000000000009
15125.250000000018
8371.000000000004
14762.500000000013
9008.000000000011
14892.750000000011
8769.00000000001
15526.000000000015
7229.000000000007
15809.000000000016
6419.000000000004
16274.250000000015
6948.0000000000055
16961.75000000002
7360.000000000007
17452.50000000002
7504.000000000007
17499.25000000002
7396.000000000008
17508.25000000002
7156.000000000005
17772.00000000002
6705.0000000000055
17843.25000000002
5994.000000000006
17906.000000000022
5515.000000000006