27084.000000000007
27220.000000000025
7025.000000000007
7840.000000000008
11593.000000000011
12456.000000000015
17236.000000000015
17992.000000000022
17160.00000000002
17924.000000000022
17159.00000000002
17920.00000000001
17159.00000000002
17920.00000000001
17177.750000000022
17940.000000000022
17105.00000000002
17865.000000000015
8259.00000000001
9144.000000000005
6721.250000000008
6694.000000000004
7772.750000000008
7389.000000000008
7837.750000000007
7273.000000000008
7901.000000000007
7235.000000000006
8026.000000000008
7177.0000000000055
8149.500000000006
6937.000000000008
7986.250000000008
6770.000000000004
7940.000000000009
6829.000000000005
8029.000000000008
6646.000000000005
8129.250000000009
6360.000000000006
8231.25000000001
6142.000000000006
8550.25000000001
6002.000000000006
8915.25000000001
5839.000000000005
9040.25000000001
5631.000000000005
9238.50000000001
5517.000000000006
9059.75000000001
5321.0000000000055
9162.00000000001
5210.000000000005
9147.750000000011
5090.0000000000055
8599.750000000011
4956.000000000005
8499.500000000007
4854.0000000000055
8620.25000000001
4805.0000000000055
8772.75000000001
4744.0000000000055
8531.75000000001
4786.0000000000055
7993.000000000007
4981.000000000004
7941.250000000008
5323.0000000000055
8168.250000000009
5655.000000000004
7977.750000000009
5877.000000000005
7840.7500000000055
6059.000000000005
7634.250000000006
6187.0000000000055
7321.500000000007
6189.000000000005
7186.000000000007
6170.000000000008
7172.000000000007
6287.000000000007
7056.250000000008
6435.000000000008
6783.000000000007
6650.000000000007
6519.000000000006
6844.000000000005
7167.500000000007
7066.000000000006
7368.500000000007
7292.000000000007
7531.750000000007
7418.000000000008
7723.500000000008
7593.000000000009
7636.500000000007
7882.000000000008
8196.50000000001
8407.000000000007
8499.000000000007
11692.00000000001
8940.50000000001
15376.000000000016
9735.000000000011
15530.000000000018
10402.75000000001
14936.000000000018
10871.750000000011
15647.000000000016
11849.750000000015
20017.000000000022
12380.000000000015
21671.000000000022
12795.500000000015
19451.000000000015
13891.750000000015
15970.000000000016
14784.000000000015
15864.000000000015
14552.250000000015
18516.000000000022
14874.500000000016
19249.000000000022
15144.000000000016
19011.000000000022
14598.250000000015
18548.000000000022
13695.000000000016
15647.000000000016
14631.750000000016
15389.000000000016
14946.750000000013
15125.000000000016
14682.750000000015
14844.000000000015
15082.250000000016
17156.00000000002
15372.750000000013
18767.000000000015
15545.500000000018
19212.000000000022
15259.000000000015
19261.000000000022
14073.750000000016
19383.000000000022
13789.250000000013
18850.00000000001
14084.500000000015
18026.00000000002
14309.000000000015
17601.00000000001
14092.750000000015
15810.000000000016
13187.750000000013
10686.000000000013
12603.000000000015
7196.000000000009
14060.250000000016
7019.000000000005
12980.750000000013
12223.000000000015
16801.500000000015
17485.000000000015
17300.000000000015
17808.00000000002
17275.000000000015
17788.00000000002
17275.000000000015
17788.00000000002
17275.000000000015
17788.00000000002
17335.000000000015
17824.000000000007
12991.000000000011
13648.000000000013
8171.000000000006
9448.000000000011