18837.000000000015
18236.000000000022
18859.250000000022
18189.000000000022
18921.250000000022
18087.00000000002
18944.750000000022
18119.00000000001
19013.00000000002
18268.00000000002
19062.00000000002
18315.00000000002
19091.00000000002
18273.00000000001
19114.250000000022
18290.000000000022
19150.500000000022
18390.00000000002
19225.250000000022
18476.000000000015
19241.75000000002
18464.00000000002
19233.000000000022
18460.000000000015
19304.25000000002
18448.000000000022
19001.25000000002
17545.000000000015
17946.500000000022
16393.00000000002
17158.75000000002
16020.000000000015
16607.250000000015
15756.000000000016
15971.750000000016
15660.000000000015
15420.750000000018
15377.000000000018
15223.250000000015
15214.000000000016
14966.000000000013
15099.000000000016
14551.500000000011
14911.000000000018
14139.250000000016
14841.000000000011
13541.500000000015
14752.000000000016
13103.750000000015
14821.000000000016
13034.750000000013
14859.000000000015
12983.500000000013
14855.000000000016
12458.750000000011
14674.000000000011
11787.500000000011
14580.000000000015
12001.250000000013
14582.000000000011
11708.000000000013
14766.000000000015
11567.500000000011
14532.000000000013
11272.50000000001
14434.00000000001
10754.750000000011
14623.000000000013
10217.000000000011
14764.000000000015
10108.50000000001
14909.000000000016
10394.750000000013
14981.000000000015
10215.75000000001
15094.000000000016
9773.00000000001
15328.000000000016
9377.00000000001
15720.000000000016
8904.00000000001
16099.000000000016
8715.50000000001
16429.00000000001
8741.75000000001
16867.00000000002
8354.500000000007
17026.000000000022
8286.25000000001
17374.00000000001
9439.00000000001
18161.00000000002
11949.750000000013
18836.00000000001
12933.250000000013
18885.000000000022
11639.250000000013
18863.00000000002
10961.250000000011
18927.00000000001
10539.25000000001
18913.00000000001
10174.50000000001
18935.000000000025
9600.75000000001
18896.000000000022
9352.750000000011
18919.000000000015
9320.750000000011
18958.00000000001
9420.75000000001
18935.000000000022
9096.00000000001
18926.000000000022
8844.50000000001
18791.000000000022
8717.250000000007
18455.00000000001
8700.250000000007
18141.000000000015
8795.500000000007
17986.000000000022
8953.50000000001
17903.00000000002
9187.75000000001
17874.00000000002
9424.50000000001
17562.000000000015
9818.00000000001
17311.00000000002
10198.000000000013
17258.000000000015
10538.750000000011
17457.000000000015
10768.25000000001
17654.000000000015
11146.250000000013
17856.00000000002
11568.500000000013
17996.00000000002
11714.500000000013
18211.00000000001
11922.500000000011
18500.000000000022
12529.000000000013
18781.000000000015
13543.750000000015
18949.000000000015
14323.500000000016
19015.00000000002
14792.750000000015
18960.000000000022
15234.750000000015
18925.00000000002
15721.250000000016
18909.00000000002
16774.50000000002
18926.00000000001
18017.50000000002
18882.000000000022
18828.75000000002
18817.00000000002
19316.75000000002
18862.00000000002
19342.750000000022
18848.00000000002
19302.250000000015
18807.000000000022
19274.00000000002
18681.00000000002
19230.75000000002
18601.000000000022
19213.25000000002
18615.000000000022
19176.00000000002
18662.000000000022
19115.750000000022
18650.00000000002
19065.25000000002
18581.00000000002