16403.25000000001
20288.000000000022
16218.000000000018
19531.000000000022
16653.500000000015
17152.000000000015
17471.500000000015
16723.000000000015
17604.50000000002
17201.00000000002
17190.25000000002
17098.00000000001
16409.500000000015
16673.000000000022
15317.500000000016
14510.00000000001
14226.000000000011
13692.000000000007
13598.750000000013
12903.000000000013
13780.500000000015
12944.000000000015
14236.000000000015
13146.000000000013
13412.750000000013
13569.000000000016
13086.750000000015
13522.000000000015
13380.250000000016
13345.000000000016
13258.500000000013
13646.000000000016
13867.500000000013
13722.000000000018
14180.250000000015
13917.000000000018
14061.250000000016
13914.000000000015
13782.750000000015
13810.00000000001
13391.500000000013
13294.000000000015
12707.500000000013
11761.000000000013
12256.500000000011
11270.000000000011
12096.250000000013
11364.000000000013
11880.250000000013
11739.00000000001
11539.00000000001
13228.000000000016
12469.000000000015
14215.000000000016
13481.000000000011
13712.000000000016
14198.000000000016
13235.000000000007
14067.500000000016
13508.000000000016
13430.750000000016
14268.000000000015
13591.500000000013
15214.000000000016
13764.000000000015
16900.00000000001
13730.000000000015
17211.000000000015
13616.250000000015
16773.00000000002
13115.500000000013
15778.000000000016
13081.750000000013
14479.000000000015
13199.000000000015
13710.000000000013
13060.750000000013
13447.000000000015
13099.250000000015
12107.000000000016
13315.750000000015
10149.000000000013
13164.500000000015
9740.00000000001
12550.500000000013
12727.00000000001
12747.000000000011
14544.000000000016
12791.250000000015
13850.000000000015
12527.500000000013
12383.000000000013
12313.250000000011
13089.000000000011
12635.500000000013
13353.00000000001
12327.500000000011
13034.000000000015
11996.000000000013
13151.00000000001
12056.750000000011
13753.000000000016
12362.500000000013
15481.000000000011
12985.500000000013
18590.00000000002
13238.750000000015
19922.000000000022
12993.000000000013
20278.000000000022
12980.250000000013
19558.000000000015
13664.000000000013
18912.00000000001
13822.500000000013
19739.000000000022
13744.000000000016
21398.000000000022
13474.750000000013
21464.000000000025
13397.250000000015
19400.000000000022
13052.500000000013
15929.000000000015
12584.500000000015
14912.000000000013
12393.500000000015
15311.000000000016
12054.500000000013
16453.000000000007
12297.250000000013
17027.000000000015
13525.250000000015
15877.000000000016
14102.000000000016
14709.00000000001
13326.250000000015
14223.000000000013
12416.250000000016
14067.000000000018
12064.000000000013
13341.000000000007
11604.000000000011
11860.00000000001
11602.00000000001
11532.000000000013
12523.750000000015
12515.00000000001
13869.750000000013
13658.00000000001
14377.250000000015
16225.000000000016
14176.750000000016
17419.00000000001
14453.750000000016
15542.000000000011
14134.500000000015
13031.000000000015
14318.250000000013
11166.000000000013
15950.000000000015
12121.000000000013
17763.000000000015
16094.000000000018
18715.50000000002
16798.000000000015
17872.750000000015
14901.000000000016
16623.500000000015
14300.000000000016
15790.750000000018
14409.000000000016
16430.75000000002
15153.000000000016
18417.25000000002
16701.00000000002
18146.50000000002
19303.00000000002
17969.250000000015
19806.00000000002