22339.750000000022
21721.000000000015
22745.000000000025
21612.000000000022
23286.750000000025
21558.000000000022
23627.75000000003
21680.000000000022
23149.000000000022
20783.00000000002
22848.000000000022
19536.00000000001
22616.000000000022
18744.00000000001
22777.500000000025
19546.000000000022
23508.750000000025
20737.00000000002
23112.50000000002
20945.00000000002
22054.000000000022
21815.000000000025
21989.50000000002
21334.000000000025
22243.250000000022
18775.000000000022
22263.750000000025
18955.00000000002
22397.000000000025
19222.000000000015
22178.75000000002
18263.000000000015
21917.750000000025
15457.000000000015
20695.000000000022
14059.000000000013
20612.500000000022
14681.000000000018
20850.50000000002
14821.000000000016
20465.25000000002
14283.000000000013
20772.50000000002
13568.000000000013
20592.000000000015
13186.00000000001
20751.500000000022
12914.000000000013
20757.250000000022
12982.000000000011
20458.00000000002
12949.000000000015
19399.50000000002
12669.000000000015
18132.75000000002
14030.000000000013
17257.75000000002
16361.000000000016
16220.750000000016
17771.000000000022
16267.75000000002
17581.000000000022
16117.750000000015
15739.000000000016
14879.500000000015
14610.000000000015
14269.500000000011
14256.000000000016
13745.500000000013
13629.000000000015
14064.000000000015
13259.000000000016
14110.000000000015
12770.000000000011
13686.250000000015
12912.00000000001
13016.750000000013
13372.000000000016
12648.000000000011
13215.00000000001
12422.500000000013
12738.000000000011
12099.500000000011
12495.000000000011
11551.750000000013
11888.000000000015
11329.500000000011
10386.000000000011
11099.750000000011
9544.00000000001
11211.250000000011
9372.000000000011
11180.500000000013
9187.00000000001
11305.000000000011
9104.00000000001
11374.250000000013
9215.000000000007
11250.750000000011
9438.000000000011
11094.750000000011
9634.000000000013
11273.000000000011
8974.00000000001
11161.750000000013
8711.000000000011
11146.000000000011
8454.000000000007
11538.500000000011
8704.000000000007
10943.25000000001
8838.000000000005
11239.25000000001
8802.000000000011
11616.25000000001
9257.00000000001
11062.500000000011
9738.000000000011
10961.500000000011
10179.000000000013
11636.250000000013
10256.000000000011
12064.500000000013
10413.000000000011
12539.250000000016
10907.000000000013
13022.500000000013
11279.000000000013
13100.250000000013
11324.000000000013
13140.250000000013
11514.000000000011
13071.250000000013
11706.00000000001
13176.000000000016
11588.000000000015
13814.500000000016
12009.000000000011
14337.250000000013
12444.000000000007
14263.500000000013
13358.000000000007
15057.000000000015
13214.000000000013
16078.500000000016
12580.000000000007
17267.750000000015
12969.000000000015
17499.250000000015
13551.00000000001
17691.25000000002
14270.000000000018
17455.50000000002
15027.000000000018
17296.50000000002
16490.00000000001
17008.00000000002
18336.000000000022
17377.75000000002
19372.000000000022
18328.750000000022
20095.00000000002
19362.750000000015
19126.000000000022
18722.00000000002
20353.000000000022
18319.000000000022
20203.00000000002
18206.50000000002
19634.000000000015
18472.50000000002
19440.00000000002
19194.500000000022
18982.00000000002
19532.000000000022
17972.000000000015
20936.75000000002
17944.000000000015
23034.500000000022
18717.000000000022