15948.000000000018
6707.000000000005
15996.250000000016
6765.000000000007
16027.750000000015
6648.000000000008
16133.250000000016
6322.000000000006
16110.250000000016
5953.000000000005
15845.250000000016
5596.0000000000055
15591.000000000015
4883.0000000000055
15287.000000000018
4450.000000000003
14835.500000000016
4434.000000000005
14323.250000000016
4449.000000000005
13824.250000000015
4609.000000000005
13538.250000000015
4784.000000000005
13371.750000000011
5140.000000000005
13278.500000000015
5653.000000000006
13179.750000000013
6624.000000000007
13052.250000000013
7894.000000000009
12902.250000000013
9278.000000000011
12022.250000000011
10913.000000000011
11803.50000000001
11134.00000000001
12016.000000000013
10836.000000000013
13050.000000000013
10970.000000000011
14113.000000000015
10675.000000000011
15252.000000000016
10464.000000000011
15758.750000000013
10269.000000000011
16347.00000000002
9467.000000000007
16698.00000000002
9298.000000000011
16620.750000000015
9290.000000000011
16060.500000000016
9288.000000000011
15214.000000000016
8402.000000000004
15798.000000000015
8088.000000000008
16126.000000000018
7345.000000000008
15752.000000000016
6966.000000000005
15812.750000000015
7170.000000000006
16099.000000000022
7668.000000000009
15949.000000000016
8223.000000000011
15097.750000000016
9507.000000000011
14787.500000000015
12263.000000000013
14282.500000000015
15125.000000000016
13673.000000000013
19100.000000000015
13534.000000000015
22122.000000000025
13646.750000000015
23111.000000000022
13639.250000000015
24027.00000000003
14047.500000000015
24650.000000000033
13960.000000000013
24360.00000000002
13537.250000000015
23982.000000000022
13315.250000000013
23197.000000000015
13619.750000000015
21938.000000000025
13807.500000000013
22142.000000000025
13251.000000000013
22183.000000000025
13078.750000000013
20864.000000000025
13209.500000000013
20355.000000000022
13290.250000000015
19335.00000000002
13227.750000000015
18191.000000000022
13534.750000000013
17824.00000000002
13851.000000000015
17766.00000000002
13620.500000000015
17713.000000000015
13310.000000000016
17582.00000000002
13631.500000000015
17026.00000000002
13839.000000000015
17694.000000000022
13551.750000000013
17991.00000000002
13804.250000000013
18261.000000000022
13949.250000000015
20186.000000000022
15475.500000000016
21077.000000000022
16475.25000000002
21961.000000000022
15226.250000000016
20930.000000000025
14914.000000000016
20159.00000000002
16227.750000000018
19608.000000000022
17061.75000000002
18326.000000000007
15675.250000000016
19207.000000000015
13879.000000000015
20143.00000000002
13457.750000000015
20976.000000000022
13340.750000000013
19636.000000000022
14166.750000000011
20261.000000000025
14412.500000000015
19544.000000000022
13821.250000000015
18791.00000000001
14318.250000000015
19747.00000000002
14990.250000000016
20132.000000000022
15676.000000000015
16625.00000000001
16430.00000000002
16422.00000000002
16034.250000000015
15075.000000000018
15790.750000000013
14224.000000000018
16432.000000000015
15267.000000000015
17507.25000000002
14186.000000000011
19745.25000000002
14547.000000000013
21292.000000000022
14494.000000000018
20318.250000000022
16478.000000000015
18101.500000000022
18457.000000000022
17649.50000000002
17783.00000000001
16718.25000000002
19669.000000000022
15219.000000000016
19850.000000000022