7140.500000000007
1955.000000000002
7337.000000000008
1952.0000000000018
7599.750000000008
1989.0000000000023
7878.500000000008
2029.0000000000018
8185.750000000008
1991.0000000000018
8334.250000000007
1988.000000000002
8519.00000000001
1975.0000000000018
8679.00000000001
1948.000000000002
8920.50000000001
1966.0000000000018
9149.25000000001
1968.0000000000023
9285.500000000011
2026.000000000002
9339.25000000001
2064.000000000002
9386.75000000001
2022.000000000002
9546.00000000001
1981.0000000000018
9637.50000000001
1969.000000000002
9666.00000000001
1979.000000000002
9669.000000000011
2015.000000000002
9691.750000000013
1996.000000000002
9884.000000000011
2000.000000000002
10144.750000000011
1973.000000000002
10327.000000000011
1971.0000000000018
10525.500000000011
1960.0000000000018
10786.250000000013
1890.0000000000011
10714.00000000001
4828.0000000000055
11010.750000000013
8344.000000000005
11502.500000000011
10141.000000000011
12343.250000000011
10929.000000000007
12744.250000000015
11938.000000000013
13060.250000000015
11085.000000000011
13550.000000000015
10903.000000000011
13483.000000000015
10139.000000000011
13236.250000000015
10534.000000000011
12814.000000000015
10219.000000000011
12740.750000000013
11379.00000000001
12838.500000000015
12113.000000000011
12493.500000000015
11833.000000000016
12452.250000000015
11362.000000000011
12324.000000000013
11248.000000000011
12268.000000000015
10133.000000000011
12333.000000000013
9346.000000000011
12744.500000000015
8959.00000000001
12846.250000000011
8382.000000000005
12543.500000000013
8393.000000000007
12228.750000000011
8038.000000000008
12196.000000000013
7613.00000000001
12114.750000000015
7887.00000000001
12049.750000000011
7640.000000000009
11889.500000000013
7218.000000000007
11546.50000000001
6575.0000000000055
11203.500000000011
6692.000000000005
10920.000000000011
7316.000000000005
11247.250000000013
7528.000000000007
11915.250000000011
7126.000000000005
12411.250000000013
7283.000000000007
12683.500000000015
7523.000000000007
12626.750000000011
7852.000000000008
12530.750000000013
8112.000000000008
12407.250000000015
8196.000000000011
11871.750000000013
8479.00000000001
10949.250000000013
8744.000000000013
10737.750000000011
8920.000000000004
10179.750000000011
8959.00000000001
9527.25000000001
9084.000000000011
9564.000000000011
9339.00000000001
10624.750000000013
9375.000000000007
10921.250000000011
9548.000000000011
10558.00000000001
9736.00000000001
11206.750000000011
10032.000000000004
11595.000000000011
10298.000000000011
11649.500000000011
10440.000000000011
11969.750000000013
10681.00000000001
12638.500000000011
10848.00000000001
13084.750000000015
10974.000000000013
12346.000000000013
10963.000000000011
10346.000000000011
10935.000000000011
10499.25000000001
10830.000000000007
11241.000000000011
10733.000000000011
11766.000000000013
10522.000000000011
12376.250000000015
10273.000000000011
13506.250000000015
9910.000000000011
14236.500000000016
9463.000000000005
14010.750000000016
8972.000000000007
13085.250000000013
8519.000000000005
13000.250000000015
8029.000000000008
13008.500000000015
7370.000000000007
13373.500000000013
6756.000000000006
15021.250000000016
6299.000000000006
16558.000000000015
5965.0000000000055
18677.500000000022
5720.000000000006
19869.750000000022
5515.000000000006