7856.750000000008
8789.000000000007
7656.250000000007
8874.00000000001
7481.250000000008
9039.000000000011
7280.250000000006
9061.000000000011
7120.5000000000055
9059.00000000001
6923.250000000006
8971.000000000007
6553.500000000006
8830.00000000001
6417.500000000006
8574.00000000001
6356.2500000000055
7378.000000000007
6406.750000000006
5932.000000000004
6743.250000000006
4895.000000000005
6871.250000000006
4466.0000000000055
6898.500000000007
4710.000000000005
6929.000000000007
5922.000000000005
6837.250000000007
7280.000000000008
6556.750000000007
7586.000000000006
6263.7500000000055
7615.000000000008
6046.0000000000055
7627.000000000007
5981.000000000007
7258.000000000009
6342.000000000006
7277.000000000007
6777.750000000007
7412.000000000007
7018.250000000006
7729.000000000009
7057.000000000006
7513.000000000007
7087.2500000000055
7180.000000000007
7613.500000000009
7276.0000000000055
8224.75000000001
7604.000000000006
8663.000000000007
7720.000000000005
9129.00000000001
7620.000000000006
9002.00000000001
7704.000000000007
8709.000000000007
8354.000000000007
8496.75000000001
8765.000000000007
8144.750000000011
9264.00000000001
8700.250000000007
10066.000000000011
9515.50000000001
10942.000000000013
9721.250000000011
14992.000000000016
9511.25000000001
16016.00000000002
9666.25000000001
10897.000000000013
9827.00000000001
8537.000000000007
9225.75000000001
8742.000000000007
9183.000000000011
8614.000000000007
9304.000000000007
6217.0000000000055
8595.250000000007
4742.0000000000055
8546.75000000001
6022.000000000005
8632.50000000001
7371.000000000008
8453.75000000001
9606.000000000011
7899.750000000007
10073.000000000011
7050.000000000006
8821.00000000001
7800.250000000007
8359.000000000005
10090.250000000011
9980.00000000001
9091.00000000001
10342.000000000011
8777.250000000007
11440.000000000013
8818.75000000001
9433.000000000005
8670.00000000001
7286.000000000005
9022.25000000001
7478.000000000008
9887.250000000007
7416.000000000007
9602.75000000001
6125.0000000000055
8468.50000000001
5342.0000000000055
8087.750000000008
5933.000000000006
8312.250000000007
7050.000000000007
8561.250000000007
7706.000000000008
8624.25000000001
7698.000000000007
8680.00000000001
7184.000000000008
8147.750000000008
9301.000000000011
8654.750000000011
9763.000000000011
8421.50000000001
8693.000000000005
8257.50000000001
8522.000000000007
7511.750000000006
7729.000000000008
7094.000000000007
7156.000000000005
7346.250000000006
8799.00000000001
9298.500000000007
8557.000000000005
10322.750000000011
7217.000000000009
9178.25000000001
8175.000000000008
8640.250000000007
8388.00000000001
8550.750000000007
9835.00000000001
9560.750000000011
9817.000000000007
10412.000000000011
8407.000000000007
9973.750000000011
6792.000000000007
9568.00000000001
6034.000000000003
8832.25000000001
5745.000000000006
7609.750000000007
6662.000000000007
7839.000000000007
7733.0000000000055
8207.00000000001
6815.000000000006
9181.750000000007
4587.000000000003
9808.50000000001
3845.0000000000036
10377.000000000011
5182.0000000000055
10699.000000000011
5374.0000000000055
9578.50000000001
4040.000000000004
9976.50000000001
3194.000000000003
9787.50000000001
3428.0000000000036
9090.25000000001
4230.000000000004