8077.000000000006
7339.000000000005
7834.750000000007
7583.000000000007
7581.750000000008
7918.000000000005
7220.500000000006
8135.000000000008
6833.250000000006
8240.000000000007
6437.0000000000055
8378.000000000007
6008.750000000005
8516.000000000011
5555.750000000006
8500.000000000007
5128.5000000000055
8496.000000000005
4914.2500000000055
8595.000000000005
4757.750000000005
8791.00000000001
4651.5000000000055
8731.00000000001
4904.5000000000055
8775.00000000001
4937.5000000000055
8726.00000000001
5122.2500000000055
8566.00000000001
5564.000000000006
8174.000000000008
5773.250000000006
7728.000000000009
5927.0000000000055
7735.000000000007
6257.250000000006
7737.000000000008
6486.250000000007
7496.000000000007
6602.2500000000055
7672.0000000000055
6734.750000000006
7842.000000000007
6638.000000000007
7980.000000000008
6808.250000000007
8400.000000000007
7135.000000000006
8950.00000000001
7253.500000000007
9176.000000000011
7253.250000000008
9651.000000000011
7460.500000000006
10849.00000000001
7504.750000000008
12045.000000000015
7527.500000000007
13261.00000000001
7416.250000000007
14429.000000000016
7492.500000000007
15467.000000000016
7820.250000000008
16452.000000000015
8181.750000000006
16799.000000000015
8391.50000000001
16508.000000000022
8496.25000000001
16239.000000000015
8684.00000000001
16409.00000000002
8709.000000000007
16911.00000000002
8904.500000000011
17632.00000000001
9041.25000000001
18427.000000000022
9209.000000000007
19121.00000000002
9288.75000000001
18904.000000000015
9073.750000000011
18038.000000000022
8809.500000000007
17199.00000000002
8722.00000000001
17346.000000000022
8491.75000000001
17851.000000000015
8201.75000000001
18199.00000000002
7878.250000000008
18526.00000000002
7571.0000000000055
19446.000000000022
7027.500000000006
18866.00000000001
6878.500000000007
18763.000000000022
7280.000000000006
18026.00000000002
7114.250000000007
16344.000000000016
7873.000000000009
16475.00000000001
8717.75000000001
16813.000000000022
9090.25000000001
17607.000000000015
9063.250000000011
17993.000000000025
9359.00000000001
18428.000000000022
9372.500000000011
17683.000000000015
9382.75000000001
17355.00000000002
9658.750000000011
16539.000000000015
9760.50000000001
15638.000000000018
9826.00000000001
14276.000000000016
10205.000000000011
14973.000000000016
10070.750000000011
15590.000000000015
9497.00000000001
15966.000000000016
9608.000000000011
16483.000000000022
10038.50000000001
16857.00000000001
9934.000000000011
16853.00000000001
10170.00000000001
15693.000000000016
10523.00000000001
14583.000000000016
11103.25000000001
13374.000000000013
11264.000000000013
11328.000000000013
11437.000000000013
10020.000000000005
12159.000000000011
9326.000000000011
12054.750000000013
9191.000000000011
11986.750000000011
9726.000000000007
11919.750000000011
10955.00000000001
12051.500000000013
12261.000000000007
11568.000000000013
12742.00000000001
11823.000000000011
12978.000000000013
12417.750000000013
11987.000000000007
12673.250000000013
12782.000000000015
12078.750000000011
11240.000000000011
11146.000000000013
9418.000000000005
9804.75000000001
9811.000000000013
7994.250000000008
10386.000000000011
6925.750000000008
10675.000000000011
6730.000000000007
10828.000000000015
7081.250000000007
10252.000000000013