16466.750000000015
16424.00000000002
14632.000000000015
15234.000000000016
12669.250000000015
14039.000000000018
12761.000000000013
14108.000000000016
12763.000000000013
14080.000000000011
12777.000000000016
13986.000000000016
12833.000000000013
13920.000000000016
12950.500000000015
13980.000000000015
13501.500000000016
14042.000000000016
13671.250000000015
14145.00000000001
13779.500000000015
14180.000000000018
13876.250000000013
14201.000000000011
13839.500000000016
14240.000000000016
13904.000000000013
14294.000000000016
14299.500000000015
14380.000000000013
14810.250000000016
14599.000000000015
14406.250000000015
14850.000000000016
13967.250000000015
15104.000000000015
14540.500000000016
15321.000000000018
14861.000000000015
15481.000000000011
15188.250000000016
15580.000000000018
15150.500000000016
15576.000000000018
14481.750000000016
15611.000000000018
14509.000000000018
15047.000000000018
14934.250000000015
13987.000000000015
14788.750000000016
15165.000000000018
14435.250000000015
15013.000000000018
14546.750000000015
14572.00000000001
13541.750000000011
14319.000000000013
12699.250000000015
14047.000000000018
12802.250000000015
13754.000000000016
12586.500000000013
13412.000000000015
12142.500000000013
13038.000000000007
12137.250000000013
12695.000000000015
13142.750000000013
12394.00000000001
13935.750000000015
12244.000000000007
13945.250000000015
12178.000000000015
12927.750000000013
12274.000000000015
12533.250000000015
12497.000000000015
12235.500000000013
12835.00000000001
12641.500000000015
13233.000000000015
12678.000000000015
13671.000000000018
12539.500000000013
14125.000000000011
13353.250000000013
14565.000000000016
13716.000000000015
14893.000000000015
14198.750000000016
15234.000000000016
15354.250000000018
15593.000000000018
15904.500000000015
16051.000000000018
16221.750000000016
16234.000000000016
16293.000000000018
16608.000000000015
16327.000000000016
17029.000000000015
16173.500000000015
17544.00000000002
16747.75000000002
17284.000000000022
16961.25000000002
16618.000000000007
16835.500000000015
16016.000000000016
16508.25000000002
15537.000000000018
16146.250000000018
15312.00000000002
15703.250000000018
15235.000000000018
14751.000000000015
15052.000000000016
14130.750000000013
14626.000000000015
13967.000000000016
14748.000000000016
12489.750000000011
14316.000000000011
11127.500000000011
14310.000000000015
10854.750000000011
14479.000000000015
10778.500000000011
14456.000000000013
10415.750000000013
14609.000000000016
11017.750000000011
14757.000000000016
11702.000000000011
14882.000000000018
11861.00000000001
14963.000000000011
12739.000000000015
14999.000000000015
12622.000000000013
14762.000000000018
11374.250000000013
12560.00000000001
10680.750000000013
11905.00000000001
11371.000000000013
12930.000000000016
13319.500000000013
13700.000000000016
13054.750000000015
13565.000000000018
13340.750000000013
13135.000000000011
14079.750000000015
12710.000000000013
14255.750000000015
12317.00000000001
14416.250000000015
11961.000000000011
15164.250000000015
11709.00000000001
15018.500000000015
11540.000000000011
14678.250000000015
11500.00000000001
16168.000000000015
11495.000000000013
17368.50000000002
11603.000000000013
17026.750000000015
11709.00000000001
17113.500000000015
11829.00000000001
17833.25000000002
11775.000000000011
16981.50000000002
14380.000000000013
16240.250000000018
16520.00000000001