15258.250000000013
18872.000000000015
14875.500000000015
18124.000000000015
14471.750000000015
17937.00000000001
14118.000000000016
18175.00000000002
13826.000000000015
18561.000000000022
13683.000000000015
19062.00000000002
13513.000000000016
19689.000000000022
13830.000000000013
19952.000000000022
14206.000000000013
19781.000000000025
14346.500000000015
19408.000000000025
14291.750000000015
19004.00000000001
13964.000000000015
18229.000000000022
13663.000000000016
17702.00000000002
13817.750000000013
19004.000000000022
14376.000000000016
19957.000000000025
14827.250000000015
19403.000000000022
14969.500000000015
18990.000000000022
15170.250000000015
18659.000000000015
15432.250000000018
17263.00000000002
15466.500000000018
15995.000000000016
15850.000000000013
15223.000000000016
16276.750000000016
14355.000000000015
16627.75000000002
13384.00000000001
16980.25000000002
12795.000000000013
16980.250000000015
12078.000000000007
16547.50000000002
11407.000000000011
16082.750000000015
10497.000000000013
16113.500000000015
10339.000000000011
16209.500000000018
10147.000000000013
16238.750000000016
10124.000000000011
15773.250000000015
9699.000000000011
15072.750000000016
9722.000000000005
14431.000000000016
9900.000000000011
14351.000000000016
9420.000000000011
14425.000000000016
10980.000000000011
14516.500000000018
13757.000000000015
14436.500000000015
16960.00000000001
14798.000000000015
19567.000000000022
14336.000000000016
20234.00000000002
14462.750000000013
21068.000000000022
14957.250000000015
20798.00000000002
14987.250000000015
20009.00000000001
15262.500000000015
20106.000000000015
15379.750000000013
19717.00000000002
15913.750000000018
19785.000000000022
16509.50000000002
20331.000000000022
17452.000000000022
19307.000000000022
17018.750000000022
18361.00000000002
16447.750000000015
19696.000000000015
15680.250000000016
20592.000000000022
15242.500000000016
19861.000000000022
14581.000000000011
18542.00000000002
13860.250000000013
19983.000000000022
13468.000000000015
22444.00000000003
13190.750000000015
23100.000000000025
12769.250000000011
23053.000000000022
12646.250000000013
23317.000000000015
12891.500000000013
23987.000000000033
13089.500000000016
22666.00000000003
13003.750000000013
18954.00000000002
12859.000000000015
16208.000000000016
12640.750000000011
15859.000000000016
12467.500000000013
16002.000000000015
12962.250000000013
14555.000000000015
13121.250000000015
13500.000000000011
13095.500000000011
12568.000000000013
13238.500000000015
12495.000000000011
13629.000000000013
13031.000000000013
13535.250000000015
13849.000000000016
14194.250000000015
14032.000000000016
14856.500000000018
13944.000000000016
14686.250000000016
15756.000000000016
14613.500000000011
14880.000000000016
14905.250000000011
15095.000000000016
14502.750000000016
15788.000000000018
14143.500000000013
13183.000000000015
12967.250000000013
9331.00000000001
12521.750000000015
7333.000000000008
11882.500000000013
8501.00000000001
10924.000000000013
8737.000000000011
10369.750000000011
8196.00000000001
10011.250000000011
8046.000000000008
9582.250000000011
7755.000000000008
9023.500000000011
7483.000000000007
8390.75000000001
7138.000000000007
7842.750000000007
6779.000000000006
7821.250000000008
6335.000000000007
7989.000000000009
5703.0000000000055
8168.000000000009
5056.000000000006
8200.25000000001
4617.000000000005