11195.250000000013
23240.000000000015
10726.000000000013
23020.000000000025
9845.000000000011
23226.000000000022
8096.500000000008
18129.000000000022
7119.250000000007
18526.00000000002
6221.2500000000055
20525.000000000022
6117.250000000006
21343.000000000022
6336.750000000007
20153.000000000022
6303.500000000006
16886.00000000001
6123.250000000007
9659.000000000011
6389.750000000005
6126.0000000000055
7119.750000000007
5226.000000000006
7689.250000000008
4484.000000000003
7858.250000000008
3329.0000000000036
8038.500000000006
2398.0000000000023
8373.000000000007
2306.0000000000027
8781.75000000001
2469.0000000000027
8599.250000000011
2770.000000000003
7745.250000000007
3432.0000000000036
7869.750000000008
5453.0000000000055
9017.250000000007
9781.000000000013
10685.000000000013
12842.000000000013
11794.750000000015
15067.000000000016
12208.750000000013
17110.00000000002
12734.000000000013
19313.000000000015
13284.50000000001
19969.000000000015
14032.750000000015
19503.00000000002
14977.000000000016
19540.000000000022
15746.000000000015
19602.000000000022
15904.750000000016
19616.000000000022
15592.250000000016
19992.00000000002
14601.500000000015
20298.00000000001
13854.500000000013
20433.00000000002
13677.250000000013
20331.000000000022
13090.000000000011
20101.000000000025
12683.500000000011
20173.00000000002
12729.500000000015
20143.00000000002
12620.000000000013
20167.000000000025
12508.750000000013
19846.000000000022
12486.250000000013
19695.000000000015
12397.750000000011
19472.00000000002
12396.000000000013
19238.000000000015
12439.250000000011
19028.000000000022
12538.250000000011
18829.00000000002
12815.500000000016
19481.000000000015
13008.000000000011
21353.000000000022
13211.000000000011
21930.000000000022
13446.250000000013
22245.000000000022
13588.750000000011
22210.000000000025
13804.000000000015
23694.000000000025
13929.750000000015
25361.000000000025
14057.000000000013
25077.00000000002
14246.000000000015
24486.000000000025
14376.500000000015
24181.000000000022
14381.250000000016
23608.000000000025
14413.250000000013
22957.000000000025
14432.000000000015
22278.000000000025
14699.250000000015
21944.000000000022
14816.000000000018
21479.000000000022
15162.250000000016
21051.000000000015
15582.250000000015
20596.00000000002
15663.250000000016
20251.000000000025
16032.750000000018
19856.000000000022
16260.00000000002
19478.000000000022
16415.00000000002
19209.000000000025
17374.50000000002
18909.00000000002
18266.250000000015
18967.00000000002
18325.25000000002
19425.000000000022
18459.000000000015
19820.000000000022
18412.250000000022
20012.00000000002
18253.50000000002
19924.000000000015
18157.25000000002
19986.00000000002
18037.50000000002
20173.00000000002
18081.25000000002
20545.000000000022
18043.25000000002
21609.000000000022
17882.25000000002
22349.000000000025
17954.250000000015
23369.00000000002
17957.25000000002
24647.00000000002
17789.250000000022
25475.00000000003
17874.75000000002
25985.00000000003
17903.00000000002
26269.000000000025
17951.750000000015
26463.00000000003
17852.50000000002
26048.000000000025
17801.25000000002
25226.000000000025
17720.75000000002
25259.00000000002
17638.25000000002
25694.00000000003
17510.50000000002
25819.000000000022
17525.25000000002
26230.000000000025
17601.500000000022
26527.000000000022
17693.25000000002
26193.000000000022