10922.50000000001
15279.000000000018
11248.000000000011
16359.000000000018
11511.500000000013
17412.00000000002
11801.750000000011
19419.000000000022
11432.750000000011
21062.000000000025
11161.750000000011
21781.000000000025
11759.000000000013
21873.000000000022
11591.500000000013
22852.000000000025
12791.500000000015
23965.00000000003
13179.500000000013
23026.000000000022
13017.500000000015
21829.000000000022
14007.000000000013
21990.000000000022
13827.000000000015
21783.000000000022
12713.750000000013
22621.00000000002
11829.500000000011
23635.000000000022
12476.000000000013
23245.00000000002
13192.250000000013
24178.00000000002
13165.250000000011
24451.000000000025
14394.250000000015
23696.00000000003
16079.000000000018
22415.000000000025
16337.750000000018
20934.000000000025
16955.25000000002
20684.000000000022
17522.50000000002
21910.00000000002
17479.75000000002
23588.000000000022
17138.50000000002
22684.00000000002
16127.000000000015
17582.00000000002
15517.750000000016
15339.000000000016
14255.750000000015
15945.00000000002
12896.500000000011
15966.000000000018
12580.000000000011
14905.000000000013
12532.250000000015
15568.000000000013
11287.000000000011
15162.000000000015
10230.500000000011
15232.000000000016
9325.50000000001
15435.000000000016
10099.00000000001
15329.00000000002
10524.50000000001
15692.000000000016
9566.750000000007
15483.000000000015
8896.250000000011
16086.000000000018
8650.25000000001
16381.000000000016
8198.750000000007
17627.00000000002
7858.750000000008
17903.00000000002
7833.500000000007
17613.00000000002
7656.000000000008
17205.00000000001
8124.500000000009
17340.00000000002
8282.750000000007
17761.000000000015
8384.25000000001
17821.000000000015
8917.500000000011
17663.00000000001
9359.00000000001
17970.000000000022
9234.500000000011
17653.000000000015
9237.500000000011
18315.00000000002
9248.75000000001
18808.000000000022
9325.50000000001
18797.000000000015
9348.00000000001
19124.000000000022
9782.50000000001
20691.00000000002
9996.00000000001
18839.000000000022
9898.50000000001
17506.00000000002
9592.00000000001
19438.000000000022
9479.00000000001
19398.00000000001
9364.000000000007
18884.00000000002
9291.000000000007
17596.000000000022
9474.75000000001
17824.00000000002
9233.00000000001
19245.00000000002
8923.50000000001
18766.000000000015
8654.50000000001
19060.00000000002
8783.50000000001
20254.000000000022
8995.00000000001
19670.00000000002
9092.00000000001
20412.000000000025
9651.50000000001
20062.000000000022
10033.750000000011
20955.000000000025
10432.75000000001
21556.000000000025
10413.50000000001
21108.000000000025
11191.00000000001
19793.00000000002
12244.500000000011
20303.00000000002
12539.000000000011
20785.000000000022
13753.250000000013
20691.00000000002
14331.250000000013
19841.000000000022
14506.250000000015
19985.000000000015
14716.500000000015
20977.00000000002
14252.250000000016
21860.000000000025
15048.750000000015
21452.000000000025
14804.000000000016
21495.000000000025
15278.250000000016
21976.000000000022
16376.250000000016
21739.000000000025
17922.00000000002
22587.000000000022
18918.75000000002
22746.000000000025
18647.00000000002
21785.000000000025
18828.500000000022
21840.000000000022
18886.000000000022
21806.00000000001
18232.00000000002
21814.000000000025
17917.00000000002
21246.000000000022