8263.25000000001
8165.000000000008
8411.750000000007
8663.000000000005
8928.50000000001
9047.000000000007
8949.500000000007
9684.000000000011
8351.750000000007
10116.00000000001
7843.000000000008
9748.000000000007
7538.7500000000055
9024.000000000007
7020.250000000007
8405.000000000005
6846.250000000006
8340.000000000007
6933.750000000006
7759.000000000006
7057.000000000007
6753.000000000005
7225.000000000006
6254.000000000008
7081.750000000007
6625.000000000008
6824.5000000000055
6893.0000000000055
6642.750000000006
7157.000000000007
6698.750000000006
7269.000000000007
6715.500000000006
7583.000000000007
6569.500000000006
7940.000000000009
6424.500000000007
8120.000000000008
6563.500000000006
8168.000000000009
7267.250000000006
8300.000000000007
7536.750000000008
8595.000000000005
7724.000000000007
9203.00000000001
7850.000000000007
9615.00000000001
7848.500000000007
9061.000000000011
7706.500000000006
8208.00000000001
7756.000000000008
7723.000000000006
8061.250000000008
7435.000000000007
8450.000000000007
7333.000000000008
8368.25000000001
7354.000000000007
8006.750000000008
7294.000000000007
7947.000000000007
7100.000000000007
7777.750000000007
7105.000000000008
7440.000000000006
7137.000000000008
7958.000000000008
7069.000000000008
8567.500000000007
7129.000000000006
8620.000000000007
7347.000000000009
8733.00000000001
7538.000000000007
8834.000000000007
7939.000000000007
9022.75000000001
8314.000000000005
9654.75000000001
8115.00000000001
9675.000000000011
7612.000000000008
9170.250000000011
7464.000000000006
8946.75000000001
7490.000000000007
8950.750000000011
7420.0000000000055
9043.750000000007
7464.000000000006
9132.750000000011
7708.000000000008
9144.25000000001
8120.000000000008
8878.000000000007
8413.000000000005
8750.25000000001
8427.000000000005
9084.75000000001
8328.00000000001
9290.500000000007
8191.000000000007
9257.250000000007
8506.000000000007
9478.00000000001
9272.00000000001
9451.000000000011
10008.00000000001
9397.50000000001
10602.00000000001
9313.00000000001
10809.000000000011
9762.50000000001
10535.000000000011
9855.500000000011
9939.000000000007
9766.75000000001
9240.000000000011
10084.75000000001
8655.000000000005
9602.500000000007
8149.000000000008
8239.750000000005
7878.000000000008
8008.000000000008
7593.000000000008
7733.750000000006
7542.000000000008
7355.000000000006
7282.0000000000055
6903.500000000007
6797.000000000008
6834.5000000000055
6643.000000000008
7239.750000000007
7570.000000000008
7581.000000000007
8583.000000000007
7818.750000000009
8938.000000000011
8120.500000000007
9007.000000000005
8524.25000000001
9743.00000000001
8821.00000000001
11296.000000000013
9014.75000000001
12802.000000000013
9019.250000000007
13737.000000000013
9276.50000000001
14383.000000000016
9631.500000000011
14073.000000000016
9926.750000000011
12360.000000000015
10021.25000000001
10198.000000000007
9510.500000000011
8100.000000000009
8735.500000000007
6639.000000000007
8238.25000000001
5922.000000000005
8114.000000000008
5484.000000000006
7909.250000000006
5193.0000000000055
7324.500000000006
5250.0000000000055
6329.750000000005
5606.000000000006
5074.0000000000055
5830.000000000005
4320.750000000005
6022.000000000005
4588.250000000004
6658.000000000008