11760.000000000013
10572.000000000011
11624.500000000013
10381.000000000007
11517.000000000013
10224.00000000001
11390.500000000011
10007.000000000007
11257.500000000013
9732.000000000011
11156.250000000011
9514.00000000001
11066.500000000011
9272.00000000001
11031.500000000011
9204.000000000005
10974.000000000013
9116.000000000007
10929.000000000013
8977.000000000011
10846.750000000011
8777.000000000005
10702.00000000001
8805.000000000011
10575.25000000001
9066.00000000001
10421.000000000011
9280.000000000005
10258.000000000013
9444.000000000007
10084.250000000011
9553.00000000001
9963.75000000001
10322.000000000013
10629.25000000001
13074.000000000011
12125.000000000013
14432.000000000015
12721.000000000015
14111.000000000015
12929.750000000011
12940.000000000015
13186.750000000011
12058.00000000001
13637.250000000016
12653.00000000001
13001.750000000013
12053.000000000011
11381.000000000011
13751.000000000015
10724.750000000011
19341.000000000022
10591.000000000011
21165.00000000002
10358.000000000011
18238.00000000002
9963.750000000011
13743.000000000015
10187.000000000011
12203.000000000015
10465.75000000001
12226.00000000001
10270.000000000011
12104.00000000001
9827.750000000013
12276.000000000013
9634.00000000001
12206.000000000011
10018.75000000001
12396.000000000007
10233.500000000011
12660.000000000015
10206.250000000011
13032.00000000001
9904.75000000001
13576.000000000011
9545.750000000011
14196.000000000016
9393.00000000001
14555.000000000015
8906.75000000001
15182.000000000015
8959.50000000001
15768.000000000018
8952.50000000001
16681.00000000002
8873.25000000001
19096.000000000022
9076.25000000001
19426.00000000002
9149.50000000001
19262.00000000001
8859.00000000001
20753.00000000002
9109.000000000007
24167.000000000015
9295.75000000001
24789.00000000003
9570.75000000001
25399.000000000022
10240.750000000011
25876.000000000022
11272.000000000011
24944.00000000003
12006.500000000013
26156.00000000002
13323.500000000015
26908.000000000022
14650.000000000015
26935.00000000002
15741.250000000016
25653.00000000002
17072.250000000015
22710.000000000022
19375.500000000022
18499.00000000002
21615.750000000022
18606.00000000001
22989.250000000025
18683.00000000001
25477.750000000025
17835.000000000015
26995.75000000003
17040.00000000001
26077.00000000003
15582.000000000013
24420.250000000025
13362.000000000015
24461.250000000025
12893.000000000015
23313.250000000022
12580.000000000007
23733.250000000025
12172.000000000013
24563.000000000025
11685.000000000015
24611.000000000022
11213.00000000001
23577.00000000003
10958.000000000013
20646.250000000022
10610.000000000011
16401.25000000002
9676.00000000001
14891.500000000011
9234.00000000001
14351.500000000013
9614.00000000001
13162.000000000011
10178.00000000001
12055.250000000011
11023.000000000011
11439.500000000013
11528.000000000011
11408.750000000011
11922.00000000001
11566.750000000011
12586.000000000011
11684.500000000013
12898.000000000013
11742.000000000013
12730.000000000015
11739.250000000013
12546.00000000001
11798.500000000011
12758.00000000001
11720.500000000011
13315.000000000015
11556.250000000013
13362.000000000015
11746.250000000011
13280.000000000016
11761.000000000011
13236.000000000007
11588.250000000015
13170.00000000001
11452.000000000011
13675.000000000015
11264.250000000011
13808.000000000015