25154.500000000025
26787.00000000003
23989.750000000025
27087.00000000002
22717.000000000025
27347.000000000033
24148.250000000022
28007.000000000033
23797.000000000025
28390.000000000033
23771.25000000003
28691.000000000022
22884.000000000022
29071.00000000003
21582.250000000022
29249.00000000002
23334.500000000025
29744.000000000022
23157.750000000025
29497.00000000003
22955.500000000022
28287.000000000025
22159.000000000022
27016.000000000025
21014.000000000022
24421.00000000003
20511.500000000022
22478.000000000025
19984.500000000022
21832.000000000025
19344.75000000002
21583.000000000025
18897.25000000002
21619.00000000002
18547.50000000002
20440.000000000022
17856.000000000022
18247.000000000015
18995.000000000022
16575.000000000022
18921.000000000022
15463.000000000016
18523.75000000002
13771.000000000013
18067.250000000015
11417.000000000013
17120.000000000015
10476.000000000015
15318.750000000016
10769.000000000013
14815.250000000016
12371.000000000015
14630.750000000013
13374.000000000013
15057.750000000016
13883.000000000016
15998.250000000016
13916.00000000001
16260.750000000016
14320.000000000016
16384.500000000015
12934.000000000016
16799.50000000002
12111.000000000013
17059.25000000002
12996.000000000016
17278.00000000002
13127.000000000013
17588.00000000002
12541.000000000011
17586.50000000002
12809.000000000016
17206.25000000002
13055.000000000013
16997.00000000002
11866.000000000013
17132.75000000002
11582.000000000013
17231.75000000002
11945.000000000011
17471.75000000002
11764.000000000011
17370.25000000002
12677.000000000011
17443.250000000015
12727.00000000001
17172.000000000015
13441.000000000015
16819.250000000015
14614.000000000015
16908.25000000002
15725.000000000015
16854.25000000002
18476.000000000015
16738.00000000002
18083.00000000002
17217.750000000015
16226.000000000016
17165.25000000002
12374.000000000011
16670.500000000015
9902.00000000001
16405.500000000015
15314.000000000016
16228.250000000016
21115.000000000022
16023.000000000018
24431.000000000025
16100.000000000018
28035.000000000025
16308.750000000016
29027.000000000022
16429.500000000015
28787.00000000003
15988.500000000016
28639.00000000002
15603.750000000015
28519.000000000036
15877.250000000016
28388.000000000033
15694.000000000016
27580.000000000022
15074.500000000015
26894.00000000003
14570.500000000016
27104.00000000003
13963.000000000015
26329.00000000003
13302.750000000013
25296.000000000022
12970.250000000016
24725.000000000025
13403.000000000013
24736.000000000025
13804.250000000016
24137.000000000015
14520.750000000015
24817.000000000033
15681.000000000015
26075.00000000003
15933.000000000013
24766.000000000025
16556.25000000002
22411.00000000002
17549.00000000002
20084.00000000001
17913.50000000002
18380.00000000001
18856.50000000002
17672.000000000022
19761.00000000002
17399.00000000002
19514.250000000022
17606.000000000015
18998.00000000002
17284.000000000022
19195.000000000022
18880.00000000002
19385.75000000002
19169.00000000002
19525.000000000022
19136.00000000002
20652.250000000022
17591.000000000015
22004.250000000025
16188.000000000015
22489.500000000025
17665.000000000022
22024.00000000002
17511.00000000001
20886.00000000002
17474.000000000022
19941.500000000022
17598.00000000002
20994.000000000022
15641.000000000016
21659.250000000022
15020.000000000013
21244.50000000002
14822.000000000013