25899.750000000022
15085.000000000011
25783.25000000003
14946.000000000015
25599.750000000033
16150.000000000016
25092.500000000025
17402.00000000001
24133.500000000025
18355.000000000015
22460.000000000022
19005.000000000022
21346.750000000022
18144.000000000022
20434.50000000002
17094.00000000002
20212.750000000025
17577.000000000015
20048.250000000025
17703.000000000022
20077.50000000002
17094.00000000002
19838.750000000022
15695.000000000015
19953.250000000022
14847.000000000015
19476.75000000002
14525.000000000018
19231.000000000022
15000.000000000015
19570.50000000002
17165.000000000015
19959.00000000002
18155.000000000015
20054.25000000002
17941.000000000015
19771.25000000002
17883.000000000007
19365.25000000002
19071.000000000015
19362.00000000002
19610.00000000002
20672.000000000022
19405.000000000015
22365.750000000022
20097.00000000002
22694.250000000022
19017.00000000002
23302.25000000002
20029.000000000015
23191.750000000022
22423.000000000022
22094.25000000002
24370.000000000015
21668.00000000002
24440.000000000022
20988.250000000022
23383.000000000025
20259.500000000022
21567.000000000025
19900.00000000002
18336.00000000002
19931.250000000022
15193.000000000016
19889.50000000002
12812.000000000016
19560.750000000022
11033.000000000013
19405.50000000002
9722.000000000005
19545.500000000022
9415.000000000011
19148.00000000002
9935.000000000013
19005.50000000002
11691.00000000001
19105.750000000022
11570.000000000011
19450.25000000002
10712.000000000011
19605.000000000022
11749.000000000011
19510.50000000002
14362.000000000016
18841.25000000002
17462.00000000002
18074.25000000002
19869.00000000002
15397.250000000013
19423.000000000022
14992.500000000015
19378.00000000002
16024.75000000002
20559.000000000022
16106.750000000018
18800.00000000002
16126.250000000016
15626.000000000016
16498.250000000015
10627.000000000011
16830.50000000002
11474.000000000013
17278.75000000002
12487.000000000013
17427.750000000015
11728.000000000013
17692.75000000002
12342.000000000011
18111.50000000002
10378.000000000011
18706.75000000002
9979.000000000011
19703.75000000002
6568.0000000000055
18749.75000000002
5406.0000000000055
18168.50000000002
7716.000000000009
18314.00000000002
10533.000000000007
19646.000000000022
13069.000000000013
21956.25000000002
12472.000000000013
23517.500000000022
10748.00000000001
24746.25000000003
9961.000000000011
24747.500000000025
15102.000000000016
24555.000000000025
18358.000000000022
24504.250000000025
20553.000000000025
24771.750000000025
22125.00000000002
25015.750000000025
23694.00000000003
25335.500000000015
25264.000000000022
25557.250000000025
24992.000000000022
25638.750000000025
23759.000000000022
25707.250000000025
22873.000000000022
25474.25000000003
21671.00000000002
25087.75000000003
20735.00000000002
25208.75000000003
20350.000000000015
24992.750000000025
20760.000000000022
24244.25000000003
21967.000000000025
23770.750000000022
22166.000000000022
23472.750000000025
21399.00000000002
23061.250000000022
20285.000000000025
22482.500000000022
19095.000000000025
22024.750000000022
18447.000000000015
21968.250000000025
17541.00000000001
21322.250000000022
16386.000000000022
21621.25000000002
15293.000000000016
21825.500000000025
15047.000000000018
21820.75000000002
15479.000000000015
22138.250000000022
16337.000000000015
22082.50000000002
17449.00000000001