11438.500000000013
13261.00000000001
10917.000000000011
14656.000000000016
11839.750000000013
16487.00000000001
11665.750000000011
18926.000000000025
11092.500000000011
20003.00000000002
12485.500000000015
17856.00000000002
13256.750000000013
13741.000000000015
13284.750000000013
11494.000000000011
11913.250000000013
10750.000000000013
11471.250000000011
11401.000000000013
13567.250000000015
17065.00000000002
14523.000000000013
15359.000000000011
14275.000000000016
15393.000000000018
13983.250000000013
12620.000000000016
13849.750000000013
10361.00000000001
13695.000000000016
10531.000000000011
13473.750000000013
10363.000000000011
13279.000000000013
10557.000000000013
12965.250000000013
11198.000000000013
12710.750000000013
12260.000000000007
12714.750000000013
12822.000000000015
12077.000000000013
13416.000000000015
10799.250000000011
13288.000000000011
10338.750000000011
12479.000000000011
10695.250000000011
10592.000000000013
10355.500000000011
11022.000000000011
10406.000000000011
10403.000000000011
10985.750000000013
9516.00000000001
11321.75000000001
8905.000000000013
11678.000000000013
8696.00000000001
12150.500000000011
9001.000000000007
11032.500000000011
11419.000000000013
11246.250000000013
12278.000000000013
11533.500000000011
13246.00000000001
10789.25000000001
14123.000000000015
11069.000000000011
13506.00000000001
13038.500000000015
12327.000000000011
11405.500000000011
10086.00000000001
9733.750000000011
8193.000000000011
9330.50000000001
7486.000000000004
9086.250000000011
7376.000000000007
10176.75000000001
7464.000000000006
11129.000000000011
7928.000000000008
11130.250000000013
8418.00000000001
10975.250000000011
8394.000000000011
10725.250000000011
7892.000000000008
10085.250000000011
8261.000000000005
9978.50000000001
8499.000000000007
9922.25000000001
9899.000000000011
10733.750000000011
11551.000000000013
11046.750000000013
9908.000000000007
10783.000000000011
10012.000000000005
9904.50000000001
9515.00000000001
9433.500000000011
9239.000000000011
9014.00000000001
9512.000000000007
8842.250000000007
9835.00000000001
8944.75000000001
11615.00000000001
9290.25000000001
12229.000000000016
9846.000000000011
13497.000000000013
10343.50000000001
15423.000000000015
10740.750000000011
15661.000000000016
11436.500000000011
15537.000000000013
11889.500000000013
15804.000000000015
11793.500000000013
15632.000000000016
12359.750000000013
14799.000000000018
11703.75000000001
14179.000000000016
11528.250000000013
15263.000000000018
12097.000000000011
15248.000000000013
13107.250000000011
13826.000000000015
13538.000000000013
13587.000000000013
13255.750000000015
13833.000000000016
13191.250000000015
13161.000000000013
11137.000000000011
11505.000000000013
10236.250000000011
8366.000000000005
10816.750000000011
6869.000000000008
10937.750000000011
7516.000000000008
10621.500000000011
8099.000000000008
9806.250000000011
8611.000000000005
8719.00000000001
9152.000000000005
8846.00000000001
9212.000000000011
9268.25000000001
10790.000000000011
8497.000000000007
10485.000000000011
7985.500000000007
7566.000000000008
8578.00000000001
6083.000000000007
9509.500000000011
9052.000000000005
11166.750000000011
10492.000000000011
11858.750000000013
9513.000000000007
11863.250000000013
8666.000000000007
11402.500000000011
7805.000000000009
11632.750000000011
7063.000000000007