7974.750000000007
7160.000000000008
8018.750000000007
6264.000000000007
7928.500000000006
5387.0000000000055
7704.750000000008
4536.0000000000055
7489.750000000006
3959.0000000000023
7299.250000000006
3490.000000000003
7213.250000000009
3224.0000000000023
7236.0000000000055
3163.0000000000023
7338.250000000006
3322.0000000000027
7457.750000000007
3570.000000000004
7607.500000000008
3815.0000000000045
7744.2500000000055
3764.000000000004
7820.500000000008
3354.0000000000036
7803.250000000008
2913.000000000002
7663.750000000006
2717.000000000002
7332.2500000000055
2503.0000000000014
6767.250000000006
2053.0000000000023
6280.000000000006
1711.0000000000011
6109.250000000007
1454.0000000000011
6352.250000000006
1302.0000000000014
6740.250000000007
1253.0000000000011
7279.250000000007
1262.0000000000014
7730.000000000008
1281.0000000000007
7878.750000000008
1324.0000000000014
7814.250000000007
1359.0000000000014
7964.500000000009
1407.0000000000014
8340.750000000007
1385.0000000000014
8369.500000000007
1401.0000000000014
8451.50000000001
1418.0000000000014
8786.75000000001
1434.0000000000011
8740.25000000001
1445.0000000000014
8700.00000000001
1445.0000000000014
8633.000000000007
1464.000000000001
8604.000000000007
1546.0000000000016
8247.75000000001
1666.0000000000016
8447.50000000001
1813.000000000002
8415.50000000001
1968.0000000000018
8254.75000000001
2206.0000000000014
8050.500000000008
2552.0000000000027
8067.500000000008
3001.000000000003
8053.000000000007
3437.0000000000023
8120.750000000009
3765.0000000000045
8096.000000000008
3945.000000000003
8283.000000000007
3997.0000000000036
8277.00000000001
3917.0000000000036
8206.25000000001
3786.000000000004
8215.00000000001
3655.000000000004
8487.00000000001
3510.000000000003
8581.50000000001
3305.000000000002
8740.25000000001
3034.000000000003
8942.750000000007
2739.0000000000027
9328.500000000011
2417.0000000000023
9530.750000000007
2104.000000000001
10005.500000000011
2129.0000000000023
10320.250000000011
2909.000000000002
10219.50000000001
2966.000000000002
10409.000000000011
2970.000000000002
10373.000000000011
3462.000000000004
10412.000000000011
2393.0000000000027
9980.25000000001
1972.0000000000023
9713.25000000001
1769.0000000000018
9586.500000000011
1653.0000000000018
9257.500000000011
1329.000000000001
8777.750000000007
1247.0000000000014
8796.50000000001
1478.0000000000014
8833.500000000007
1682.0000000000018
8946.50000000001
1953.0000000000018
9173.50000000001
2211.0000000000027
9171.500000000007
2396.0000000000023
9059.25000000001
2500.000000000002
9303.25000000001
2518.0000000000023
9360.000000000007
2374.0000000000027
9381.500000000011
2196.0000000000023
9449.50000000001
1932.0000000000018
9449.75000000001
1705.0000000000018
9410.25000000001
1502.000000000001
9485.250000000011
1393.0000000000014
9717.75000000001
1260.0000000000014
9855.50000000001
1160.0000000000007
10041.75000000001
1101.0000000000007
10016.750000000011
1050.000000000001
10200.750000000011
1062.0000000000007
10231.25000000001
1047.0000000000011
10155.750000000011
1072.000000000001
9896.00000000001
1055.0000000000011
9602.25000000001
1056.0000000000005
9342.25000000001
1093.0000000000005
8982.50000000001
1145.0000000000014
8645.00000000001
1206.0000000000014
8350.250000000007
1262.0000000000007