9179.50000000001
9507.00000000001
8154.000000000009
10162.000000000013
8676.500000000007
11790.000000000013
9349.50000000001
11727.000000000007
9807.250000000007
11267.000000000013
9966.750000000013
10926.000000000013
9396.25000000001
9298.000000000011
10124.25000000001
8761.00000000001
10035.50000000001
9476.000000000013
9465.50000000001
9283.000000000007
9000.000000000007
10211.000000000011
8955.25000000001
11103.000000000011
9243.000000000011
12081.000000000015
8837.750000000007
11631.00000000001
8680.00000000001
11054.000000000013
8289.75000000001
9458.00000000001
7897.500000000008
9111.00000000001
7282.500000000007
9093.000000000007
7865.750000000007
9628.000000000011
7648.500000000007
10150.000000000011
8589.000000000007
11237.00000000001
9239.50000000001
11809.000000000005
11137.500000000013
14870.000000000015
11350.500000000013
14819.000000000016
10724.000000000013
13324.000000000015
10884.250000000011
12916.000000000007
10823.00000000001
14463.000000000015
9829.250000000011
16881.000000000007
9147.000000000007
15734.000000000018
8602.50000000001
15937.000000000016
8648.250000000007
15729.000000000015
7599.750000000008
15956.00000000002
7499.750000000008
16798.000000000015
7462.000000000007
17141.00000000002
7074.750000000007
17174.00000000001
6717.000000000006
17257.000000000015
6813.250000000006
18343.000000000022
6827.250000000008
18496.00000000002
6696.500000000007
19084.000000000022
6643.250000000007
19764.00000000001
6760.500000000006
19922.000000000022
6786.250000000007
19400.000000000022
6747.500000000006
19391.000000000015
6543.5000000000055
19851.000000000025
6482.750000000007
20019.000000000022
6952.500000000006
20375.000000000025
6975.750000000007
20193.000000000022
7188.250000000007
19693.000000000022
6283.5000000000055
19347.000000000025
6415.0000000000055
20047.000000000022
7082.750000000006
20167.000000000015
7565.250000000006
22347.000000000025
8006.500000000008
22313.000000000022
8229.000000000007
22578.000000000022
8500.50000000001
23197.000000000015
9037.500000000011
23549.00000000002
9319.00000000001
23162.00000000003
10031.00000000001
22576.000000000025
10923.250000000011
18778.000000000022
11660.000000000013
16526.000000000015
13296.000000000013
17570.00000000001
14487.000000000013
18958.00000000001
14377.250000000015
19911.000000000025
15120.250000000015
21456.000000000022
15919.250000000013
23051.000000000022
16248.500000000016
24172.000000000025
17093.75000000002
23817.000000000022
16740.50000000002
23121.000000000025
17046.75000000002
23135.000000000022
16679.250000000015
22951.000000000022
16085.250000000015
23525.000000000022
15138.750000000016
24543.000000000033
14881.750000000016
23837.000000000025
14841.250000000016
23422.000000000015
15032.000000000018
23656.00000000002
14067.500000000013
24340.000000000015
14158.250000000016
24449.000000000025
15187.000000000016
23948.00000000001
14982.500000000015
22753.000000000025
14350.750000000013
20416.00000000002
14345.250000000015
19241.00000000002
14445.750000000015
19565.00000000002
14401.250000000015
19551.00000000001
14530.750000000015
19645.000000000022
13573.000000000013
19538.000000000022
12147.750000000013
17634.00000000002
12823.750000000015
16163.000000000016
13529.000000000015
14069.000000000018
13405.000000000016
13764.00000000001
14363.750000000011
12369.000000000013