9711.75000000001
14777.000000000015
8852.750000000007
14761.000000000013
8036.750000000007
14937.00000000001
7865.750000000007
14937.00000000001
7766.250000000008
14508.000000000015
7564.250000000006
14082.000000000016
7186.250000000006
13974.000000000015
6852.5000000000055
14286.000000000016
6775.000000000006
15166.000000000015
7006.500000000006
16360.000000000013
7595.000000000008
17369.00000000002
7854.000000000008
18533.000000000022
8010.750000000008
19674.000000000022
8117.000000000008
21185.000000000022
8146.750000000008
21311.000000000025
8134.000000000008
19697.000000000022
8079.500000000008
17619.00000000002
8367.500000000007
16410.00000000002
8446.250000000007
17841.00000000002
8375.000000000007
18765.000000000015
8056.000000000007
17007.00000000001
8234.500000000007
14172.000000000013
9044.750000000011
12106.000000000015
9729.50000000001
10410.000000000011
10335.750000000011
8782.000000000007
10488.250000000011
7742.000000000007
10189.500000000013
8090.000000000008
9731.75000000001
10435.00000000001
9734.50000000001
13680.000000000015
9907.75000000001
15742.000000000015
10116.750000000011
15323.000000000013
10615.000000000011
12909.000000000013
11086.750000000011
9392.000000000011
11087.750000000011
5876.000000000005
11177.750000000011
3880.000000000004
10944.000000000013
3597.0000000000023
10526.250000000011
3560.000000000003
10010.000000000011
3527.0000000000014
9835.25000000001
3540.0000000000023
9925.50000000001
3560.000000000004
10100.250000000011
3622.0000000000036
9537.75000000001
3472.0000000000036
8912.25000000001
3462.0000000000036
8469.000000000011
3440.0000000000027
8715.000000000007
3453.0000000000036
9272.750000000011
3495.0000000000036
8993.75000000001
4399.0000000000055
8542.000000000011
5040.0000000000055
8428.75000000001
5710.000000000007
8310.75000000001
6216.000000000007
8029.50000000001
5834.000000000006
8630.750000000007
5928.0000000000055
9329.00000000001
5964.000000000006
8909.75000000001
5795.000000000004
9096.25000000001
5264.000000000006
9299.000000000007
5251.0000000000055
9120.750000000011
5621.000000000007
8713.75000000001
5395.0000000000055
8597.000000000007
4975.000000000005
8774.000000000007
4270.000000000005
9064.500000000007
3940.0000000000045
8903.25000000001
4026.000000000004
8786.000000000011
4057.000000000004
8703.500000000007
4071.000000000004
8846.50000000001
4135.000000000001
8618.50000000001
4158.000000000004
8764.250000000007
4218.000000000003
8223.75000000001
4288.000000000004
8058.000000000009
4315.000000000005
8008.750000000008
4329.000000000005
8380.750000000007
4348.0000000000055
8907.50000000001
4383.000000000004
9355.75000000001
4387.000000000004
9364.75000000001
4399.000000000005
9219.75000000001
4378.000000000003
9956.00000000001
4380.0000000000055
10413.750000000013
4422.0000000000055
9332.500000000011
4443.0000000000055
8020.250000000007
4380.000000000005
8344.75000000001
4253.000000000004
8801.50000000001
4206.000000000003
9392.00000000001
4245.0000000000055
9330.50000000001
4313.0000000000055
8808.00000000001
4347.000000000003
8588.25000000001
4364.000000000004
8700.75000000001
4386.0000000000055
9049.00000000001
4427.000000000003
9235.75000000001
4507.000000000003
9586.00000000001
4524.000000000004
10174.75000000001
4588.0000000000055