15804.250000000016
12863.000000000015
15834.250000000016
12115.000000000011
15785.000000000015
11699.000000000013
15711.000000000016
11488.000000000011
15570.750000000015
11482.000000000015
15407.750000000018
11678.00000000001
15335.000000000015
11914.000000000005
15374.750000000018
12426.000000000013
15321.750000000015
13072.000000000016
15137.500000000015
13638.000000000011
15171.000000000018
13966.000000000018
14933.250000000016
14142.000000000013
14207.500000000015
14281.000000000015
13688.500000000011
14450.000000000018
13424.500000000016
14659.000000000016
13442.000000000015
14674.000000000011
13217.500000000011
14460.000000000011
13050.250000000013
14024.000000000018
13125.500000000011
13457.000000000016
13601.000000000013
12849.00000000001
13886.500000000015
12421.000000000015
13899.500000000013
12113.000000000005
13810.250000000015
11899.000000000005
13682.750000000015
11614.000000000013
13464.250000000015
11259.000000000013
13699.250000000015
10802.000000000011
13842.250000000015
10336.000000000013
13652.250000000013
10124.000000000011
13150.500000000013
9316.000000000011
12937.500000000016
8956.000000000007
12294.250000000016
8735.000000000007
12085.500000000013
8793.000000000005
11727.000000000011
8836.000000000004
11672.750000000013
8671.000000000005
11341.500000000011
8622.000000000007
11429.250000000011
8850.000000000007
10977.25000000001
8999.000000000011
11220.750000000011
9488.00000000001
12577.250000000013
9879.000000000013
12425.500000000011
10186.00000000001
12321.250000000013
10707.000000000011
12189.250000000011
11004.000000000011
12183.250000000013
11524.000000000013
12450.500000000013
12308.000000000013
12352.000000000013
12791.000000000015
12389.000000000015
12781.000000000013
12600.75000000001
12537.000000000013
12880.500000000015
12317.00000000001
13120.250000000015
11914.000000000015
12998.250000000013
11235.000000000013
13145.500000000015
10614.000000000011
13360.500000000013
10260.000000000011
13373.000000000013
10175.000000000007
13657.500000000015
10175.000000000007
13294.750000000013
10316.000000000013
13102.250000000013
10671.000000000011
12911.500000000011
11042.000000000011
12804.750000000013
11537.000000000013
13118.500000000013
11888.000000000015
13109.250000000016
12231.000000000013
13032.000000000015
12494.000000000011
13228.250000000015
12719.000000000013
13369.500000000011
13014.000000000011
13791.250000000015
13359.000000000013
14318.250000000013
13794.00000000001
14663.250000000016
14212.000000000013
14392.500000000016
14587.00000000001
14413.250000000013
14876.000000000018
15328.750000000013
15120.00000000001
15525.500000000015
15279.000000000016
14600.750000000016
15432.000000000015
13617.500000000015
15500.000000000018
13924.750000000015
15522.000000000018
14579.250000000016
15582.000000000013
14650.250000000015
15752.000000000016
14343.000000000015
16010.000000000018
14699.000000000013
16230.000000000015
15236.000000000016
16530.00000000002
15629.000000000016
16782.00000000002
15839.500000000016
17060.000000000015
15964.750000000016
17248.00000000002
15981.750000000015
17309.00000000002
15837.500000000011
17351.00000000002
15623.25000000002
17399.00000000002
15358.500000000013
17511.00000000001
15061.250000000015
17703.00000000002
14684.250000000013
17717.00000000002
14393.000000000013
17552.00000000002
14156.500000000016
17323.00000000002
13965.000000000016
17064.00000000002