5481.7500000000055
5284.0000000000055
4620.750000000005
3328.000000000004
3526.7500000000036
2120.0000000000023
3689.000000000003
2281.000000000002
3716.000000000004
2353.0000000000027
3747.5000000000036
2397.000000000002
3745.0000000000036
2418.000000000002
3728.7500000000036
2462.000000000002
3698.7500000000036
2506.0000000000027
3699.2500000000036
2548.000000000003
3741.0000000000036
2575.0000000000023
3886.500000000003
2556.0000000000023
3918.000000000003
2496.0000000000027
3890.5000000000036
2403.000000000002
3957.5000000000036
2320.0000000000014
3988.0000000000036
2262.000000000002
3893.7500000000036
2283.000000000002
3747.5000000000036
2244.0000000000014
3624.750000000003
2210.0000000000027
3466.7500000000036
2178.000000000002
3799.5000000000036
2150.0000000000027
4217.250000000005
2136.000000000002
4550.000000000005
2136.000000000002
5251.2500000000055
2185.0000000000027
5978.000000000006
2204.0000000000014
6382.500000000006
2207.000000000003
7496.000000000007
2192.0000000000023
8027.750000000009
2119.000000000002
8575.500000000007
2016.0000000000023
9233.250000000007
1929.0000000000023
9231.75000000001
1840.0000000000018
9453.250000000011
1779.0000000000014
9895.00000000001
1735.0000000000018
9748.50000000001
1665.0000000000018
9809.00000000001
1649.0000000000014
9821.25000000001
1676.000000000002
9772.500000000011
1682.0000000000018
9501.25000000001
1671.0000000000011
9013.00000000001
1658.0000000000018
9168.25000000001
1655.0000000000018
9545.25000000001
1671.0000000000011
9697.75000000001
1663.0000000000018
9195.75000000001
1656.0000000000018
8584.50000000001
1649.0000000000014
7927.500000000008
1654.0000000000016
7842.500000000006
1631.0000000000011
7465.500000000007
1635.0000000000016
7104.000000000006
1669.0000000000011
6553.750000000006
1746.0000000000016
6473.500000000006
1894.0000000000018
6127.500000000006
2118.0000000000014
5333.0000000000055
2359.000000000002
4824.750000000004
2701.000000000003
4571.000000000005
3046.000000000002
4777.2500000000055
3322.0000000000027
4985.7500000000055
3663.000000000004
4848.5000000000055
3990.000000000004
4492.500000000004
4304.000000000005
4553.500000000004
4575.000000000005
4422.500000000004
4750.000000000005
4442.2500000000055
4795.0000000000055
4349.750000000005
4703.000000000004
4229.000000000003
4472.000000000005
4241.000000000005
4202.000000000003
4030.250000000004
3983.000000000004
4013.7500000000045
3768.0000000000036
4108.750000000004
3517.0000000000023
4056.500000000004
3248.000000000002
4195.250000000005
2960.0000000000027
4699.750000000005
2737.000000000003
4803.000000000005
2630.0000000000027
5267.000000000006
2624.000000000003
6026.250000000006
2675.0000000000027
6941.000000000007
2720.0000000000023
7704.500000000009
2788.0000000000023
8297.00000000001
2771.0000000000027
8632.50000000001
2756.0000000000027
8447.250000000005
2767.0000000000027
8697.000000000007
2765.0000000000023
8540.25000000001
2812.0000000000027
7394.250000000008
2857.000000000003
6424.7500000000055
2875.0000000000023
6284.500000000007
2915.0000000000023
5911.250000000006
3029.000000000003
5125.0000000000055
3187.000000000002
5012.250000000005
3240.000000000002
5337.7500000000055
5908.000000000006
5385.0000000000055
6249.000000000006
6500.750000000006
4583.0000000000055
5868.500000000007
5434.000000000004