12004.250000000013
5978.000000000004
11141.250000000011
5673.0000000000055
10579.50000000001
5459.0000000000055
10405.75000000001
5164.000000000006
11985.750000000015
5266.0000000000055
13424.250000000013
5840.000000000004
14461.500000000016
7085.000000000008
15208.000000000015
8130.000000000009
17206.75000000002
8212.00000000001
18265.25000000002
7569.000000000008
19796.750000000015
6879.000000000007
20615.00000000002
6365.000000000007
19644.500000000022
6106.000000000006
19093.00000000002
6239.000000000007
18921.00000000002
6550.000000000006
18608.75000000002
6526.000000000004
18608.000000000022
5797.000000000007
19733.500000000015
5479.000000000006
20850.50000000003
5434.000000000004
22330.250000000022
5240.000000000004
23588.75000000002
5258.0000000000055
24402.500000000025
6229.000000000008
25723.250000000022
7311.000000000008
23959.000000000025
7624.000000000006
23738.250000000025
8047.000000000009
23497.500000000025
8383.000000000011
22212.750000000022
8150.000000000008
21618.250000000022
8681.000000000007
21731.750000000022
9713.00000000001
21986.750000000025
10277.00000000001
21891.250000000025
9753.000000000011
20796.250000000015
9838.00000000001
18857.75000000002
9944.000000000011
17880.25000000002
8449.00000000001
16149.000000000016
7625.000000000009
11144.750000000011
8682.000000000007
9164.75000000001
9062.000000000007
8555.750000000007
8224.000000000007
8336.500000000007
9439.00000000001
8429.500000000011
12971.00000000001
8436.000000000007
13007.000000000007
9813.75000000001
11844.00000000001
10718.00000000001
11038.000000000011
11263.500000000013
11861.00000000001
11212.000000000011
14699.000000000016
11367.750000000013
15588.000000000015
11260.750000000013
17944.000000000015
11968.500000000015
22214.000000000025
12098.500000000011
25195.00000000002
12699.750000000013
24441.00000000003
13837.750000000015
24402.000000000025
14444.000000000016
24733.000000000022
14441.000000000016
27177.00000000002
14646.750000000016
28374.000000000025
15996.50000000002
26142.000000000033
17687.500000000015
25346.000000000025
18567.50000000002
24660.00000000003
19066.750000000022
23220.000000000022
18747.75000000002
24262.000000000022
18709.25000000002
25148.00000000003
19769.500000000022
26538.000000000033
20001.75000000002
25592.000000000025
20647.000000000022
25278.000000000025
20731.000000000025
24750.00000000003
21062.000000000022
24451.000000000025
21953.25000000002
25963.00000000003
23342.500000000022
25357.000000000015
22657.750000000022
24458.000000000015
23611.750000000025
21717.000000000025
24552.250000000022
17156.00000000002
24122.750000000022
13873.000000000015
24231.250000000022
12503.000000000016
24481.000000000025
12620.000000000013
24571.000000000025
12605.00000000001
24439.000000000025
12228.000000000015
24229.000000000025
11914.000000000015
23307.50000000003
13331.000000000016
21472.50000000002
14439.000000000016
18627.75000000002
15129.000000000016
16048.750000000011
15498.000000000016
14551.750000000015
14855.000000000016
13640.750000000013
12121.000000000013
12667.750000000013
9358.000000000011
11782.750000000013
8569.000000000011
10311.500000000011
9265.000000000005
9806.75000000001
10456.000000000011
8023.250000000006
11328.000000000013
6000.7500000000055
11513.000000000011
5800.500000000005
10617.000000000007
5915.500000000006
9902.00000000001