8743.000000000011
4828.0000000000055
8549.50000000001
5200.0000000000055
8561.000000000011
6041.000000000007
8045.750000000009
6861.000000000008
7530.000000000007
7714.000000000009
7320.250000000006
8514.000000000007
7204.500000000006
9139.000000000007
6810.750000000007
9413.000000000007
6344.750000000006
9342.000000000005
6231.7500000000055
9100.000000000011
5968.000000000006
8916.000000000011
6002.000000000006
8608.00000000001
6223.5000000000055
8272.00000000001
6300.7500000000055
8031.000000000009
6518.2500000000055
7721.000000000008
7065.750000000007
7272.000000000009
7418.000000000008
6720.0000000000055
7480.250000000006
6169.000000000006
7840.250000000009
5565.0000000000055
8988.75000000001
4999.0000000000055
9860.500000000011
4648.0000000000055
9984.25000000001
4560.000000000005
10218.00000000001
4485.0000000000055
10782.25000000001
4507.0000000000055
10268.00000000001
4582.0000000000055
9505.250000000011
4681.0000000000055
9408.50000000001
4867.000000000005
10053.500000000011
5027.000000000005
10705.000000000011
5163.0000000000055
10342.000000000011
6039.000000000004
9801.25000000001
6763.000000000006
10271.25000000001
7094.000000000008
11366.750000000011
7513.000000000007
11897.250000000013
6730.000000000005
12250.000000000015
6735.0000000000055
12390.750000000013
7809.000000000008
11454.50000000001
8087.000000000008
11092.000000000011
8854.000000000005
10466.750000000011
9270.00000000001
9129.500000000007
9126.00000000001
8999.000000000011
9242.00000000001
8855.75000000001
9301.000000000011
8422.75000000001
8879.00000000001
8923.75000000001
9491.000000000011
9317.250000000011
8726.000000000011
9968.25000000001
8164.000000000009
10704.500000000011
8095.000000000009
10545.750000000011
7489.0000000000055
10327.250000000011
6537.0000000000055
9797.250000000013
6344.000000000004
9510.75000000001
6198.000000000007
9808.00000000001
6030.000000000007
10143.750000000011
6078.0000000000055
9844.750000000013
6297.000000000007
9420.25000000001
6571.000000000007
9960.25000000001
6750.0000000000055
10465.500000000011
6976.000000000008
10461.500000000011
7126.000000000005
10350.500000000011
7123.000000000007
9659.000000000011
7037.000000000008
8934.25000000001
6952.000000000006
9901.75000000001
6798.000000000005
9720.75000000001
6670.000000000007
8569.250000000007
6736.000000000007
8331.75000000001
6909.000000000007
9081.25000000001
7250.000000000008
9711.75000000001
7692.000000000008
9632.250000000011
8000.000000000008
9425.000000000011
8256.000000000007
9601.500000000011
8408.000000000007
9959.25000000001
8560.000000000007
10748.00000000001
8783.000000000011
11303.500000000013
9175.000000000011
10182.500000000011
9308.00000000001
8714.00000000001
9168.000000000011
8879.25000000001
8959.00000000001
9587.50000000001
8707.00000000001
9825.000000000011
8155.000000000009
10014.250000000011
7618.000000000008
10808.500000000011
7369.000000000007
10907.750000000011
7437.000000000008
10408.75000000001
8025.000000000009
10202.000000000011
8558.000000000005
10566.500000000011
8693.000000000005
11093.750000000013
8673.000000000011
10804.50000000001
8453.000000000007
10743.25000000001
8258.00000000001
10747.750000000011
8470.00000000001
11121.75000000001
8792.00000000001
11835.000000000011
9625.000000000011