9253.25000000001
9168.00000000001
9207.25000000001
9236.000000000011
9000.75000000001
8938.000000000005
9256.250000000007
8196.00000000001
9982.75000000001
7433.000000000008
10718.25000000001
7212.000000000008
11362.750000000013
7409.000000000009
11491.000000000015
7572.000000000008
11805.250000000013
7642.000000000008
12454.750000000013
7648.000000000008
13124.750000000013
7667.000000000007
13510.500000000013
7750.000000000009
13699.750000000015
8002.000000000009
14676.750000000016
8463.000000000004
16419.50000000002
9076.00000000001
17635.750000000015
9084.00000000001
17529.00000000002
8326.00000000001
17212.00000000002
7529.000000000009
16975.50000000002
7312.000000000006
16525.25000000001
7518.000000000008
15876.750000000013
7753.000000000008
15660.500000000015
7801.000000000008
16013.000000000016
7472.000000000007
16549.50000000002
7217.000000000005
16777.00000000002
6748.000000000006
16670.500000000015
5771.0000000000055
16204.500000000015
5077.0000000000055
15243.000000000015
4574.0000000000055
14531.500000000013
4663.000000000006
14222.750000000013
4793.000000000003
13704.750000000013
4657.000000000004
13168.250000000015
4633.000000000003
12646.250000000013
4756.000000000004
12942.500000000015
4969.0000000000055
13748.250000000015
5272.000000000005
13841.500000000015
5532.0000000000055
13478.750000000015
5581.0000000000055
13721.500000000015
5516.000000000006
14038.250000000011
5612.0000000000055
13979.750000000013
5637.000000000006
13971.500000000015
5366.000000000006
14324.500000000016
6154.000000000006
14116.000000000013
9035.00000000001
14416.000000000016
10142.000000000011
14755.250000000016
11202.000000000011
15338.750000000015
12702.000000000016
15810.500000000015
14255.000000000016
15977.250000000018
15733.00000000002
15943.000000000015
16161.000000000016
15791.00000000002
15066.000000000016
15349.500000000016
13670.000000000013
15459.750000000016
13221.000000000007
15345.250000000016
13058.000000000011
14800.000000000015
12641.000000000007
14634.250000000015
12807.000000000013
14437.250000000015
13344.000000000013
13795.500000000015
12541.000000000011
13377.500000000013
11122.000000000011
13149.500000000013
10583.000000000011
12677.500000000015
11151.000000000013
12679.250000000015
11464.000000000011
13427.750000000013
12265.000000000015
14079.750000000013
13480.000000000013
14847.750000000016
14399.000000000011
15536.500000000015
15807.000000000013
15498.750000000015
17492.00000000002
15443.500000000015
18459.000000000022
15509.500000000015
18505.000000000015
15370.500000000018
17567.00000000002
15370.250000000016
12924.000000000015
15583.250000000016
7510.000000000006
15112.500000000015
5577.0000000000055
13569.000000000013
5422.0000000000055
12426.250000000013
5716.0000000000055
13008.000000000013
6023.000000000008
13360.500000000013
6196.000000000005
13553.250000000015
6157.000000000007
14147.500000000015
6308.0000000000055
14473.750000000015
6823.000000000004
14940.500000000015
7615.00000000001
15458.750000000016
8396.000000000005
15410.500000000015
8800.00000000001
15481.250000000016
8605.000000000007
15610.250000000015
8610.000000000005
15580.250000000015
9010.000000000007
15873.250000000018
9114.000000000011
16290.000000000015
9053.000000000005
16866.50000000002
9474.000000000007
17172.50000000002
10470.000000000011
16821.75000000002
11137.000000000013