13173.750000000015
8879.00000000001
13060.000000000015
9008.00000000001
13424.750000000015
9587.000000000011
13925.500000000013
11480.000000000013
14203.500000000018
12115.000000000011
13624.000000000013
11520.000000000013
13237.500000000013
11621.000000000013
13138.750000000013
11120.00000000001
12271.750000000013
11289.000000000013
12264.000000000015
14501.000000000013
13146.750000000015
15677.000000000016
15295.250000000016
14421.000000000015
16205.50000000002
15407.000000000016
14707.250000000015
18356.000000000022
13074.000000000011
17716.000000000015
12226.500000000015
13530.000000000016
12258.25000000001
12081.000000000005
12391.250000000011
12115.000000000011
13261.750000000013
12664.000000000011
13033.000000000013
14147.000000000015
12481.000000000015
14820.000000000007
11765.75000000001
15817.00000000002
11513.500000000011
15807.000000000013
11381.250000000011
16862.000000000015
12016.250000000013
17342.00000000001
12894.250000000011
16804.00000000002
13002.000000000013
15195.000000000018
12308.500000000015
13899.000000000015
11269.500000000011
13507.000000000015
10714.50000000001
13062.000000000015
10014.500000000011
12432.000000000016
9391.750000000011
11923.000000000013
9476.750000000011
11811.000000000011
9581.250000000011
11584.000000000011
10329.250000000011
11105.000000000013
10640.250000000011
11765.000000000011
10148.500000000011
10954.000000000011
9950.250000000011
9150.00000000001
10838.500000000011
8827.000000000007
12229.750000000015
10547.000000000011
13046.000000000013
10023.000000000007
12978.500000000015
9054.000000000011
12582.500000000013
9547.000000000005
12730.750000000016
10782.000000000011
12728.250000000011
11329.000000000011
13274.250000000015
10603.000000000013
14000.500000000015
10412.000000000013
14387.250000000015
9625.000000000011
14212.000000000011
9013.00000000001
14505.500000000016
8753.00000000001
14166.500000000015
7824.000000000008
14041.750000000015
7156.000000000009
14060.000000000016
7161.000000000008
13737.500000000015
6515.000000000007
13760.250000000015
6578.000000000007
13612.750000000013
6668.000000000007
13096.750000000011
6904.000000000008
13101.000000000013
9024.000000000007
12569.250000000013
10054.000000000011
12062.500000000011
10356.000000000011
11656.00000000001
12935.000000000016
11549.750000000013
13671.000000000018
11329.500000000013
13074.000000000011
11094.750000000013
12964.000000000013
10873.500000000011
11997.00000000001
11150.000000000013
12205.000000000005
10979.000000000011
11836.000000000013
10836.250000000013
11610.000000000011
11546.000000000011
11853.000000000015
12448.000000000011
11590.000000000007
12559.250000000015
11307.000000000013
11809.500000000013
11791.000000000013
11687.750000000013
12727.00000000001
11603.500000000011
13071.000000000015
11516.250000000013
13516.000000000011
11160.750000000013
14384.000000000011
10485.250000000011
15019.000000000016
9425.000000000011
14557.000000000018
9400.250000000007
13407.000000000015
9059.50000000001
10906.000000000013
9764.50000000001
8936.00000000001
11331.500000000011
6865.0000000000055
12780.750000000015
6953.000000000008
13260.250000000015
7195.000000000007
12403.750000000013
7295.000000000009
12856.500000000013
8234.000000000011
13607.750000000015
9518.000000000011
14156.000000000015
10110.00000000001
15110.000000000016
10949.000000000013
15485.250000000016
11964.000000000015