16514.75000000002
15077.000000000018
16649.25000000002
15567.000000000013
16773.25000000002
16039.000000000016
16875.50000000002
16460.00000000001
16913.25000000002
16721.000000000022
16927.75000000002
16861.000000000015
16921.000000000015
16770.000000000015
16857.000000000015
16485.00000000002
16729.00000000002
16024.000000000016
16543.00000000002
15594.000000000015
16260.250000000016
15049.000000000016
15593.000000000013
14549.000000000016
14866.750000000015
13918.000000000015
14237.750000000013
13380.000000000015
13514.500000000013
12934.000000000015
13039.250000000015
12474.000000000007
12788.500000000011
12162.000000000013
12591.500000000015
11837.000000000013
12506.000000000013
11662.00000000001
12118.000000000013
11509.000000000013
12115.750000000013
11380.000000000013
12285.500000000013
11203.000000000013
12528.250000000015
11169.000000000013
12671.750000000015
11048.000000000013
12665.250000000015
10958.000000000013
12527.000000000013
10864.000000000011
12377.250000000011
10862.00000000001
12715.750000000011
10896.000000000013
12733.000000000013
10946.000000000011
12427.250000000013
10915.000000000011
12304.750000000013
10965.000000000011
12230.750000000011
11055.000000000011
11788.250000000013
11488.000000000013
11486.750000000011
11982.00000000001
11034.500000000013
12035.000000000013
10419.00000000001
12012.00000000001
10054.50000000001
11801.000000000013
10018.00000000001
11805.000000000013
9704.500000000011
11768.00000000001
9633.25000000001
11506.000000000011
9824.000000000011
11299.000000000015
10437.500000000013
11154.00000000001
10783.000000000011
11059.000000000013
10618.250000000013
11021.000000000013
10486.25000000001
10846.000000000013
10331.000000000011
10603.000000000011
10315.000000000011
10247.00000000001
10422.75000000001
10011.00000000001
10654.750000000011
9921.000000000005
11879.750000000011
9918.000000000013
12607.000000000013
9918.000000000011
12517.500000000011
9933.000000000013
12518.000000000013
9859.000000000005
12920.000000000016
9781.00000000001
13127.000000000013
9546.00000000001
13523.000000000013
9443.000000000007
13533.750000000015
9369.000000000011
13127.250000000015
9358.000000000011
12887.750000000015
9337.000000000007
12760.500000000011
9223.000000000007
12276.750000000011
9043.00000000001
11772.750000000015
8920.000000000011
11758.250000000013
8840.000000000011
12417.000000000015
8741.00000000001
12995.000000000015
8750.000000000007
12512.750000000011
8792.00000000001
11915.000000000015
8767.000000000011
12305.000000000013
8777.000000000005
12639.500000000011
8779.000000000011
12267.500000000013
8700.00000000001
11935.000000000013
8649.000000000005
11933.500000000011
8615.00000000001
12064.250000000013
8542.000000000005
12313.75000000001
8455.00000000001
12482.750000000013
8452.00000000001
12435.250000000011
8551.000000000011
12051.750000000013
8804.000000000007
11581.500000000013
8987.000000000007
11830.750000000013
9080.000000000011
12753.500000000013
9149.00000000001
14044.500000000015
9082.000000000005
15511.750000000018
9098.000000000005
16893.75000000001
9171.000000000011
18442.00000000002
9237.000000000011
19474.25000000002
9202.000000000004
20323.750000000022
9308.000000000013
20909.750000000022
9273.000000000005
21290.000000000022
9118.000000000011
21470.500000000025
8835.000000000007
21483.500000000025
8688.000000000011