9806.50000000001
6481.000000000004
9350.000000000007
6219.000000000005
8557.250000000007
6159.000000000005
8854.75000000001
6618.000000000004
9380.250000000007
6859.000000000005
9613.75000000001
6739.000000000004
8699.00000000001
7502.000000000006
8358.00000000001
8261.000000000005
8530.25000000001
8749.00000000001
8494.75000000001
9194.00000000001
8109.000000000009
9822.000000000011
8216.75000000001
10059.000000000011
8774.75000000001
10506.00000000001
8749.000000000007
10335.000000000007
9224.75000000001
9717.000000000011
10234.50000000001
9738.000000000011
9591.25000000001
10664.000000000013
8692.25000000001
9078.000000000007
8305.500000000007
7468.000000000009
8178.500000000008
6619.000000000006
8955.25000000001
6076.000000000006
9287.25000000001
6141.0000000000055
8858.250000000007
7130.000000000007
8931.00000000001
7469.000000000007
8904.00000000001
6800.000000000004
8993.50000000001
6190.000000000006
8793.000000000007
6825.000000000007
9095.750000000011
6269.000000000003
9483.500000000011
7871.000000000008
9704.750000000011
8970.00000000001
9728.25000000001
9085.000000000007
8787.25000000001
9139.000000000007
7923.250000000008
9751.00000000001
6877.250000000007
8593.00000000001
6213.000000000006
6911.000000000007
6305.500000000006
5985.000000000004
6577.250000000006
7489.0000000000055
6393.7500000000055
7447.000000000008
6781.2500000000055
8375.000000000005
6607.000000000007
9113.000000000011
6928.500000000006
9706.00000000001
7429.500000000007
9727.000000000011
7574.500000000007
10021.00000000001
7672.250000000006
9622.00000000001
7511.250000000007
9985.000000000013
7393.750000000007
9754.000000000011
7794.000000000007
9804.000000000011
7845.750000000006
9923.000000000013
7640.000000000007
8992.000000000011
7518.500000000007
9050.00000000001
7864.500000000009
8840.000000000007
8449.750000000007
8187.000000000009
8677.000000000007
7202.000000000005
8017.000000000009
7561.000000000007
7714.750000000007
8066.000000000007
8736.750000000007
9256.00000000001
9130.500000000007
9154.000000000007
8535.25000000001
7957.000000000007
9074.50000000001
8598.000000000007
8974.250000000011
10161.00000000001
9813.00000000001
10935.000000000013
10542.500000000013
11801.000000000015
10341.50000000001
11588.000000000015
10876.250000000011
11497.000000000011
10692.750000000011
11484.000000000011
9837.000000000011
11776.000000000013
9426.75000000001
11390.000000000011
9413.750000000011
11890.00000000001
9264.250000000011
12708.000000000011
9330.25000000001
13436.000000000013
9634.000000000007
13597.00000000001
10331.000000000011
12892.000000000011
10746.000000000011
12358.000000000011
10215.750000000011
12811.000000000013
10179.250000000011
12305.000000000007
9687.25000000001
13347.000000000015
8723.500000000007
12699.000000000013
8325.75000000001
12044.00000000001
8657.25000000001
12596.000000000007
8466.25000000001
12553.000000000015
8245.00000000001
12012.00000000001
7851.750000000007
11701.000000000015
7764.750000000009
11616.00000000001
7889.000000000008
11950.00000000001
7943.250000000008
10184.000000000011
8714.250000000007
9480.00000000001
9154.00000000001
9739.000000000011
8903.000000000007
10724.000000000011
8702.500000000007
11490.000000000013
8662.000000000007
11667.000000000007