2508.7500000000027
2724.000000000003
2533.0000000000027
2978.0000000000027
2413.0000000000023
3396.0000000000036
2417.0000000000023
3649.0000000000036
2410.2500000000027
3936.0000000000045
2390.5000000000027
4226.000000000005
2245.0000000000023
3931.000000000004
2315.000000000002
3432.0000000000036
2484.5000000000023
3294.000000000003
2599.7500000000023
3255.0000000000036
2851.7500000000027
3179.0000000000036
2903.7500000000023
3035.000000000003
2971.7500000000027
3114.000000000003
3292.0000000000036
3185.0000000000027
4189.000000000004
2989.000000000002
6166.000000000007
3013.0000000000027
6380.500000000006
3293.000000000003
6317.500000000006
3556.000000000003
6274.7500000000055
3333.0000000000014
6012.500000000005
3175.000000000003
6385.000000000007
3054.000000000003
6773.500000000007
2711.0000000000027
6685.500000000006
2543.0000000000027
6809.750000000007
2379.0000000000014
6818.250000000006
2525.000000000003
6883.500000000009
2899.0000000000027
7173.250000000007
2917.000000000003
7284.500000000007
2898.000000000003
7432.750000000008
3347.000000000002
7398.750000000008
3564.000000000004
7499.750000000007
3619.0000000000027
7168.000000000007
3406.0000000000036
6744.250000000006
3206.000000000002
6393.000000000006
3099.0000000000036
6104.000000000006
3361.0000000000023
5828.7500000000055
3846.0000000000027
5542.750000000005
3956.0000000000045
5341.7500000000055
3839.0000000000036
5310.2500000000055
3528.0000000000036
5326.7500000000055
3690.000000000003
5437.750000000006
4714.000000000004
5296.7500000000055
4656.000000000005
4939.250000000004
4179.000000000003
5195.0000000000055
4448.000000000004
6194.5000000000055
4811.000000000005
7087.500000000006
4772.0000000000055
7482.000000000008
4688.0000000000055
8076.000000000008
4547.000000000004
8702.000000000011
4314.000000000004
9052.750000000007
3768.0000000000036
9312.500000000011
2984.0000000000023
8933.50000000001
3287.0000000000036
8619.00000000001
4114.000000000005
8960.250000000011
4066.0000000000036
9082.75000000001
3686.000000000004
9160.50000000001
3503.000000000004
8868.25000000001
3334.0000000000036
8403.00000000001
3166.0000000000027
7848.750000000006
3196.0000000000027
8035.000000000008
3092.000000000003
8194.500000000007
2401.000000000002
7857.000000000007
1928.0000000000023
8217.000000000007
2088.0000000000014
8826.00000000001
2322.0000000000014
9329.250000000011
2585.0000000000027
9675.00000000001
2804.000000000003
9844.000000000011
2790.0000000000027
9812.250000000007
2793.0000000000027
9576.25000000001
3123.0000000000014
9068.500000000011
3126.000000000002
8546.25000000001
2685.000000000003
7890.500000000009
2363.000000000002
7703.250000000008
2443.0000000000023
7835.000000000009
2926.0000000000027
7846.250000000007
3098.0000000000023
7279.7500000000055
2785.0000000000023
6457.250000000007
2381.0000000000014
6301.5000000000055
2286.0000000000027
6119.500000000007
2127.0000000000023
5518.000000000005
2176.000000000002
5048.0000000000055
2391.0000000000027
4856.250000000005
2581.0000000000027
4470.500000000005
2371.0000000000027
4005.000000000003
2607.0000000000027
3355.250000000003
3003.0000000000023
2480.750000000003
2750.000000000003
1824.500000000002
2590.000000000003
1887.5000000000014
2262.000000000002
1958.7500000000018
2051.0000000000023
1829.500000000002
2007.000000000002