16332.250000000013
19493.000000000022
16526.50000000001
19334.000000000022
16824.25000000002
19174.000000000022
17077.750000000015
19489.00000000002
17140.50000000002
20369.000000000025
17110.500000000015
20924.000000000022
17029.75000000002
20667.000000000022
16961.25000000002
19692.000000000022
16865.250000000015
18783.00000000002
16710.75000000002
18219.000000000007
16693.75000000002
17821.000000000015
16748.00000000002
17775.000000000015
16739.250000000015
17813.00000000001
16563.50000000002
17666.000000000022
16380.500000000013
17317.000000000015
16555.50000000002
17217.00000000002
16836.750000000015
17352.00000000002
16272.250000000016
17464.00000000001
15569.750000000015
17275.000000000022
15900.500000000016
16814.000000000015
16389.50000000002
16348.000000000015
16135.750000000018
16190.000000000018
15450.000000000016
16233.000000000015
14845.750000000016
15920.000000000016
14687.250000000016
14963.000000000011
14899.250000000011
13885.000000000015
15114.500000000015
14237.00000000001
14984.750000000016
14564.000000000016
14154.250000000013
13342.000000000016
13344.500000000015
11389.000000000011
13038.500000000013
11261.00000000001
12845.500000000016
12818.000000000015
12599.750000000013
15413.000000000013
12676.000000000011
16621.000000000022
12315.250000000011
16893.000000000015
12001.500000000011
16580.00000000001
10868.250000000011
15258.000000000015
9070.25000000001
13366.000000000015
8121.2500000000055
12879.000000000015
7896.250000000008
13078.000000000018
8014.250000000006
13449.000000000007
7686.5000000000055
13574.000000000016
7315.250000000008
13691.000000000016
7004.000000000007
13757.000000000016
7090.500000000006
14183.000000000016
6853.750000000006
15791.000000000015
6660.000000000006
17168.000000000015
6787.7500000000055
16920.000000000015
6794.000000000006
15816.000000000016
7070.750000000006
15772.000000000015
7623.500000000008
15611.000000000016
8046.750000000009
14883.000000000016
8298.75000000001
14165.000000000016
8790.250000000011
14931.000000000015
9570.25000000001
16085.000000000016
9651.500000000011
16460.00000000001
10085.750000000011
16797.000000000022
10156.75000000001
17331.000000000022
9900.000000000011
17324.00000000002
10175.500000000011
16879.000000000007
9557.000000000011
15479.000000000016
9609.25000000001
14666.000000000016
9694.500000000011
13849.000000000016
9596.00000000001
12017.000000000013
10055.000000000011
11437.000000000011
10020.750000000011
11176.00000000001
9890.25000000001
11281.000000000011
10213.250000000011
10645.000000000011
11553.000000000013
12152.000000000013
11962.250000000013
13798.000000000016
11279.500000000011
12501.000000000015
10961.000000000013
10235.000000000011
10947.250000000013
9141.00000000001
10729.000000000011
8254.00000000001
9943.500000000011
7653.000000000006
9231.000000000007
7503.000000000007
8811.50000000001
7603.000000000008
8347.25000000001
7734.000000000007
7810.250000000008
7999.000000000008
7418.750000000006
8541.000000000005
7230.250000000006
9144.000000000005
7088.750000000007
9136.000000000005
7036.2500000000055
8285.000000000007
6930.250000000007
7550.0000000000055
6629.500000000006
7641.000000000007
6287.000000000007
7806.000000000009
6114.500000000008
8077.000000000007
5923.2500000000055
7845.000000000006
5560.250000000005
6776.000000000007
5333.2500000000055
6361.000000000007