13864.000000000015
10024.000000000011
14424.500000000015
10045.000000000007
15663.500000000016
8899.000000000005
17052.25000000001
7760.000000000008
17987.75000000002
7101.0000000000055
17436.75000000002
7353.000000000008
16909.25000000002
8440.00000000001
16945.500000000015
8992.000000000005
16451.00000000002
8909.00000000001
15473.500000000016
8623.00000000001
15555.750000000015
8838.000000000005
14924.750000000013
9519.00000000001
12939.500000000013
10611.000000000011
10949.000000000011
12604.000000000015
9671.000000000011
14739.000000000018
9037.500000000007
16824.00000000001
8670.00000000001
18957.00000000001
8353.500000000007
19560.000000000025
8261.25000000001
18066.000000000015
8094.250000000008
18343.000000000007
7598.250000000007
19463.000000000022
7129.250000000006
18802.00000000002
8752.750000000007
17369.00000000002
10942.250000000013
19051.000000000022
12329.250000000015
21648.000000000025
13434.500000000016
23674.000000000025
14326.500000000016
25282.000000000015
15687.750000000016
26507.00000000002
16740.25000000002
27235.000000000025
17294.500000000022
27525.000000000025
17207.75000000002
27587.000000000025
17243.25000000002
27124.000000000022
17997.75000000002
26587.00000000003
16780.25000000002
26652.000000000015
13892.250000000015
26554.00000000002
11455.500000000013
24157.00000000003
10605.250000000011
21403.000000000025
9731.75000000001
19629.000000000022
8606.500000000007
18753.000000000022
8188.750000000007
18379.00000000001
8076.500000000007
18436.00000000002
8202.750000000011
17411.000000000015
8012.000000000008
17047.000000000022
8318.250000000007
17343.00000000001
8847.75000000001
17513.000000000022
9161.500000000007
17543.00000000002
9219.750000000007
17453.000000000022
9191.00000000001
18323.000000000015
9431.50000000001
18895.00000000001
9089.50000000001
18764.000000000015
8820.500000000011
19162.000000000015
8751.750000000007
19233.000000000022
9016.75000000001
19146.000000000015
9160.00000000001
19761.00000000002
9356.500000000007
20447.00000000002
9544.25000000001
21043.000000000025
9347.75000000001
21279.000000000015
9003.250000000007
20950.00000000002
8801.000000000007
20897.000000000022
8917.00000000001
21011.00000000002
9117.50000000001
21095.000000000022
9762.000000000011
21850.000000000025
10159.000000000011
22692.000000000025
9710.750000000011
22638.00000000002
10120.000000000011
22180.000000000025
10541.500000000013
21743.00000000002
10326.500000000013
21716.00000000003
10304.500000000007
21764.000000000022
10416.250000000011
21286.00000000002
10591.750000000013
21165.00000000002
10465.750000000011
20877.000000000022
10315.50000000001
20557.000000000022
10009.000000000011
21079.000000000022
10170.750000000011
21835.00000000002
10732.750000000011
21722.000000000022
11557.250000000013
21747.000000000025
12337.000000000013
22062.000000000025
13103.750000000015
22410.000000000022
13669.000000000015
22737.000000000022
13956.750000000013
22892.000000000025
13934.000000000015
23233.00000000003
14459.500000000015
23734.000000000025
15423.250000000011
24295.000000000025
15000.000000000015
24852.00000000003
13816.500000000015
24973.000000000022
14506.250000000016
24821.00000000001
15296.750000000018
25260.000000000033
15457.000000000015
25666.00000000003
16175.250000000015
25816.00000000003
17776.75000000002
25793.000000000033