15342.750000000015
16080.000000000015
15039.750000000015
16112.000000000018
14805.750000000015
16197.000000000016
14559.250000000013
16204.000000000016
14400.250000000015
16074.000000000015
14233.500000000011
15846.000000000016
13963.750000000016
15608.000000000015
13378.000000000015
15466.000000000011
12969.500000000013
15446.000000000013
12872.500000000015
15451.000000000015
12905.000000000015
15360.000000000016
12909.250000000015
15158.000000000015
12767.750000000015
14869.000000000016
12597.250000000013
14578.000000000013
12493.250000000013
14317.000000000007
12278.500000000013
14188.000000000016
12115.250000000011
14185.000000000016
12317.00000000001
14307.000000000016
13037.500000000013
14526.000000000018
12988.500000000016
14741.000000000013
12906.500000000013
14799.000000000015
12698.750000000011
14721.000000000015
12469.750000000013
14514.000000000016
11853.000000000011
14406.000000000015
11606.000000000011
14564.000000000015
11470.250000000011
14892.000000000015
11290.250000000011
15318.00000000001
11270.000000000011
15678.000000000015
11339.750000000015
15793.000000000016
11330.000000000013
15686.000000000016
11526.750000000013
15406.000000000015
10562.500000000011
15086.000000000013
10037.75000000001
14786.000000000018
10153.00000000001
14525.000000000018
9978.75000000001
14382.000000000016
10002.00000000001
14440.000000000016
9664.25000000001
14581.000000000016
9362.750000000011
14730.000000000013
9397.500000000007
14935.000000000015
9341.000000000011
15296.000000000016
9442.75000000001
15766.000000000013
9671.500000000011
16238.000000000016
9755.75000000001
16534.00000000001
9965.250000000011
16554.000000000022
10193.50000000001
16584.00000000002
10504.000000000013
16581.00000000001
10553.000000000011
16434.000000000015
10519.25000000001
16223.000000000016
10540.000000000011
15969.00000000002
10612.250000000011
15811.000000000016
11229.750000000013
15834.000000000018
11182.000000000011
16135.000000000016
10584.000000000011
16572.000000000015
10312.250000000011
17027.000000000015
10419.50000000001
17485.000000000015
10333.50000000001
17869.00000000002
10339.500000000011
18129.00000000002
10277.750000000011
18346.00000000002
10452.00000000001
18514.00000000002
10832.250000000007
18643.000000000015
10957.000000000011
18691.000000000015
11407.250000000013
18722.000000000022
11480.00000000001
18753.00000000002
11300.250000000013
18740.00000000002
11483.000000000013
18686.000000000022
11832.25000000001
18511.00000000002
12088.250000000011
18198.000000000022
12156.500000000015
17832.000000000022
12053.000000000011
17463.00000000001
12410.000000000013
17115.00000000001
12553.250000000011
16805.000000000007
12585.250000000011
16526.000000000015
12628.250000000013
16308.000000000018
12728.250000000011
16179.000000000015
12735.250000000013
16118.000000000016
13324.250000000015
16169.000000000018
13887.000000000015
16278.000000000018
13531.750000000015
16451.000000000015
13022.250000000015
16680.000000000015
12807.750000000011
16953.000000000015
13364.250000000015
17202.00000000002
13144.750000000015
17394.000000000015
12482.250000000015
17634.00000000002
12060.25000000001
18090.000000000022
12498.750000000013
18802.00000000002
13013.250000000013
19438.00000000002
13360.500000000015
19637.000000000007
13610.500000000013
19443.00000000002
13860.000000000013
19004.000000000022
14188.750000000015
18609.000000000022