12275.000000000011
20566.000000000022
12207.000000000011
18712.00000000002
12078.750000000011
17132.00000000002
11873.000000000013
16210.000000000016
11449.750000000013
15627.000000000018
10771.750000000011
15420.000000000011
10306.500000000011
15409.000000000018
10161.50000000001
15413.000000000016
10530.000000000011
15369.000000000013
11046.75000000001
15543.000000000015
11708.750000000013
15668.000000000018
12322.250000000013
16005.000000000018
12525.750000000013
16800.000000000015
12521.500000000013
17560.000000000015
12663.750000000013
18100.00000000002
12961.500000000015
18072.00000000001
13080.250000000015
17388.00000000001
12877.000000000011
17030.000000000015
12392.250000000011
17420.00000000001
11835.000000000013
17772.000000000022
11566.250000000013
17500.000000000015
11415.250000000013
16285.000000000018
11064.500000000013
14354.000000000011
10698.250000000011
12841.000000000013
10526.000000000011
12107.000000000016
10380.500000000011
11746.000000000015
10226.00000000001
12051.000000000015
9971.00000000001
12647.000000000011
9683.750000000011
13021.000000000016
9685.75000000001
13721.000000000015
9943.25000000001
14486.000000000013
10001.250000000011
15095.000000000016
9814.250000000011
15370.000000000013
9474.75000000001
15749.000000000018
9629.250000000011
16989.00000000002
9453.750000000011
18472.000000000022
9838.000000000011
19091.00000000002
9276.50000000001
19363.000000000025
8858.25000000001
20083.00000000002
8406.25000000001
21163.000000000025
7842.250000000008
21996.000000000025
7548.500000000008
21048.00000000002
7518.750000000006
16543.000000000015
7464.750000000007
12484.00000000001
7322.250000000008
11588.000000000013
7299.750000000006
11811.000000000011
7521.500000000007
11791.000000000013
7442.500000000008
12151.000000000013
7252.500000000007
12137.000000000015
7432.250000000008
11440.000000000013
7586.000000000008
10652.000000000013
7307.250000000006
10555.000000000011
7180.000000000006
10856.00000000001
7181.000000000006
10498.00000000001
7060.750000000007
9736.00000000001
6963.2500000000055
9670.00000000001
7188.500000000008
9627.000000000007
7604.750000000006
9497.000000000007
8101.250000000007
9410.000000000005
8651.50000000001
9690.00000000001
9006.00000000001
9133.000000000011
8860.25000000001
8722.000000000004
8608.500000000007
8546.000000000007
8594.750000000007
7834.000000000009
8319.50000000001
7301.000000000009
8208.75000000001
7240.000000000005
8469.50000000001
7595.000000000007
8299.250000000007
7314.0000000000055
7782.250000000007
6019.0000000000055
7745.250000000007
5330.0000000000055
8198.250000000007
5256.000000000006
8031.250000000008
5883.000000000006
7696.250000000008
6092.000000000008
7746.250000000009
6434.000000000007
7911.250000000008
7779.000000000007
8165.000000000008
9000.00000000001
8404.000000000007
10990.000000000007
8685.00000000001
11446.000000000011
8772.75000000001
11552.000000000015
9317.50000000001
11081.000000000011
9172.250000000007
11241.000000000011
8451.25000000001
11236.000000000013
7233.750000000007
9502.000000000011
6275.000000000006
10443.000000000011
5619.000000000006
10844.000000000011
5691.250000000006
9955.00000000001
6031.000000000006
9657.000000000007
6569.000000000006
9900.000000000011
6968.750000000009
10076.000000000007
7183.250000000007
10298.00000000001