11439.250000000011
6966.000000000005
11900.000000000011
7296.000000000008
12764.000000000013
7038.000000000008
13031.500000000016
6465.000000000004
12547.000000000013
6431.0000000000055
11989.000000000011
6606.0000000000055
11733.750000000013
6816.000000000004
11511.250000000013
6516.000000000005
11617.500000000015
6227.000000000005
11975.000000000011
6145.000000000004
12387.500000000013
6273.000000000005
12554.750000000013
6595.000000000008
12640.000000000016
7285.000000000007
12601.750000000013
7694.000000000008
12584.500000000013
7843.000000000008
12369.000000000013
7941.000000000009
11916.75000000001
8670.00000000001
11305.500000000011
9060.000000000005
10792.500000000011
8307.000000000011
10442.25000000001
7143.000000000004
10319.25000000001
9380.000000000005
10472.750000000013
11647.00000000001
10871.750000000011
12074.00000000001
11463.750000000011
11499.000000000011
12109.500000000013
10798.000000000011
12977.250000000011
9680.000000000007
13793.750000000011
9380.000000000011
14078.000000000015
8849.000000000007
13759.500000000016
7831.000000000008
13362.500000000013
7147.000000000007
13500.750000000015
6622.000000000007
13533.250000000011
6413.000000000006
13937.250000000013
6715.000000000007
14238.250000000015
8283.000000000011
15391.750000000015
10030.000000000007
16101.250000000016
11592.000000000013
16087.750000000013
13280.000000000016
15328.000000000015
13898.000000000015
14724.500000000016
12124.000000000007
14087.250000000015
7964.00000000001
14074.000000000016
4729.0000000000055
14378.000000000016
4348.0000000000055
14203.750000000015
4645.0000000000055
13517.750000000015
5134.000000000006
14117.000000000015
5611.000000000006
14463.500000000016
5818.000000000006
14992.250000000013
5821.0000000000055
15389.750000000015
6274.000000000007
15358.250000000016
7681.000000000009
15157.500000000018
9576.00000000001
15067.000000000016
9821.000000000011
15316.000000000015
8073.000000000008
15472.750000000016
6566.000000000008
16151.500000000018
6796.0000000000055
16761.500000000015
7784.000000000006
17039.750000000015
8530.000000000007
17512.750000000015
9254.000000000007
17390.25000000002
10299.000000000013
16253.250000000018
11490.000000000011
15368.000000000016
12251.000000000011
15273.750000000016
11938.000000000015
14295.250000000015
10792.000000000007
13406.000000000015
9501.000000000005
13328.750000000015
8730.00000000001
13480.250000000015
8883.00000000001
14012.000000000013
9581.000000000007
14731.500000000015
10428.000000000011
14842.500000000016
11880.000000000007
14571.500000000015
13036.000000000016
13860.250000000013
13246.00000000001
13363.750000000013
13049.00000000001
13866.500000000016
13330.000000000016
14568.250000000015
13704.00000000001
14364.250000000015
13727.000000000015
14263.750000000013
14546.000000000007
14502.000000000016
16463.000000000015
15208.750000000018
17845.00000000001
15901.000000000013
17802.000000000022
16125.500000000016
16675.00000000002
15869.750000000018
15205.000000000016
15690.500000000015
14197.000000000013
16180.750000000015
13777.000000000015
15932.000000000016
13381.000000000015
15254.000000000015
13437.000000000005
15123.750000000016
13517.000000000015
15848.25000000002
13253.000000000013
14500.250000000013
13535.00000000001
12493.250000000013
13739.000000000013
11441.750000000011
13482.000000000016
11497.000000000013
13387.000000000016