9912.250000000011
9064.00000000001
9872.00000000001
9445.000000000013
9824.000000000011
9717.000000000011
9982.500000000011
10132.00000000001
9623.25000000001
10869.000000000011
9433.25000000001
10857.000000000011
9660.00000000001
11949.000000000016
9799.250000000011
12794.000000000013
9706.50000000001
12530.00000000001
9644.00000000001
12198.000000000007
10174.500000000013
12661.000000000015
10938.000000000011
12813.000000000015
11406.000000000013
12402.000000000015
11851.250000000013
11670.000000000015
12368.000000000011
10972.000000000013
11914.000000000011
10557.000000000011
11310.250000000011
10804.000000000005
11290.750000000013
11993.000000000011
11605.000000000013
12675.000000000015
11436.50000000001
12816.000000000011
11184.750000000011
13099.000000000013
10740.750000000011
13465.000000000013
10773.250000000011
13227.000000000011
10826.250000000011
13599.000000000015
10936.500000000011
14061.000000000016
11314.500000000011
13581.000000000018
12117.250000000015
12796.000000000013
12622.500000000016
11356.000000000013
12800.000000000016
10124.000000000011
12420.500000000013
10030.000000000007
12157.250000000011
9487.000000000005
11870.000000000015
8019.000000000006
11893.250000000013
7331.000000000007
13272.75000000001
7397.000000000008
13553.250000000015
7607.000000000008
13367.750000000013
7314.0000000000055
13420.750000000015
6309.0000000000055
12722.250000000013
6323.000000000007
11720.750000000013
7431.000000000007
11163.250000000013
7480.000000000008
11050.500000000011
6515.000000000007
11066.750000000011
6189.000000000005
10928.750000000013
6733.000000000006
10464.000000000011
6922.000000000008
10392.750000000011
7388.000000000006
10573.500000000011
7676.000000000008
10652.500000000011
8297.000000000005
10934.500000000015
8076.00000000001
10901.750000000011
7463.000000000008
10658.750000000011
6994.0000000000055
10537.500000000011
6721.000000000007
9948.500000000011
8107.000000000007
9508.50000000001
9483.000000000011
9046.000000000011
9612.000000000007
9036.50000000001
9405.000000000007
9188.250000000011
9456.000000000011
9859.500000000011
10072.00000000001
10430.750000000011
11110.000000000011
10309.500000000011
12909.000000000015
10128.75000000001
13308.00000000001
9583.00000000001
12676.000000000015
8594.750000000007
9470.00000000001
8433.50000000001
6759.000000000007
8355.25000000001
5398.000000000006
8090.000000000008
5438.000000000006
8277.75000000001
4724.000000000003
9061.75000000001
5628.0000000000055
8898.000000000011
6744.000000000007
8721.00000000001
6842.0000000000055
9659.00000000001
8879.000000000011
10593.500000000013
11031.000000000013
11306.250000000011
10977.000000000011
11399.750000000013
10599.000000000011
11423.000000000013
10023.000000000007
12522.750000000011
9164.000000000011
13931.250000000016
9345.000000000007
14763.500000000015
10714.000000000011
14712.500000000015
12589.000000000015
14393.750000000011
12711.000000000015
15073.250000000015
11913.000000000013
16605.00000000002
12420.000000000011
17878.000000000015
13434.000000000018
17991.00000000002
13668.000000000011
17766.00000000002
13429.00000000001
17967.00000000001
13958.000000000011
17872.250000000015
14058.000000000016
17834.75000000002
13032.00000000001
17444.750000000015
11684.000000000013
17471.00000000002
11033.000000000013
18062.75000000002
10849.000000000013