12999.750000000013
15770.000000000015
13347.000000000015
17636.000000000022
13701.250000000015
17748.000000000022
13706.500000000015
17039.00000000001
13801.500000000015
17276.000000000022
14373.000000000015
16344.000000000013
14924.250000000018
16565.00000000001
14775.500000000018
16345.000000000016
14739.750000000013
16325.000000000018
14407.000000000013
16674.00000000001
13710.250000000016
17293.00000000002
13292.250000000015
17420.00000000001
12868.000000000013
17420.00000000001
12867.000000000013
17651.00000000002
12964.000000000011
16956.00000000002
12941.250000000015
16887.00000000001
13101.75000000001
17888.00000000002
12576.000000000013
18475.000000000015
12295.500000000011
18462.000000000015
12564.000000000013
18293.000000000015
12838.750000000015
18258.00000000001
13097.250000000015
18211.00000000001
12956.250000000015
18346.00000000002
12731.000000000013
18588.00000000002
13039.750000000015
18706.000000000015
13495.000000000013
18557.00000000002
13542.500000000015
18007.00000000002
13757.750000000013
17742.000000000022
13555.750000000015
17816.00000000001
13264.250000000015
18227.00000000001
12563.250000000013
18338.000000000015
12689.500000000013
18406.00000000002
13105.500000000013
17294.00000000002
13362.500000000015
15622.000000000015
13182.000000000015
15764.000000000013
12846.250000000011
16157.000000000015
12851.500000000011
16804.00000000002
12614.000000000016
17408.000000000015
11664.500000000011
16743.00000000002
10784.250000000011
15580.000000000016
11155.750000000013
14346.000000000016
11261.500000000015
13263.000000000015
10784.750000000011
11826.000000000011
10778.500000000011
10852.000000000011
11188.250000000013
9664.000000000007
11255.000000000011
8567.000000000007
10912.250000000011
8583.000000000007
10626.50000000001
8813.000000000011
10706.750000000011
8840.00000000001
10427.00000000001
9237.000000000011
10468.250000000011
9544.000000000011
10351.25000000001
9480.000000000011
10732.000000000011
9586.000000000005
10820.000000000011
9710.000000000007
10320.750000000011
9703.000000000007
10319.25000000001
9832.000000000007
9909.250000000011
9776.000000000011
9846.75000000001
9742.000000000011
10268.000000000011
9675.00000000001
10232.25000000001
9514.000000000011
10584.000000000011
9473.000000000011
10985.500000000013
9376.000000000011
10846.000000000011
9191.000000000011
10958.250000000013
8972.000000000007
11280.500000000011
8814.00000000001
11212.50000000001
8903.000000000007
11008.00000000001
9008.00000000001
11544.750000000011
9071.000000000007
11581.000000000011
9027.00000000001
10984.50000000001
8810.000000000011
11893.000000000013
8556.000000000005
12387.500000000015
8439.000000000007
12311.000000000015
8702.000000000005
12371.500000000013
8962.00000000001
12344.500000000013
9061.000000000011
13352.750000000013
9289.000000000005
13165.250000000016
9486.000000000011
9721.000000000011
9596.000000000007
9275.50000000001
9845.00000000001
9460.75000000001
9885.000000000007
9858.250000000011
9965.00000000001
10294.500000000011
10099.000000000007
10656.250000000011
10395.000000000011
11039.500000000013
10884.000000000011
11759.750000000011
11868.000000000015
14145.250000000015
14610.000000000015
19797.25000000002
20580.000000000022
21767.500000000025
22188.000000000025
26471.750000000025
26710.000000000022
31045.000000000015
31112.00000000002