27273.750000000033
25251.000000000022
18632.00000000002
16823.00000000001
14306.750000000015
12132.000000000015
14163.250000000015
11469.000000000011
14680.500000000016
11850.000000000013
14843.750000000018
12415.000000000013
14501.000000000013
12292.000000000007
14173.750000000015
11543.000000000011
14806.250000000016
11496.000000000015
15653.250000000015
12980.000000000015
15894.250000000016
14759.000000000016
16011.500000000015
14505.000000000016
16043.250000000018
13624.000000000015
15862.000000000016
13414.000000000018
15947.250000000018
13359.000000000013
16424.500000000015
12892.000000000011
16162.500000000018
12107.000000000016
15363.250000000015
11918.000000000015
15217.750000000016
13484.000000000015
15655.250000000015
15052.000000000016
15409.500000000016
15129.000000000016
15215.500000000015
14846.000000000018
15356.500000000015
15697.000000000018
16016.500000000016
17303.000000000015
16600.250000000022
17834.000000000022
17453.25000000002
17680.00000000002
17915.000000000015
17457.000000000015
19181.25000000002
17958.000000000025
20108.250000000022
19227.000000000022
20843.250000000022
19339.00000000001
20930.750000000022
17788.000000000022
20455.75000000002
16639.00000000002
19229.750000000022
16352.000000000018
18126.000000000015
15214.000000000016
17296.25000000002
14781.000000000015
16002.000000000018
15437.000000000016
14783.000000000015
16782.00000000002
14180.250000000013
17190.00000000001
14596.000000000015
16606.00000000002
14770.750000000011
16096.000000000018
14973.500000000015
16348.000000000015
14876.000000000018
16444.00000000001
14376.000000000016
16865.00000000002
14812.500000000016
18289.000000000022
15615.500000000015
19347.000000000022
15596.250000000018
19151.00000000002
14552.250000000016
18293.000000000015
14574.000000000013
17805.000000000015
14771.750000000016
17129.00000000001
14675.500000000013
15639.000000000015
14563.250000000016
14593.000000000013
14534.250000000016
14064.000000000011
14099.500000000015
13690.000000000015
13636.500000000015
13833.000000000018
13521.500000000016
13855.000000000018
12921.750000000013
13480.000000000013
12359.250000000011
13431.000000000013
12763.250000000013
14647.000000000018
13342.500000000015
15904.000000000018
13113.750000000015
15166.000000000015
13001.500000000013
13508.000000000016
12696.500000000013
12794.000000000013
13048.000000000015
13890.000000000016
13397.000000000013
15695.000000000015
13975.750000000013
15283.000000000011
13869.250000000015
14481.000000000015
13004.750000000013
15208.000000000016
12965.750000000016
14735.000000000011
13588.000000000013
12905.000000000005
14392.250000000018
12795.000000000013
13301.250000000013
14810.000000000015
12600.000000000011
16526.000000000015
12664.750000000011
16731.00000000001
12889.000000000015
16095.000000000018
13136.500000000013
15418.000000000015
13334.500000000013
16048.000000000015
13303.250000000015
18580.000000000022
12933.000000000011
20049.000000000022
12520.500000000015
19700.00000000002
12507.500000000013
18669.00000000001
12502.500000000011
17537.00000000002
12449.250000000013
16554.000000000022
12398.750000000011
15882.000000000018
12329.500000000011
16402.000000000015
12023.000000000011
16420.000000000015
11606.000000000011
15676.000000000018
11453.500000000013
13683.000000000011
11915.250000000011
13099.000000000013
16225.500000000015
19120.000000000022
24986.250000000025
29276.000000000025