12.500000000000007
9.000000000000004
2110.250000000002
4696.0000000000055
6590.5000000000055
14655.000000000015
6328.500000000008
14141.000000000011
6250.500000000007
14221.000000000018
6113.750000000007
14107.000000000016
5914.000000000006
13858.000000000015
5814.7500000000055
13980.000000000015
6112.750000000006
16714.00000000002
7226.500000000008
20737.00000000002
9908.000000000011
24031.000000000022
13527.250000000013
26250.00000000002
16989.00000000002
27001.000000000033
19546.50000000002
26874.00000000003
21107.500000000022
26003.000000000025
21603.250000000022
23982.000000000022
21001.50000000002
20692.00000000002
19133.75000000002
16044.000000000015
15938.250000000015
13241.000000000011
12218.750000000013
13604.000000000015
9251.75000000001
14074.000000000016
7827.000000000009
14366.000000000015
8288.500000000007
14561.000000000018
9216.50000000001
14590.000000000016
10515.25000000001
15032.000000000016
11619.000000000011
15851.000000000015
12064.750000000011
16371.000000000018
12310.500000000015
16891.000000000015
12279.500000000013
17231.00000000002
12171.000000000013
17307.000000000022
12123.500000000015
17077.00000000002
11463.250000000011
16481.000000000015
11121.250000000011
15291.000000000016
10591.000000000011
13641.000000000013
10041.00000000001
11743.000000000013
9684.000000000011
9700.000000000011
9367.25000000001
7899.000000000008
9077.50000000001
6614.000000000007
8920.000000000007
6122.000000000008
8949.25000000001
6355.000000000007
8672.25000000001
6647.000000000007
8763.500000000007
6689.0000000000055
8883.75000000001
7002.0000000000055
8497.250000000007
7592.000000000006
8125.25000000001
7916.000000000008
8023.500000000009
7957.000000000007
8461.750000000007
7866.000000000009
9402.25000000001
7876.000000000008
10272.500000000011
10491.00000000001
11047.750000000013
17062.000000000022
11221.250000000011
19188.000000000022
10832.250000000011
20029.000000000015
10073.00000000001
20988.00000000002
10192.00000000001
20965.00000000002
10350.000000000013
13895.000000000015
10287.00000000001
8102.000000000008
10498.000000000011
7944.000000000006
10870.500000000011
8107.000000000007
11418.250000000011
8307.000000000011
11750.500000000011
8608.00000000001
11656.500000000013
8939.000000000011
11506.250000000015
7521.000000000007
10403.750000000011
6166.000000000005
10254.000000000011
6163.0000000000055
11188.250000000015
6116.000000000006
10673.50000000001
6070.000000000006
9773.750000000011
6010.000000000007
9675.000000000011
5925.000000000004
9708.75000000001
5930.000000000005
10257.500000000011
6011.0000000000055
10552.250000000013
6184.000000000006
10734.250000000013
6325.000000000007
10537.000000000011
6456.000000000005
10708.750000000011
6582.000000000007
11659.000000000013
6646.000000000005
11911.000000000011
6578.000000000007
10171.25000000001
6441.000000000007
9504.000000000011
6157.000000000008
9695.75000000001
5827.000000000006
8536.75000000001
5422.000000000005
7285.500000000007
5002.0000000000055
7335.500000000008
4574.0000000000055
7565.250000000008
4074.000000000004
7787.000000000008
3580.000000000004
8002.750000000007
3150.0000000000036
8178.250000000008
2859.0000000000027
8354.50000000001
2604.0000000000027
8725.00000000001
2560.000000000003
2239.250000000002
590.0000000000006
15.50000000000001
6.000000000000001