15809.250000000015
17327.00000000001
16198.000000000015
17473.00000000002
16817.250000000015
17792.000000000015
16641.00000000001
17545.000000000015
19594.75000000002
20555.00000000002
23577.000000000025
25868.00000000003
22525.750000000025
24902.00000000003
19129.50000000002
22351.000000000025
18681.750000000022
22251.000000000022
20094.750000000022
23315.000000000015
21644.000000000025
24620.00000000003
17609.75000000002
19798.000000000022
13510.000000000016
15518.000000000015
13337.750000000013
16155.00000000002
13464.500000000015
15485.000000000015
13572.250000000015
15728.000000000013
13821.000000000016
17387.00000000001
14803.000000000016
18174.000000000022
15203.250000000016
17906.00000000001
14271.500000000015
17881.000000000015
14057.750000000016
18075.00000000001
14166.750000000016
19236.000000000022
14632.250000000016
20418.00000000002
14927.750000000015
20465.00000000001
14641.750000000015
20762.000000000015
14762.750000000015
20270.000000000022
14814.750000000013
19947.00000000001
14685.000000000015
20146.00000000001
14728.500000000016
20252.00000000001
14819.250000000013
20007.000000000025
15057.500000000016
21584.000000000015
15125.000000000016
22437.000000000022
15058.000000000018
21461.00000000002
14693.750000000016
22052.000000000022
14552.500000000013
23092.000000000022
14382.000000000016
23738.000000000022
13625.750000000015
23754.00000000003
13369.500000000015
22636.00000000002
13082.250000000015
21643.000000000025
12672.750000000015
18765.000000000015
12376.000000000013
14621.000000000013
12245.500000000015
12967.000000000011
11828.000000000013
12988.00000000001
11467.000000000011
12687.000000000007
11192.000000000013
12022.000000000011
11451.000000000013
12639.000000000015
11971.75000000001
14707.000000000015
12304.000000000011
17590.000000000022
11506.000000000015
19577.000000000022
11341.000000000013
20961.000000000022
11720.750000000013
21323.000000000022
11342.000000000011
19694.000000000015
10929.750000000011
17076.000000000015
10834.250000000011
15480.000000000016
10594.750000000011
14827.000000000016
11000.500000000011
15001.000000000016
11653.250000000011
16696.000000000015
11973.000000000011
15626.000000000016
11940.000000000013
13701.000000000015
12011.750000000011
14368.000000000015
11384.500000000011
13570.000000000016
11434.750000000011
12593.000000000015
11907.500000000011
11784.00000000001
12180.500000000011
11250.000000000013
12220.000000000015
12090.000000000013
12830.500000000016
11905.00000000001
13733.000000000013
14479.000000000015
13815.250000000015
18670.000000000022
14870.500000000015
18576.00000000001
15307.750000000016
17826.00000000002
14564.250000000013
20718.00000000002
13607.750000000013
20774.000000000022
12564.500000000015
22969.000000000022
13239.250000000013
22411.000000000025
14657.250000000016
22422.000000000015
14210.250000000013
22264.00000000003
14391.500000000015
22121.000000000025
13474.000000000013
21313.000000000025
11699.250000000013
20245.000000000022
10545.000000000011
19365.00000000002
10037.750000000011
18748.000000000022
13755.000000000013
18477.000000000015
18527.250000000022
18987.000000000022
16721.00000000002
18408.00000000001
15520.250000000015
17098.00000000001
16277.000000000015
16013.000000000016
19822.00000000002
15989.000000000018
16419.000000000015
15377.000000000018
15013.500000000015
14414.00000000002
15008.000000000015
14176.000000000018