20986.50000000002
26254.00000000003
20543.000000000022
26491.000000000025
20174.750000000022
26136.000000000015
19516.750000000022
22755.000000000022
19563.25000000002
20993.000000000025
20102.250000000022
22139.000000000025
20318.750000000022
23891.00000000003
19855.50000000002
24101.00000000002
18522.75000000002
24580.000000000015
17840.50000000002
26770.00000000003
18994.250000000015
27052.000000000025
19197.00000000002
26617.00000000003
20610.250000000022
26332.000000000022
21249.25000000002
25257.000000000036
21788.750000000022
24424.00000000003
21837.25000000002
20565.000000000022
20728.000000000022
17526.00000000001
20833.00000000002
15855.000000000022
20916.500000000022
14167.000000000013
21327.250000000022
18008.00000000002
21900.000000000022
17969.000000000022
23495.500000000025
17386.00000000001
23231.000000000025
17179.000000000015
23164.500000000022
16036.000000000018
22586.750000000025
16293.000000000018
21948.000000000025
16476.00000000001
22271.500000000025
16387.000000000015
22175.500000000022
17268.00000000001
21908.00000000002
18009.00000000002
21236.000000000025
17788.00000000002
20111.750000000022
17476.00000000002
19341.00000000002
17242.000000000015
18643.50000000002
16232.000000000018
16327.500000000016
15657.000000000016
15189.500000000015
17389.00000000001
14967.250000000016
17256.000000000015
14207.000000000013
15785.00000000002
13055.750000000011
13196.000000000011
11675.50000000001
11523.000000000011
10967.250000000011
10511.000000000013
10843.000000000011
11073.000000000013
9513.750000000007
12816.000000000011
9272.00000000001
13524.000000000016
9567.00000000001
15439.000000000015
9631.00000000001
14922.000000000018
11105.500000000013
13911.000000000016
11388.500000000013
15555.000000000016
12196.000000000013
16899.00000000001
13020.000000000011
16838.00000000001
13388.500000000013
17730.000000000015
13205.750000000015
16697.00000000002
14148.750000000015
15691.000000000016
14093.750000000013
13558.000000000013
14221.750000000016
12291.000000000016
14611.000000000015
13177.000000000013
14819.500000000016
16547.00000000002
14242.000000000013
17639.000000000015
14179.000000000013
16465.000000000015
15044.250000000016
15463.000000000016
16330.000000000016
15211.00000000001
18273.250000000015
15843.000000000018
20738.50000000002
16567.00000000001
22429.250000000022
17519.00000000002
23274.000000000022
18338.000000000015
22015.75000000002
18218.000000000015
19042.00000000002
19187.00000000001
17930.250000000015
19469.000000000022
17603.00000000002
19116.000000000015
17941.000000000022
18292.000000000015
17822.75000000002
16657.00000000001
17515.750000000015
14632.00000000001
16973.00000000002
14195.000000000016
16925.75000000002
15444.000000000016
16626.750000000015
15776.000000000013
16843.250000000015
16802.000000000015
17236.50000000002
17062.00000000002
17117.00000000002
18027.00000000001
17111.75000000002
19421.000000000015
16980.50000000002
20189.00000000002
16425.50000000002
20846.000000000025
16690.000000000015
21592.000000000022
16907.500000000015
22813.000000000025
16715.75000000002
25143.000000000033
16457.500000000015
25794.000000000025
16245.750000000013
24697.000000000033
15886.750000000015
25292.000000000033
15470.250000000016
25698.000000000036
15190.750000000015
26268.000000000022
15544.250000000015
26715.00000000003
16174.250000000018
26206.00000000003