21671.000000000022
20287.000000000022
21746.500000000022
20293.000000000022
21416.500000000022
20064.000000000022
20832.750000000025
20026.000000000022
19203.750000000022
16949.000000000022
17777.50000000002
11537.000000000013
17052.000000000015
10700.000000000013
16232.500000000016
11390.000000000013
15284.750000000015
10712.000000000013
15039.750000000013
10409.000000000011
14511.750000000016
10412.000000000013
13107.250000000015
10982.000000000011
12143.500000000013
11452.000000000015
11516.750000000013
11530.000000000011
11473.500000000013
11815.00000000001
12140.500000000013
11075.000000000013
12747.000000000011
10195.000000000013
12603.250000000015
11916.000000000011
12300.000000000015
12495.000000000011
12139.250000000013
12903.000000000013
11953.500000000015
13779.00000000001
11543.750000000013
13574.000000000018
11621.500000000013
13659.000000000015
11660.500000000011
13315.000000000016
11892.250000000013
12947.000000000013
12116.000000000015
12248.000000000013
12103.250000000015
10904.000000000011
11826.500000000011
9648.000000000011
11621.50000000001
8966.00000000001
11402.250000000011
7967.000000000008
10808.750000000011
7378.000000000007
9196.25000000001
6702.000000000006
8452.000000000007
6885.000000000006
8062.750000000007
8746.00000000001
8520.00000000001
10640.000000000013
10064.250000000011
9647.000000000011
9677.50000000001
7932.000000000007
9580.000000000011
7175.000000000008
9225.25000000001
6480.000000000008
9223.25000000001
7500.000000000006
8912.250000000011
8644.000000000007
8518.75000000001
9295.00000000001
8587.00000000001
8842.000000000007
8827.000000000007
7980.000000000009
8438.500000000007
8460.000000000007
7530.000000000007
7654.000000000008
6539.7500000000055
7278.000000000005
6217.0000000000055
10505.000000000013
6162.750000000007
13022.000000000007
5707.7500000000055
13388.000000000007
5483.5000000000055
11609.000000000015
5652.000000000005
10203.00000000001
6082.500000000005
9070.000000000007
6273.500000000006
8288.00000000001
6853.000000000008
8896.000000000007
7762.750000000009
10584.000000000011
8015.50000000001
12202.000000000013
8232.50000000001
13559.000000000015
8536.75000000001
12013.00000000001
8432.50000000001
13413.00000000001
8005.000000000008
16683.00000000002
8112.250000000009
17167.000000000015
8772.25000000001
16486.00000000002
8723.500000000007
15981.000000000016
8894.000000000011
16299.000000000018
10204.50000000001
15696.000000000016
10931.750000000013
14400.000000000011
11417.000000000013
12315.000000000013
12203.250000000011
10809.000000000011
12085.500000000016
9713.00000000001
12616.750000000013
8820.000000000007
13673.250000000015
9300.000000000013
13857.250000000015
10613.000000000015
13352.500000000011
11345.000000000011
12575.500000000013
11550.000000000013
12326.250000000013
12331.00000000001
14608.000000000018
12584.000000000015
16436.750000000015
12111.000000000013
17037.50000000002
11723.00000000001
17869.25000000002
10276.000000000011
17492.750000000022
9601.000000000005
15799.000000000016
8381.000000000005
15835.750000000013
8049.000000000009
14908.250000000015
8111.000000000009
13708.000000000013
8444.000000000011
14200.500000000015
9028.00000000001
13967.000000000013
9997.000000000013
14103.250000000015
11364.000000000013
14922.750000000016
13723.000000000007
14784.500000000016
14393.000000000016