31542.25000000003
29854.000000000033
29963.000000000033
23480.000000000025
29250.75000000003
19480.000000000022
29008.500000000033
18578.000000000022
28498.50000000003
18593.00000000001
28217.250000000033
19551.00000000001
27280.50000000003
20804.000000000022
25398.750000000033
19305.00000000002
23962.750000000025
18381.000000000022
22699.500000000022
17663.00000000001
21167.25000000002
12654.000000000013
21091.750000000022
8736.000000000007
21771.75000000002
9152.000000000011
20698.750000000025
11682.000000000007
18724.00000000002
12419.000000000011
18286.750000000022
14138.000000000016
18135.000000000015
16803.000000000022
17595.25000000002
18769.000000000022
16555.000000000015
18747.000000000022
15878.000000000016
17398.00000000002
15442.000000000016
17191.000000000022
15215.000000000016
17665.000000000022
14656.750000000015
19661.000000000022
13466.750000000015
20002.000000000025
12707.75000000001
18454.000000000022
12052.000000000015
18011.00000000001
11437.500000000013
17670.000000000015
10911.25000000001
17165.000000000015
10634.000000000011
17399.00000000002
9914.25000000001
19464.000000000022
8908.750000000011
19220.00000000002
8153.500000000009
17866.000000000015
7911.000000000007
16474.00000000001
7404.500000000007
17507.00000000002
6640.500000000006
16476.00000000001
6708.7500000000055
16205.000000000018
6619.250000000006
17730.000000000015
6209.7500000000055
17485.000000000015
6150.250000000006
17487.000000000015
5646.5000000000055
18180.00000000001
5687.000000000006
17813.00000000001
5396.2500000000055
18082.00000000002
5344.2500000000055
18384.000000000015
6009.500000000006
17634.000000000022
8087.500000000008
18783.00000000002
8880.75000000001
22506.000000000025
8691.750000000007
27854.000000000022
8155.000000000009
27281.000000000025
7829.500000000008
26356.000000000033
7766.250000000008
26013.000000000022
7678.000000000008
26200.000000000025
7238.250000000008
25361.000000000025
6975.250000000007
23684.00000000003
6978.000000000007
23302.000000000025
7000.500000000008
23544.000000000015
7401.000000000007
23739.000000000025
7744.75000000001
23523.00000000002
8036.500000000007
23400.000000000025
8136.250000000008
22641.000000000022
8285.000000000011
22543.000000000022
9222.25000000001
22789.000000000025
9736.000000000011
23802.000000000022
9737.000000000011
24751.000000000015
9700.75000000001
25073.00000000002
10051.75000000001
25054.00000000003
10797.250000000013
25182.00000000002
11567.750000000015
26021.00000000002
12157.000000000011
26177.00000000003
12433.000000000011
25860.000000000015
12978.750000000011
26164.000000000015
14055.250000000015
26695.00000000003
15011.000000000015
27681.00000000003
16247.500000000016
27910.00000000003
17035.000000000015
28182.000000000025
17523.750000000022
28823.00000000002
18342.25000000002
28623.000000000025
19729.500000000022
29073.000000000033
21091.50000000002
30874.000000000033
22506.750000000022
31440.000000000033
23711.500000000025
31662.000000000033
24707.250000000025
32104.000000000033
25812.75000000003
32360.000000000033
26637.000000000025
32498.00000000003
27678.250000000025
32578.000000000033
28705.00000000003
32619.000000000033
29736.000000000033
32624.000000000036
30667.000000000033
32638.000000000033
31447.750000000033
32640.000000000033
32243.250000000033
32640.000000000033
32488.250000000036
32640.000000000033