10358.250000000011
10692.000000000011
10381.250000000011
10708.000000000007
10396.000000000013
10696.00000000001
10420.75000000001
10710.000000000011
10443.750000000013
10722.000000000011
10440.000000000011
10706.000000000011
10443.250000000011
10714.000000000013
10483.000000000011
10755.000000000013
10494.50000000001
10745.000000000011
10500.250000000011
10784.000000000011
10526.250000000011
10801.000000000013
10531.75000000001
10819.000000000013
10551.250000000013
10847.000000000013
10570.250000000013
10890.000000000011
10583.750000000011
10893.000000000013
10602.250000000011
10895.000000000011
10613.250000000013
10917.00000000001
10621.250000000011
10919.000000000011
10686.00000000001
10950.000000000011
10697.500000000011
10956.000000000013
10696.500000000011
10948.000000000013
10696.000000000011
10977.000000000013
10714.500000000013
11013.000000000007
10737.750000000011
11023.000000000011
10800.50000000001
11072.000000000013
10801.000000000011
11084.000000000011
10775.500000000011
11106.000000000013
11702.000000000011
11165.000000000011
13311.000000000013
11186.000000000011
13302.250000000013
11172.000000000013
12747.000000000016
11166.000000000011
11711.750000000011
11181.000000000013
10463.000000000011
11202.000000000011
10280.000000000011
11193.000000000011
10660.000000000011
11169.00000000001
11308.750000000013
11177.000000000011
11277.000000000011
11179.000000000011
10496.500000000013
11171.000000000011
9816.25000000001
11197.000000000011
9487.50000000001
11402.000000000013
9399.75000000001
11830.00000000001
9300.50000000001
13509.000000000016
8936.750000000007
13392.000000000015
8668.25000000001
12531.00000000001
9105.75000000001
12362.00000000001
9536.00000000001
12174.000000000011
9762.75000000001
13534.000000000015
9392.750000000011
14488.000000000015
9606.25000000001
14766.000000000015
9419.500000000011
19037.000000000022
9766.750000000011
20100.000000000022
10453.00000000001
19155.000000000022
11460.000000000011
18694.00000000002
13326.750000000011
16756.000000000015
14786.000000000013
13422.000000000015
15575.750000000016
11434.000000000011
15464.500000000018
11062.000000000011
15520.250000000018
11088.000000000011
15264.000000000016
11051.000000000007
15045.500000000015
11044.000000000013
16612.750000000015
11060.000000000013
16808.50000000002
11070.000000000011
16730.00000000002
11097.000000000013
16527.000000000015
11111.000000000011
16997.50000000002
11115.00000000001
18324.00000000002
11095.000000000011
18858.75000000002
11115.00000000001
17678.25000000002
11096.000000000013
16920.500000000015
11129.000000000011
16058.750000000015
11145.000000000011
15330.500000000016
11116.000000000011
15074.250000000016
11097.000000000013
14731.750000000015
11077.00000000001
14903.500000000013
11075.000000000013
14801.750000000013
11084.000000000011
14688.750000000013
11046.000000000011
15299.500000000016
11023.000000000011
15958.000000000018
11031.000000000013
16108.500000000016
11425.000000000013
15854.250000000018
12458.000000000016
15415.500000000013
13611.00000000001
14607.750000000016
14454.000000000007
14008.750000000016
14754.000000000018
14013.250000000011
14632.000000000018
14226.750000000015
16139.000000000018
14174.250000000015
18676.000000000022
14393.500000000015
18790.00000000001
14213.250000000016
17867.000000000015
14124.250000000013
16771.000000000015
13737.000000000013
14711.000000000013