17493.50000000002
17291.000000000022
17781.00000000002
18718.000000000022
18181.25000000002
19474.00000000001
18618.75000000002
20050.000000000022
18468.750000000015
20413.000000000022
17848.25000000002
19907.000000000022
17803.50000000002
19030.00000000002
18301.750000000015
20491.00000000002
18658.75000000002
22205.000000000025
18529.750000000022
23880.000000000015
18755.750000000022
24084.00000000002
18998.00000000002
22984.000000000022
19268.75000000002
22943.000000000025
20163.500000000022
24157.00000000003
19980.000000000022
24226.00000000001
20001.750000000022
22487.000000000022
19649.75000000002
17785.00000000001
19422.250000000015
13288.000000000011
17936.000000000022
12277.000000000007
15804.000000000018
11299.000000000011
15015.500000000016
10747.000000000011
14401.000000000016
9958.000000000011
13514.250000000013
11020.000000000011
12706.750000000013
11485.000000000011
12453.000000000013
11219.000000000013
11797.000000000015
10395.000000000011
11533.750000000013
10527.000000000013
13262.250000000015
10789.000000000005
12928.000000000013
11689.000000000011
11801.250000000013
11393.000000000015
10787.250000000011
11360.000000000011
9265.250000000007
11333.000000000013
8818.000000000007
12423.00000000001
8407.25000000001
13020.000000000015
8006.500000000008
13200.000000000018
8151.250000000008
13596.00000000001
8101.750000000008
14084.00000000001
8460.50000000001
14047.000000000016
8649.00000000001
14792.000000000015
8583.000000000007
16019.000000000018
8686.00000000001
16212.000000000016
9018.250000000011
17744.000000000015
9572.750000000013
20675.000000000025
9436.500000000011
21614.000000000022
9335.25000000001
21872.000000000022
9278.75000000001
22952.000000000025
9367.50000000001
23158.00000000002
9641.25000000001
22219.000000000025
9198.75000000001
21513.000000000022
8634.25000000001
21692.000000000025
8291.500000000011
21749.000000000022
8647.50000000001
20917.000000000025
9351.25000000001
20401.000000000022
9601.750000000013
20330.000000000022
10019.250000000013
19914.00000000002
10126.750000000011
20352.000000000022
10317.00000000001
20294.000000000025
11301.000000000011
20694.00000000001
11715.250000000013
21825.000000000022
11373.250000000011
20012.000000000022
10241.750000000011
18741.00000000002
10787.500000000013
19036.00000000002
11435.500000000011
18896.00000000001
10993.500000000011
20191.00000000001
10915.750000000011
20231.000000000022
10969.250000000011
19467.000000000015
11035.750000000011
20214.000000000022
11787.000000000011
19603.000000000015
11896.750000000011
20271.000000000022
12531.750000000011
21154.000000000022
13674.500000000015
21306.000000000022
14477.250000000016
21253.00000000002
15615.250000000016
20730.000000000022
16321.750000000016
20315.000000000022
17461.50000000002
19731.00000000002
19341.000000000022
18559.00000000002
21063.750000000022
18371.000000000015
22741.000000000015
19635.000000000015
23515.750000000025
18864.00000000002
23745.750000000022
18559.00000000002
23427.250000000022
18510.000000000022
22733.250000000025
17470.000000000015
21116.75000000002
16544.000000000022
20088.75000000002
17155.00000000002
19568.00000000002
17814.00000000001
19128.000000000022
18055.00000000002
19071.000000000015
17254.000000000022
18902.750000000022
17092.000000000015
19025.750000000022
17486.000000000015
18697.25000000002
17762.000000000015