5714.250000000006
7148.000000000006
17110.50000000002
11821.000000000013
20315.500000000022
11883.000000000015
19708.750000000022
12032.000000000013
19400.000000000022
12238.000000000015
19034.500000000022
12343.000000000011
18646.500000000022
12550.000000000016
18277.75000000002
12703.000000000007
18000.25000000002
12807.000000000015
17571.50000000002
13136.000000000011
17281.25000000002
14618.000000000018
16960.50000000002
14774.000000000016
16604.000000000015
15125.000000000016
16240.500000000015
17249.00000000002
15764.750000000016
16239.000000000016
15632.250000000016
13033.00000000001
15268.500000000016
13528.000000000016
14394.750000000015
10817.000000000013
13259.000000000015
6892.000000000004
12529.750000000013
9654.000000000005
12660.500000000013
11331.000000000011
11519.750000000013
7884.000000000008
10052.25000000001
11228.000000000013
9536.500000000011
14735.000000000011
8745.00000000001
12277.000000000007
8044.500000000008
10745.000000000011
8164.250000000009
12266.000000000011
7650.750000000008
15222.00000000002
7581.250000000009
14704.000000000011
8526.50000000001
13379.000000000011
8378.25000000001
12990.000000000013
8124.750000000007
12832.000000000015
8316.75000000001
15545.000000000015
8259.00000000001
16545.000000000022
7766.250000000007
14723.000000000015
7509.250000000006
13973.000000000011
7626.750000000008
14294.000000000016
7702.750000000008
15397.000000000016
8194.000000000007
17802.000000000022
8039.500000000007
18075.000000000022
7501.500000000008
19333.000000000025
7415.750000000008
18886.000000000015
7156.750000000008
17276.00000000002
7563.000000000008
16932.00000000001
7930.000000000008
16600.000000000015
8419.50000000001
15464.000000000016
8554.250000000005
12922.000000000011
8567.25000000001
13710.000000000013
8715.500000000007
14200.000000000016
9212.75000000001
14203.000000000015
9433.000000000011
13805.000000000011
9162.750000000011
12653.00000000001
7969.000000000008
12122.000000000015
8220.750000000007
12830.000000000011
9595.250000000011
13828.000000000013
10313.000000000011
14317.000000000016
9596.000000000011
14068.00000000001
9610.000000000011
14339.000000000011
9976.000000000011
14843.000000000015
10164.500000000011
14703.000000000016
9867.500000000011
13053.000000000016
10369.500000000011
10953.000000000013
11111.750000000011
10119.000000000005
11139.500000000013
9563.000000000011
11772.000000000011
9339.00000000001
12760.500000000011
10106.000000000007
14286.500000000015
10676.00000000001
14708.000000000018
10441.000000000013
15298.500000000016
9483.00000000001
16370.250000000015
7654.000000000008
17367.50000000002
6701.000000000008
17810.00000000002
6794.000000000006
18041.50000000002
6989.000000000005
17067.50000000002
7219.000000000008
14108.500000000015
7336.000000000008
10469.250000000011
7312.000000000006
9923.750000000011
7275.000000000007
10610.00000000001
7234.000000000006
10065.000000000011
7232.000000000007
9166.75000000001
7259.000000000008
9708.75000000001
7444.000000000008
10730.750000000011
7480.000000000008
10847.750000000011
7637.000000000007
10504.500000000011
7843.000000000008
10961.750000000011
8012.000000000008
9792.25000000001
8227.00000000001
9358.000000000011
8505.000000000011
10101.00000000001
8925.000000000007
10469.000000000011
7468.000000000009
5016.250000000005
1608.0000000000011