28543.75000000003
24770.000000000025
28317.000000000025
24123.000000000022
27977.25000000003
23389.000000000022
27762.500000000025
22931.00000000002
27281.50000000003
22789.000000000025
26710.25000000003
22518.000000000025
26369.750000000033
22064.00000000002
26165.50000000003
22104.000000000022
25880.750000000025
22131.000000000025
25545.500000000025
21805.000000000025
25411.750000000025
21248.000000000022
25107.500000000025
20973.000000000022
24970.75000000003
20540.000000000022
24652.000000000022
20551.00000000002
24023.500000000022
20804.000000000022
22917.500000000025
20862.000000000022
21642.750000000025
20571.00000000002
20469.50000000002
20797.00000000002
19140.75000000002
21117.000000000022
18000.50000000002
20991.000000000025
16999.00000000002
21243.000000000022
15890.000000000015
19371.000000000022
14194.250000000013
16419.000000000015
12095.000000000011
14499.000000000018
11485.500000000013
14898.000000000013
10867.500000000011
11775.000000000013
10434.000000000011
9957.00000000001
10181.75000000001
9846.000000000007
9794.00000000001
9691.00000000001
10226.00000000001
9204.000000000005
10933.500000000011
9427.000000000011
11403.500000000011
9152.000000000005
11195.000000000013
8414.00000000001
11105.50000000001
8168.000000000009
11446.500000000013
8676.000000000011
11504.250000000013
10225.000000000013
12170.500000000013
10095.00000000001
12372.000000000011
8499.000000000007
12093.000000000013
9851.00000000001
11994.750000000013
12106.000000000013
12259.500000000015
13401.000000000015
12321.25000000001
14500.000000000016
12748.500000000013
16136.00000000002
12566.750000000011
16554.00000000002
12676.000000000011
17572.00000000001
12527.000000000013
20698.000000000022
12705.750000000011
20951.00000000002
13128.25000000001
20840.000000000025
13367.000000000015
20319.000000000025
13805.750000000015
20843.000000000022
14015.000000000015
23791.000000000025
14050.000000000016
26729.000000000015
14350.750000000016
27197.000000000033
14168.250000000016
27360.000000000033
13812.250000000013
27860.000000000036
13159.750000000011
27052.000000000025
13131.750000000011
27598.000000000033
13449.250000000015
29933.000000000025
13939.500000000015
30904.000000000033
14224.000000000016
31163.00000000003
14507.000000000015
30375.000000000036
14758.750000000016
29769.00000000003
14979.000000000016
30036.000000000033
15097.500000000015
30179.000000000033
15284.000000000015
30728.000000000036
15287.000000000018
30767.000000000033
15531.250000000016
31080.00000000003
16331.500000000015
31163.000000000033
16943.500000000015
31686.000000000033
17123.25000000002
31828.00000000003
17068.75000000002
31929.00000000003
17391.25000000002
32026.000000000033
18864.00000000002
32028.00000000004
19924.00000000002
32020.000000000033
20477.50000000002
32006.000000000036
20905.000000000022
32179.000000000036
21799.000000000022
32161.00000000004
22754.250000000022
32184.000000000033
25069.250000000025
32125.000000000033
28906.750000000025
32313.000000000033
30850.250000000033
32289.000000000033
31104.250000000033
32259.000000000033
31133.250000000033
32428.000000000033
31136.000000000033
32460.000000000036
31268.500000000036
32539.000000000036
31641.000000000033
32426.000000000033
31556.500000000036
32353.00000000004
31631.000000000036
32378.000000000033
31860.250000000033
32380.000000000036
32144.750000000033
32435.000000000033