9098.25000000001
7885.000000000007
9058.50000000001
7591.000000000007
9268.25000000001
8125.000000000009
9201.00000000001
7234.000000000008
9179.750000000011
8364.00000000001
9131.750000000011
9416.00000000001
8659.75000000001
8199.000000000005
8643.500000000007
8198.000000000005
8453.000000000007
7633.000000000008
8673.500000000007
6701.000000000008
9968.25000000001
6547.000000000005
9217.75000000001
7120.000000000009
7507.500000000006
6746.000000000007
7405.750000000006
5450.0000000000055
7933.750000000008
6587.000000000004
8488.00000000001
5366.000000000006
9048.000000000007
5713.0000000000055
7946.250000000006
5614.000000000006
6843.000000000008
5575.000000000004
6873.000000000006
5669.000000000006
6809.250000000006
5057.000000000004
6826.250000000007
5593.000000000006
6598.750000000008
6900.000000000006
6553.500000000006
7429.000000000007
6485.250000000006
6993.000000000007
6523.500000000006
7190.000000000006
6486.000000000006
7434.000000000008
6984.000000000006
6939.000000000007
6284.750000000005
6578.000000000007
6795.5000000000055
7124.000000000008
7758.000000000007
7549.000000000009
7839.000000000007
9525.000000000011
7829.000000000006
10644.000000000011
7501.750000000009
10197.000000000011
6593.500000000007
10092.000000000011
6721.000000000007
9462.00000000001
6659.750000000006
10229.000000000011
6866.000000000007
11140.000000000011
6891.000000000007
10382.00000000001
7046.500000000008
11464.000000000013
7705.500000000009
11066.000000000013
7790.750000000007
10211.000000000011
7712.500000000009
9491.00000000001
7005.000000000006
8735.000000000007
7074.500000000008
8246.000000000011
7231.000000000007
8204.00000000001
7600.250000000007
9119.00000000001
7491.500000000006
10098.000000000011
7326.750000000007
11025.000000000011
7685.750000000007
9326.000000000005
8051.750000000007
8157.000000000009
8617.25000000001
7531.000000000009
7776.000000000008
7583.000000000007
7898.500000000008
7816.000000000008
8215.750000000007
9416.00000000001
7971.000000000009
8593.00000000001
7937.500000000007
7699.000000000009
8462.50000000001
7162.000000000008
8429.500000000007
8289.00000000001
8565.75000000001
7841.000000000009
8783.750000000011
9344.000000000007
8531.250000000007
10295.000000000011
8015.250000000008
9041.000000000011
8225.75000000001
8705.000000000007
8701.250000000007
9924.000000000013
9044.250000000007
12077.000000000007
9730.75000000001
13201.00000000001
9890.500000000011
11704.000000000011
10150.00000000001
11343.000000000013
9844.500000000011
10529.00000000001
10143.000000000007
9974.000000000011
10374.750000000011
8883.00000000001
10980.500000000011
9059.00000000001
11945.000000000015
8577.00000000001
12885.250000000013
8973.000000000011
13204.000000000013
9839.00000000001
12888.250000000013
9568.00000000001
10762.75000000001
8414.00000000001
9013.00000000001
8239.000000000007
8743.250000000007
8062.000000000009
8809.00000000001
10294.000000000011
8913.75000000001
9966.000000000013
10272.00000000001
9593.000000000011
10441.750000000011
11908.000000000015
9682.50000000001
10611.000000000011
8767.00000000001
8414.000000000011
8542.500000000011
7269.000000000007
8953.000000000011
7552.000000000007
9242.250000000007
8716.000000000005
8911.50000000001
11064.000000000011