19659.000000000022
30341.00000000003
19316.00000000002
30468.000000000033
19466.250000000022
30439.000000000036
19723.000000000022
30461.000000000033
20071.500000000022
30524.000000000025
20406.000000000022
30408.000000000033
20123.250000000022
30398.000000000033
20006.000000000025
30314.000000000025
20110.750000000022
30109.000000000033
20254.50000000002
29991.000000000033
20545.250000000022
29856.000000000025
21077.750000000022
29799.00000000003
21303.750000000022
29945.000000000025
21660.500000000022
30026.000000000036
22234.000000000022
29989.000000000033
22445.750000000022
29933.000000000025
22561.500000000025
29825.00000000003
23111.750000000025
29670.000000000033
23715.500000000022
29476.00000000003
24061.00000000003
29194.000000000022
24170.250000000025
29393.000000000022
24689.750000000022
29793.00000000003
25481.500000000025
30062.000000000036
26267.000000000025
30003.000000000022
26756.00000000003
29880.000000000036
27238.750000000033
29276.000000000033
27862.00000000003
30311.000000000033
28351.250000000025
30593.00000000003
28828.000000000033
30520.000000000033
29426.750000000033
30238.00000000003
29669.750000000036
30235.000000000033
29828.750000000033
30387.000000000033
30177.500000000036
30243.00000000003
29082.750000000025
30136.000000000033
25235.750000000025
30224.000000000033
21322.750000000022
30397.000000000033
16727.50000000002
30522.000000000036
14022.250000000015
30400.000000000033
11588.750000000013
30265.000000000033
11413.000000000011
29910.000000000033
11050.25000000001
27137.000000000022
10516.75000000001
25777.00000000002
10566.750000000011
24545.00000000003
9989.500000000011
25718.00000000003
10223.250000000013
26729.000000000033
10592.000000000011
26258.000000000015
9917.500000000011
27452.00000000003
11123.750000000011
28128.000000000022
11500.750000000011
26940.000000000022
11775.500000000013
25207.000000000025
11505.500000000013
22596.000000000022
11784.750000000013
20786.00000000001
12773.250000000015
21512.00000000002
12633.500000000013
21330.000000000025
12951.250000000013
20411.000000000015
13513.500000000013
20537.000000000022
13782.250000000015
19207.000000000015
13520.750000000016
17468.000000000022
14006.250000000015
17961.000000000025
14086.750000000016
19139.00000000001
14466.750000000016
20123.00000000002
14801.000000000013
21880.00000000002
15460.500000000015
22504.000000000022
15652.500000000015
22190.000000000025
16195.500000000015
20833.000000000022
16757.25000000002
20381.000000000015
16583.00000000002
20199.000000000025
15870.000000000016
20605.000000000022
16172.000000000015
20901.000000000025
16518.50000000001
21328.000000000022
16757.250000000022
22092.000000000025
17346.750000000015
23389.000000000022
18290.75000000002
25194.000000000025
18576.50000000002
26425.000000000033
19101.00000000002
27833.00000000003
21085.50000000002
28891.000000000025
23688.250000000022
29322.00000000003
24841.25000000003
29574.00000000003
25020.000000000022
29631.00000000003
24410.750000000025
29660.00000000002
23728.750000000025
29604.00000000003
24117.750000000022
29474.000000000036
24241.75000000003
29375.00000000003
24103.500000000025
29507.000000000025
23817.250000000025
29396.000000000036
23493.00000000003
29525.00000000003
23284.75000000002
29359.000000000033
23207.750000000025
29296.00000000002
23066.500000000025
29294.000000000036
22778.500000000022
29268.000000000025