10280.750000000011
9132.000000000007
10745.000000000007
10480.000000000013
11314.000000000011
11071.000000000011
11723.250000000015
10458.000000000011
12087.000000000015
9836.000000000011
12278.50000000001
10262.00000000001
12249.000000000015
11689.000000000011
12035.250000000013
13003.00000000001
12144.000000000011
13359.000000000013
12050.750000000011
13022.000000000016
12580.000000000013
12108.000000000007
13327.750000000011
10705.000000000011
13353.000000000015
10900.000000000011
13197.500000000013
11382.00000000001
13570.000000000016
11097.000000000013
13744.000000000015
10905.000000000011
12622.000000000013
11717.000000000011
11906.250000000011
12140.000000000013
11614.500000000011
12015.000000000015
11382.500000000013
11121.000000000011
10956.750000000011
9374.000000000011
11632.250000000015
9038.000000000011
12099.250000000016
8811.000000000007
11190.000000000013
8838.000000000005
10971.500000000011
8628.000000000007
11262.250000000011
7504.000000000007
11983.000000000015
7413.0000000000055
11218.500000000011
8129.000000000008
11169.500000000011
8206.000000000005
11455.250000000007
8999.000000000011
12231.250000000013
11046.000000000013
12127.500000000013
12384.000000000013
11959.750000000013
12674.000000000013
11929.500000000013
11771.000000000013
12093.750000000015
10398.000000000011
12314.250000000011
9912.00000000001
12454.750000000011
10092.000000000011
11333.250000000013
9686.000000000011
10961.750000000011
8461.000000000007
11096.000000000013
7708.000000000008
11484.750000000011
7800.000000000008
11300.000000000011
8309.000000000007
10934.500000000011
8326.00000000001
10074.500000000011
7754.000000000008
9708.500000000007
8313.00000000001
8764.500000000007
9096.00000000001
8274.500000000007
9706.00000000001
8414.00000000001
9518.000000000011
8467.50000000001
10455.000000000013
8027.000000000009
10844.000000000011
7697.000000000006
10427.000000000011
8077.750000000007
9986.000000000011
8168.750000000007
11006.000000000013
7937.500000000007
12290.000000000007
7995.75000000001
13756.000000000013
8442.00000000001
15850.000000000015
9314.00000000001
14785.000000000018
10121.000000000013
13232.000000000015
11054.00000000001
12486.000000000015
11771.500000000015
11718.000000000011
11870.000000000011
10605.00000000001
12390.500000000013
11452.00000000001
12093.750000000011
12047.000000000007
12846.000000000015
11622.000000000007
13689.500000000015
12741.000000000015
14210.500000000013
14439.000000000016
15475.000000000018
14711.000000000016
16097.500000000016
12896.00000000001
16998.75000000002
11859.00000000001
17222.50000000002
11458.000000000013
17932.750000000015
11683.000000000007
20231.250000000022
13193.000000000015
21271.500000000025
12908.000000000015
21287.500000000025
13493.000000000018
21800.000000000022
13628.000000000015
20175.500000000022
14475.000000000011
19855.000000000022
14117.000000000015
20308.00000000002
13733.000000000018
20467.500000000022
14048.000000000016
20135.250000000022
13429.00000000001
19741.75000000002
12818.000000000015
19179.75000000002
14068.00000000001
18938.25000000002
14054.00000000001
18870.250000000022
14895.000000000018
18978.000000000015
15845.000000000015
18869.000000000022
16730.00000000002
18787.75000000002
16754.000000000015
18581.00000000002
20097.00000000002
18711.750000000015
21981.00000000002
18620.00000000002
22547.000000000025