10596.50000000001
5176.0000000000055
10693.75000000001
5678.0000000000055
10672.250000000011
6152.000000000006
10594.50000000001
6590.0000000000055
10463.500000000011
6598.0000000000055
10374.000000000011
6927.000000000009
10514.50000000001
7553.000000000007
10720.250000000011
8146.000000000007
11462.00000000001
7600.000000000008
11730.50000000001
6813.000000000009
12499.250000000015
6920.000000000005
14837.000000000013
7804.000000000007
15176.250000000016
7580.000000000008
13316.000000000015
7059.000000000006
11780.750000000013
8074.000000000007
11902.00000000001
10376.00000000001
11715.750000000011
10418.000000000011
12122.750000000011
10842.000000000011
12569.500000000013
12116.000000000015
12976.750000000011
12875.000000000005
13089.250000000013
12171.000000000013
12733.500000000015
13451.000000000013
12609.000000000015
11476.000000000013
12856.750000000011
9607.00000000001
13130.250000000013
10455.000000000011
12805.250000000013
10918.000000000011
12454.500000000015
11792.000000000015
12414.250000000013
12997.000000000011
12385.000000000011
12345.000000000015
12295.500000000013
10507.000000000011
12183.000000000013
10226.000000000011
12189.000000000011
11711.000000000007
11498.500000000011
12227.000000000015
10323.00000000001
11212.000000000013
9850.75000000001
10266.000000000007
10496.000000000011
10286.000000000011
10035.750000000013
11827.000000000013
9080.250000000007
13271.000000000011
8578.500000000007
13694.000000000013
8097.000000000009
13419.000000000013
7976.000000000007
12536.000000000013
8348.75000000001
11997.00000000001
8759.75000000001
12835.00000000001
8456.750000000007
13902.000000000018
8455.00000000001
14333.000000000016
8524.25000000001
13755.000000000013
8309.75000000001
12744.00000000001
8553.500000000007
10662.000000000011
9106.750000000011
8403.00000000001
9853.000000000011
7694.000000000008
10194.250000000013
7824.00000000001
10286.250000000011
8363.000000000007
10660.750000000011
9628.000000000011
10799.250000000011
10118.00000000001
10844.000000000011
11036.000000000013
11188.250000000015
13564.000000000015
11713.50000000001
15734.000000000018
12202.750000000015
17206.00000000001
12066.250000000011
17441.000000000015
11670.750000000013
16753.000000000015
11261.000000000013
16562.00000000002
11438.000000000011
16301.000000000018
11158.250000000011
16224.000000000016
11085.750000000011
16090.000000000016
11781.500000000011
15925.000000000018
12086.00000000001
15812.000000000016
12125.50000000001
15410.000000000018
12419.500000000011
14142.000000000015
12737.500000000013
15207.000000000011
12598.000000000013
17088.000000000015
12455.500000000011
18131.00000000002
13195.000000000015
17739.000000000022
13872.000000000015
16116.000000000018
13754.000000000013
13886.00000000001
14616.750000000016
13926.000000000015
15921.250000000016
14542.000000000018
17100.75000000002
15464.000000000015
17740.250000000015
16904.000000000022
17174.750000000015
17773.000000000022
16605.75000000002
18853.000000000022
15794.500000000016
20370.000000000025
16221.750000000015
20271.000000000022
17169.75000000002
18732.000000000022
17909.25000000002
18450.000000000022
18215.00000000002
16876.000000000015
17306.000000000015
11236.000000000013
15749.250000000015
11384.000000000013
14829.500000000016
11876.00000000001
14377.000000000018
11904.00000000001
14341.500000000016
12187.000000000013