26247.75000000003
24407.00000000002
26435.500000000025
25597.000000000022
26602.000000000022
26499.000000000022
26487.25000000003
26382.000000000025
26362.50000000003
26097.000000000033
26252.500000000025
25934.000000000022
26233.50000000003
25640.00000000002
26254.750000000025
25466.000000000015
26420.25000000003
25217.000000000022
26261.250000000022
24388.00000000002
26239.750000000025
24752.00000000003
26395.250000000022
25710.000000000015
25803.500000000033
27082.000000000025
25744.500000000033
26653.000000000033
26201.250000000025
26247.000000000025
26196.000000000033
26657.000000000036
26011.500000000025
27653.00000000003
25751.250000000033
28866.000000000036
25979.00000000003
28108.00000000002
26441.500000000022
27659.000000000025
26509.50000000003
28133.000000000033
26305.25000000003
27315.00000000003
25710.25000000003
27660.000000000033
25843.25000000003
28149.00000000003
25854.250000000025
27089.00000000003
25356.000000000022
26329.000000000025
25328.750000000025
25558.000000000015
25084.00000000003
25744.000000000025
25299.750000000022
25750.000000000022
25653.250000000022
25900.00000000003
22422.000000000022
26998.000000000033
18618.75000000002
27418.000000000025
16379.250000000018
27409.00000000003
14501.500000000015
27297.000000000025
12726.500000000011
27323.000000000022
11718.250000000011
27405.000000000025
11691.000000000013
26911.000000000033
11292.750000000011
24994.00000000003
10976.500000000011
23885.00000000002
10590.000000000011
23316.000000000022
9997.250000000011
22237.000000000025
9408.250000000007
19598.00000000001
9178.00000000001
19263.00000000001
9213.000000000011
20372.00000000002
9341.25000000001
21060.00000000001
9361.00000000001
20625.000000000015
9600.250000000011
19485.000000000025
9863.000000000013
22053.000000000022
9932.750000000011
23583.00000000002
10931.250000000011
24472.000000000022
11430.000000000015
25479.000000000033
11814.250000000011
25290.00000000003
12010.000000000015
24565.000000000015
11858.250000000011
25178.000000000033
11808.000000000011
26571.00000000003
11737.750000000013
26637.000000000033
12087.250000000011
27324.000000000015
12306.000000000013
28993.00000000003
12487.750000000013
29588.00000000003
12518.250000000013
29440.000000000033
12866.000000000015
28231.00000000003
13319.750000000015
27050.000000000015
13597.250000000013
26503.000000000033
13614.250000000015
27156.00000000003
14191.750000000013
27164.00000000002
14493.750000000018
27239.00000000002
14402.250000000016
26179.000000000033
14460.00000000002
25830.000000000015
14979.000000000016
25431.000000000022
15270.250000000015
25160.000000000015
15249.000000000015
25016.00000000003
16050.000000000015
25106.00000000003
16709.500000000022
22756.000000000022
16701.500000000015
22503.000000000025
16348.750000000018
21884.000000000022
16367.000000000018
22700.000000000025
18492.000000000015
22883.000000000025
23159.000000000022
22154.00000000002
25473.00000000002
21782.000000000015
25186.750000000025
21216.000000000022
24321.750000000025
22006.000000000022
22997.000000000025
23179.000000000022
21444.000000000025
24101.00000000002
20123.75000000002
24368.000000000015
19810.75000000002
24096.000000000015
20132.000000000022
23889.00000000002
20171.250000000022
24130.000000000025
20357.50000000002
23920.00000000003
20737.25000000002
23553.00000000002
20941.000000000022
24210.00000000002