5680.7500000000055
7150.000000000008
17196.000000000015
11918.000000000015
20346.75000000002
11812.000000000015
19749.00000000002
11955.000000000007
19418.50000000002
12157.000000000013
19042.50000000002
12296.000000000011
18689.25000000002
12488.000000000016
18319.000000000022
12636.00000000001
18018.250000000022
12820.00000000001
17605.50000000002
13167.000000000015
17311.000000000015
14592.000000000016
16972.75000000002
14786.000000000018
16627.00000000002
15163.000000000016
16261.750000000018
17317.000000000015
15767.500000000015
16277.000000000018
15627.250000000015
12988.00000000001
15293.000000000013
13505.00000000001
14440.750000000016
10859.000000000011
13290.750000000013
6937.000000000008
12529.750000000011
9680.000000000013
12657.000000000013
11361.000000000015
11516.250000000011
7938.000000000008
10055.50000000001
11353.000000000011
9538.00000000001
14777.000000000015
8723.00000000001
12251.000000000011
8038.250000000009
10719.00000000001
8148.500000000009
12240.00000000001
7645.500000000009
15211.00000000001
7583.750000000008
14681.000000000018
8511.250000000007
13418.000000000007
8374.75000000001
13038.000000000013
8131.250000000008
12836.00000000001
8320.00000000001
15496.000000000016
8245.25000000001
16522.00000000001
7773.000000000009
14785.00000000001
7524.500000000006
13988.000000000011
7607.250000000008
14241.000000000016
7709.500000000007
15353.000000000016
8199.75000000001
17828.00000000001
8008.000000000007
18095.000000000015
7493.500000000006
19356.000000000022
7420.750000000008
18962.000000000022
7159.500000000006
17332.000000000015
7574.000000000008
16949.00000000002
7921.250000000007
16614.000000000022
8399.25000000001
15452.00000000002
8551.000000000007
12956.00000000001
8558.250000000007
13773.000000000015
8721.750000000011
14167.000000000013
9205.75000000001
14175.00000000001
9430.50000000001
13768.000000000016
9165.750000000007
12681.00000000001
7986.750000000008
12144.000000000011
8229.750000000007
12850.00000000001
9583.00000000001
13862.000000000013
10304.750000000013
14300.000000000018
9622.00000000001
14089.000000000016
9585.250000000007
14325.000000000015
9969.25000000001
14844.000000000015
10185.000000000013
14709.000000000018
9869.000000000011
13029.000000000011
10377.000000000011
10926.000000000013
11132.500000000011
10137.000000000007
11177.750000000011
9577.000000000005
11775.750000000011
9346.000000000011
12740.250000000015
10095.000000000011
14264.250000000015
10703.000000000013
14676.500000000013
10434.000000000007
15327.250000000013
9452.000000000004
16349.250000000016
7589.000000000008
17355.00000000002
6667.0000000000055
17799.25000000002
6779.000000000006
18036.500000000022
6976.000000000008
17050.000000000015
7207.0000000000055
14114.250000000015
7356.000000000008
10479.750000000011
7273.000000000004
9919.000000000011
7265.000000000008
10617.000000000013
7277.000000000007
10063.750000000011
7192.0000000000055
9163.500000000011
7200.0000000000055
9706.50000000001
7474.0000000000055
10700.500000000013
7428.0000000000055
10851.000000000011
7600.000000000008
10486.250000000011
7873.000000000007
10955.25000000001
7980.000000000008
9783.500000000011
8238.000000000005
9356.500000000011
8563.00000000001
10061.500000000013
9009.000000000007
10460.750000000013
7541.000000000008
5056.250000000005
1681.000000000001