13821.250000000015
7413.0000000000055
13767.000000000016
7732.000000000008
14113.250000000015
7971.000000000009
13974.250000000011
8924.000000000011
13846.500000000013
9977.000000000007
13946.500000000015
11059.00000000001
13240.750000000013
12033.000000000007
13106.250000000015
11409.000000000013
13029.250000000011
8830.00000000001
13175.000000000016
7281.000000000006
12889.750000000013
6468.000000000003
11910.25000000001
6203.000000000007
11570.50000000001
6595.000000000004
11796.000000000011
7431.000000000007
11703.750000000013
7897.000000000008
11399.750000000013
7983.000000000008
11047.000000000013
8188.000000000009
11380.000000000011
8058.000000000008
11700.50000000001
7759.000000000007
11372.500000000011
7154.0000000000055
10573.00000000001
7003.000000000007
11191.000000000013
7078.0000000000055
11357.250000000011
7355.000000000007
11736.750000000013
7433.000000000008
11980.500000000011
7940.000000000009
11731.750000000013
8270.000000000007
12209.500000000011
8989.00000000001
12310.750000000013
8969.000000000005
11786.500000000015
8988.00000000001
11682.000000000011
9136.000000000011
12002.250000000013
8765.000000000007
12150.000000000013
8901.000000000011
11479.250000000011
9377.00000000001
11192.750000000011
9097.000000000005
11467.750000000013
8912.000000000011
11723.500000000011
8661.00000000001
11978.750000000013
9167.000000000011
11877.500000000011
9297.000000000011
11589.000000000013
9479.000000000005
11704.500000000011
9889.00000000001
11605.000000000013
9762.000000000011
11139.250000000011
9516.00000000001
11413.250000000013
9637.00000000001
11599.250000000015
9793.000000000011
11348.000000000011
9318.00000000001
11411.250000000011
9104.00000000001
11075.000000000013
9074.00000000001
10737.500000000011
9606.000000000011
10690.250000000013
10625.000000000013
10874.250000000011
11017.000000000013
10278.750000000011
11173.000000000011
9957.25000000001
11379.000000000013
9953.75000000001
11115.00000000001
10363.25000000001
11185.000000000005
10405.500000000013
11362.000000000011
10190.00000000001
10461.000000000011
10740.000000000011
10605.00000000001
11168.000000000015
10488.000000000013
13271.500000000015
10410.000000000011
15444.750000000016
9653.00000000001
15986.250000000016
9575.00000000001
17341.25000000002
9960.000000000011
16991.25000000002
10051.000000000011
14979.750000000018
9436.000000000007
12968.250000000011
9371.00000000001
12168.500000000015
9404.000000000011
11955.000000000016
9368.000000000007
11957.250000000007
9161.000000000007
12663.500000000011
9007.000000000005
12500.500000000015
9300.000000000011
12031.250000000015
10058.000000000005
11796.000000000011
9935.00000000001
11594.000000000011
10721.000000000011
11530.750000000011
11819.000000000007
11388.500000000011
12339.000000000013
11077.750000000013
12542.000000000011
10975.500000000013
12524.000000000015
10898.500000000011
12393.00000000001
10946.000000000011
13167.000000000015
11447.250000000011
13709.000000000013
12201.500000000013
14699.000000000016
12708.750000000013
15836.00000000001
13313.250000000013
16498.000000000015
13888.250000000013
18769.000000000007
13573.250000000013
20878.000000000022
13744.000000000015
21070.000000000022
13699.250000000015
20959.000000000015
13270.250000000013
21106.000000000022
13279.500000000011
21044.000000000022
13339.25000000001
21157.000000000015