13865.500000000013
20107.000000000015
14677.250000000015
20974.000000000015
14908.250000000015
21877.000000000022
15276.750000000015
22806.000000000025
15547.250000000016
23455.00000000003
15801.750000000018
23749.000000000025
16033.000000000015
23430.000000000025
16136.750000000015
22683.000000000025
16630.750000000015
21536.000000000022
17135.75000000002
19896.00000000002
17321.25000000002
17465.00000000001
17141.250000000015
14610.000000000015
16848.500000000015
12640.000000000016
16893.75000000002
12676.000000000005
17126.00000000002
13749.00000000001
17165.000000000015
14683.000000000007
17305.75000000002
15600.000000000016
17417.25000000002
16690.000000000022
17810.750000000022
17938.000000000022
19280.000000000015
18672.00000000002
21371.000000000022
18652.000000000025
22548.250000000025
17999.00000000001
21043.250000000025
16727.000000000007
18167.50000000002
15170.000000000016
18655.750000000022
13901.00000000001
17704.00000000002
13244.000000000015
17456.50000000002
13208.000000000015
17970.000000000015
14104.000000000016
16610.500000000015
15707.000000000016
15712.250000000016
17505.00000000002
13661.000000000013
18285.00000000002
13000.750000000015
16867.00000000002
12699.500000000011
14828.000000000015
12434.500000000011
13385.000000000015
12911.750000000013
12848.000000000015
12402.000000000011
14717.000000000016
12091.750000000011
15477.000000000016
12758.000000000013
14797.000000000016
13323.500000000011
16423.00000000002
13223.000000000011
17972.000000000015
12697.500000000011
19172.00000000001
13404.250000000013
20365.000000000015
13848.250000000013
20361.000000000022
15100.250000000016
20152.000000000015
15811.500000000018
21456.000000000025
16067.750000000016
22174.000000000022
15206.500000000016
21695.000000000022
14371.000000000013
22027.000000000025
15221.750000000015
22128.000000000022
15010.250000000011
21840.000000000022
14060.750000000015
21220.000000000022
13901.750000000013
20468.000000000022
13936.000000000013
20712.000000000022
13733.500000000011
21146.000000000025
13709.500000000013
20423.000000000022
13696.000000000015
20019.000000000022
13811.250000000015
20795.000000000022
14084.000000000015
21742.000000000022
14251.750000000013
21947.000000000022
14404.250000000015
22393.000000000025
15288.750000000016
22220.000000000025
15128.750000000013
21693.000000000022
15713.750000000016
21112.000000000015
16847.000000000015
19870.00000000002
17097.25000000002
20064.000000000022
17040.50000000002
19635.000000000015
17501.75000000002
19000.00000000002
17658.00000000002
18684.000000000022
18128.00000000002
18468.00000000002
19127.25000000002
18896.00000000001
19313.25000000002
19502.00000000002
18395.00000000002
20215.000000000025
17936.50000000002
20016.000000000025
19179.000000000022
20015.000000000015
19281.00000000002
20837.000000000015
19305.25000000002
20231.000000000025
19344.250000000022
19648.000000000015
18638.000000000022
18962.000000000022
18156.75000000002
18435.00000000002
18021.75000000002
18594.000000000022
18287.750000000015
20027.00000000002
17700.500000000015
21051.000000000015
17762.250000000015
19349.000000000022
17730.500000000015
19389.000000000015
18206.50000000002
19412.00000000002
18077.000000000022
19804.000000000025
18479.50000000002
19759.000000000025
18692.75000000002
19559.000000000015
18483.25000000002
19227.000000000022
19135.500000000022
18839.00000000002