20507.00000000002
19259.00000000002
20668.500000000022
18779.00000000002
20314.50000000002
18153.00000000002
20178.25000000002
15729.000000000015
19990.75000000002
15684.000000000015
19978.000000000022
15391.000000000015
19864.000000000022
16058.000000000016
19586.75000000002
17379.000000000015
19753.50000000002
18310.000000000015
20020.000000000022
20000.000000000015
19423.50000000002
20431.000000000025
19328.250000000022
19438.000000000022
19696.50000000002
18515.00000000001
19686.000000000022
17403.00000000001
19083.000000000022
17241.000000000015
18643.75000000002
17053.00000000001
18169.50000000002
16858.000000000022
18268.00000000002
16710.000000000007
17692.00000000002
17296.00000000001
17101.750000000015
15839.000000000016
17021.75000000002
16821.00000000002
16858.250000000015
16221.000000000016
15956.000000000015
14873.000000000015
15570.250000000016
14088.000000000007
14901.250000000016
11668.000000000013
14364.000000000016
13054.000000000013
13606.250000000016
12848.000000000015
13176.750000000015
14492.000000000015
13122.250000000011
15995.000000000016
12849.250000000015
15663.000000000015
12244.750000000015
16086.000000000016
12016.250000000015
18062.00000000002
11693.00000000001
17742.000000000015
11720.750000000013
16538.00000000002
11442.500000000013
16557.000000000015
11391.750000000011
16931.00000000001
11806.750000000011
18104.000000000022
11448.500000000011
18809.000000000022
10861.75000000001
18043.000000000022
10536.00000000001
15725.00000000002
10186.500000000011
16530.00000000002
9935.500000000011
18093.000000000022
9250.75000000001
19321.00000000002
9064.750000000011
17456.000000000015
8992.00000000001
17427.000000000015
8385.00000000001
18509.00000000002
8328.00000000001
20172.00000000002
7614.500000000009
19351.00000000002
7177.250000000008
17951.00000000002
7115.750000000006
17106.000000000015
7404.750000000006
18159.000000000022
7330.750000000008
19480.000000000022
7729.250000000007
18139.00000000002
8263.25000000001
17831.00000000001
8672.000000000007
19639.000000000022
8039.500000000009
21544.000000000025
8532.250000000011
21536.000000000022
10198.750000000011
22027.000000000022
10968.500000000013
23101.00000000002
11038.500000000011
24189.00000000002
11417.500000000011
23621.000000000015
11800.250000000015
22347.000000000022
12374.000000000011
22950.000000000022
12944.250000000013
22839.000000000025
13142.250000000013
22669.000000000025
13458.000000000013
22996.000000000022
14017.000000000011
22497.000000000022
14438.750000000016
21362.00000000002
14743.750000000015
21109.000000000022
15175.750000000018
21578.000000000022
16362.500000000015
21681.000000000022
16712.750000000015
21529.00000000002
17591.000000000015
21465.000000000025
19748.25000000002
20503.000000000015
22150.75000000002
20046.000000000015
21937.250000000025
17987.000000000015
20905.750000000022
15971.000000000015
19735.00000000002
17402.00000000001
19227.25000000002
19988.000000000025
18521.50000000002
20295.00000000002
18782.25000000002
20087.000000000022
18642.000000000022
20094.000000000022
18293.000000000022
19218.00000000002
17897.750000000022
18520.00000000002
17818.00000000002
19133.000000000022
17647.500000000015
20264.00000000002
17445.75000000002
20981.00000000002
17937.75000000002
21762.000000000022
17838.75000000002
22255.000000000025
17442.00000000002
23159.000000000025