21172.750000000022
19732.00000000002
22376.000000000025
19667.000000000025
22219.250000000022
18526.000000000022
22276.750000000022
17794.000000000022
22913.500000000022
17495.00000000001
21974.000000000022
18678.000000000022
21412.250000000022
18049.000000000015
21668.000000000022
18053.00000000002
22986.000000000025
18468.00000000002
22550.750000000022
17797.00000000002
21718.250000000022
18417.000000000022
21846.500000000022
18623.00000000001
22185.500000000022
19062.00000000002
21928.750000000022
18228.000000000022
22192.500000000022
17731.000000000015
22587.500000000025
17073.000000000015
22196.500000000022
17800.00000000001
22147.500000000022
20279.000000000025
21172.750000000022
18720.000000000015
21652.500000000025
18025.00000000002
22654.500000000022
21504.000000000022
22912.500000000022
21839.000000000022
23050.750000000025
24973.000000000022
21213.000000000022
22533.000000000025
21184.500000000022
19125.000000000022
22091.250000000022
18869.000000000022
22192.500000000022
19071.000000000015
22234.500000000022
18509.00000000002
21831.00000000002
17735.00000000002
20624.500000000022
18693.00000000002
19060.50000000002
19964.000000000015
18269.500000000022
20153.000000000025
17667.50000000002
21382.000000000022
17197.500000000022
20656.000000000022
16007.500000000016
19998.000000000022
15180.000000000015
18961.000000000022
14314.500000000015
19321.00000000002
13621.500000000018
20807.000000000015
14195.250000000015
22358.000000000022
14057.250000000018
21796.000000000025
14598.500000000016
20904.00000000002
14458.500000000015
19790.000000000022
15087.250000000015
21469.000000000025
15554.750000000016
21927.000000000025
14893.250000000015
22581.000000000025
15280.500000000018
22625.000000000025
16483.250000000015
21767.000000000015
19344.250000000022
23149.000000000025
21651.250000000025
22945.000000000025
23859.500000000025
23690.00000000002
23530.500000000022
23296.00000000002
23541.250000000025
23729.000000000022
22724.50000000002
24156.000000000015
22738.75000000002
23740.000000000022
23679.25000000003
22974.000000000025
23472.250000000022
22640.000000000025
22761.500000000022
22345.00000000002
23463.750000000022
21942.00000000002
23364.25000000003
21720.00000000003
23398.75000000002
21197.00000000001
23191.500000000025
22754.000000000022
23471.50000000003
22145.000000000022
23188.00000000003
22026.000000000015
23612.500000000025
22888.000000000022
23616.25000000002
21116.000000000025
23901.250000000025
23509.000000000022
24427.25000000003
22968.000000000022
24666.750000000025
23444.00000000002
24924.500000000025
23451.00000000001
24083.50000000003
23244.000000000015
24175.750000000022
22939.000000000025
24832.500000000033
23130.00000000003
24621.500000000025
23243.00000000003
25043.000000000025
23215.00000000002
25707.250000000025
22487.000000000025
25246.250000000022
22028.000000000022
24551.250000000025
22520.000000000025
23993.25000000003
22485.000000000025
23654.000000000025
21001.000000000022
24819.500000000025
22274.00000000002
25293.000000000025
23659.000000000025
23929.000000000025
23974.000000000025
22597.750000000022
22493.000000000025
22510.500000000025
18325.000000000015
21772.500000000025
18377.00000000002
21698.500000000022
19529.000000000025
22007.750000000022
24495.00000000002
22104.250000000025
25319.00000000002
22274.750000000022
25891.000000000022
22534.250000000025
26238.000000000022