28416.000000000004
28416.000000000004
28416.000000000004
28416.000000000004
28416.000000000004
28416.000000000004
28416.000000000004
28416.000000000004
28416.000000000004
28416.000000000004
28416.000000000004
28416.000000000004
28416.000000000004
28416.000000000004
28416.000000000004
28416.000000000004
28416.000000000004
28416.000000000004
28416.000000000004
28416.000000000004
28415.00000000002
28408.000000000007
28407.25000000002
28387.000000000022
28411.75000000002
28445.00000000001
28448.750000000015
28368.00000000001
28401.500000000015
28238.000000000015
27683.750000000015
28059.000000000007
26773.250000000022
27507.00000000003
26577.25000000002
27442.00000000003
26748.500000000025
27217.000000000015
26840.25000000003
26232.000000000025
25792.00000000002
27119.000000000025
24881.00000000002
25744.000000000022
22752.50000000002
23038.000000000022
22799.750000000022
25845.000000000015
24263.750000000022
27694.000000000022
22289.500000000015
26727.000000000022
21378.75000000002
27786.000000000025
22015.250000000025
28286.000000000025
21436.750000000022
27833.00000000003
20456.25000000002
27291.000000000022
19844.50000000002
27760.00000000001
20252.750000000015
28598.000000000022
20371.75000000002
28561.000000000022
19242.50000000002
27901.00000000002
18274.500000000015
27119.000000000025
17800.00000000002
27029.000000000025
17766.250000000015
27852.00000000001
17746.750000000015
28089.000000000007
16818.250000000015
27260.000000000022
16401.500000000015
26856.000000000007
15969.000000000015
26603.000000000022
15804.250000000016
28018.000000000025
16056.000000000022
28042.000000000025
16117.250000000016
28181.000000000025
16183.750000000015
28262.000000000025
16013.000000000015
27342.000000000025
15691.250000000013
27327.000000000007
15819.750000000016
27424.00000000001
17185.750000000015
28331.000000000007
18714.25000000002
28536.000000000025
18180.250000000015
28672.00000000001
17975.250000000015
28734.00000000001
17309.75000000002
28872.000000000022
16380.000000000015
28942.00000000002
16382.500000000013
28913.000000000025
17394.25000000002
28949.000000000022
17642.00000000002
28980.00000000002
17427.75000000002
29092.000000000015
17199.750000000015
29140.000000000025
18207.75000000002
29099.000000000022
19008.000000000015
28978.00000000001
18553.000000000015
28877.00000000002
18254.00000000002
28837.000000000022
18981.500000000015
28813.00000000002
19965.250000000015
28842.000000000022
19873.750000000015
28768.000000000022
19640.000000000015
28674.00000000001
20528.000000000022
28605.000000000007
21366.750000000015
28560.000000000007
21743.50000000002
28364.00000000002
22381.250000000025
28581.000000000022
23061.250000000022
28919.000000000022
23276.000000000022
28549.000000000015
24171.750000000025
28391.000000000025
24783.250000000022
28400.00000000001
25945.25000000002
28416.000000000004
27000.750000000025
28416.000000000004
27419.50000000002
28416.000000000004
27951.500000000015
28416.000000000004
28250.75000000002
28416.000000000004
28707.000000000022
28416.000000000004
28576.500000000015
28416.000000000004
28419.750000000015
28416.000000000004
28427.500000000015
28416.000000000004
28416.000000000004
28416.000000000004
28416.000000000004
28416.000000000004
28416.000000000004
28416.000000000004
28416.000000000004
28416.000000000004
28416.000000000004
28416.000000000004
28416.000000000004
28416.000000000004