18388.50000000002
17555.00000000001
18200.00000000002
16855.000000000022
18591.50000000002
16427.00000000001
19045.750000000015
16608.00000000002
19998.250000000022
16990.00000000002
19228.25000000002
17211.000000000015
19139.000000000022
18305.000000000022
19501.50000000002
18584.000000000015
20179.75000000002
17550.00000000002
19492.25000000002
15763.000000000013
19243.500000000015
15933.000000000018
18372.75000000002
15358.000000000015
17951.25000000002
13790.000000000011
16886.750000000015
11761.000000000005
17394.500000000015
11047.000000000013
17187.75000000002
10352.000000000011
17682.250000000022
9542.000000000011
17743.500000000015
9180.00000000001
16357.750000000018
9456.000000000005
15779.750000000015
7386.000000000009
15928.250000000016
6539.000000000005
14590.000000000016
8537.000000000007
13794.250000000011
8444.000000000011
12901.000000000013
7090.000000000008
11856.750000000013
10224.00000000001
11148.750000000015
12730.000000000015
10831.500000000013
13174.000000000016
9831.00000000001
14376.000000000016
8281.50000000001
14165.000000000016
6869.250000000007
15408.000000000015
6328.5000000000055
16157.000000000018
5798.7500000000055
15240.000000000015
5158.7500000000055
14260.000000000016
4836.5000000000055
13847.000000000013
4954.000000000005
13320.000000000015
5309.5000000000055
14684.000000000013
5393.250000000006
16384.00000000001
5755.750000000007
15266.000000000016
6318.750000000007
13838.000000000016
6333.250000000008
12652.000000000018
6562.000000000007
12156.000000000013
6962.250000000007
12926.00000000001
7592.500000000008
13723.000000000007
7521.000000000007
13665.000000000015
7632.250000000009
15115.000000000016
7400.750000000007
14920.000000000015
7506.000000000007
14861.000000000018
7541.000000000008
15408.000000000018
7809.250000000008
16109.000000000018
8083.250000000008
16980.000000000022
8283.25000000001
17168.000000000015
8081.250000000007
18278.000000000015
7641.250000000008
18770.00000000002
7996.000000000008
18314.00000000002
7908.000000000008
17458.00000000002
7640.000000000007
17722.00000000001
7470.250000000007
21060.000000000022
7199.250000000006
21274.000000000022
7157.250000000008
20805.000000000022
7583.000000000007
20706.00000000002
7806.000000000008
20439.000000000022
7538.000000000006
20945.000000000025
7359.750000000008
19029.000000000022
7480.000000000008
16768.000000000015
7732.000000000007
16395.00000000002
7908.500000000007
18249.000000000007
8164.000000000008
19330.000000000015
8504.25000000001
20276.000000000022
9195.25000000001
20495.000000000025
9591.75000000001
20756.000000000022
9976.50000000001
19317.000000000022
10185.25000000001
16275.000000000015
10488.250000000011
14158.000000000015
11430.500000000013
14200.000000000016
12354.250000000013
14097.000000000013
13119.500000000013
13534.000000000013
13430.000000000015
12957.00000000001
14311.250000000015
12830.000000000011
15776.750000000013
13368.00000000001
17124.500000000015
14298.000000000015
17234.250000000022
14699.000000000013
17636.000000000015
14317.000000000016
19328.00000000002
11931.000000000011
20711.000000000022
11737.00000000001
21466.250000000022
12976.000000000016
20432.750000000022
14317.000000000007
18656.00000000002
14734.000000000015
17443.25000000002
14747.000000000016
17036.500000000015
14300.000000000018
17151.75000000002
13859.000000000016