15409.500000000016
14237.00000000001
14200.750000000015
19232.000000000022
14508.500000000018
21524.000000000022
18471.75000000002
24225.00000000002
19391.750000000022
25476.00000000001
20654.250000000022
25427.00000000003
16130.250000000018
24605.00000000003
15174.750000000015
24443.000000000033
20628.000000000022
24441.00000000003
19596.250000000015
23578.000000000015
17538.750000000015
21988.000000000022
19439.50000000002
21184.000000000022
21342.000000000022
23246.000000000025
22743.250000000025
23831.000000000025
24478.000000000025
23448.00000000002
24818.00000000003
22971.000000000025
24645.250000000025
23931.000000000025
24301.500000000022
24961.000000000015
23767.50000000003
23924.000000000022
23930.000000000025
23012.000000000025
24162.500000000025
22769.000000000022
23582.500000000025
23506.00000000002
22826.500000000022
23186.000000000025
21839.750000000025
24403.00000000002
21996.500000000022
25064.000000000025
21766.250000000022
24950.000000000025
21554.250000000022
24282.000000000025
21806.500000000022
23873.00000000003
21490.750000000025
22630.00000000003
19350.750000000022
22079.000000000025
16332.000000000016
21835.000000000022
12916.750000000015
22270.000000000025
10980.750000000011
22443.000000000025
11123.000000000011
20564.000000000015
11622.250000000013
18071.00000000002
11505.250000000013
18720.000000000015
11535.750000000013
20015.000000000015
11801.250000000013
21529.00000000002
12497.750000000013
23008.000000000025
13447.500000000015
25119.000000000025
14564.000000000016
21120.00000000002
15109.250000000015
13505.00000000001
15534.000000000018
7751.000000000007
16569.25000000002
6478.000000000005
17723.750000000015
6602.000000000004
19286.000000000022
7483.000000000009
20958.000000000022
8686.000000000005
21008.50000000002
12902.000000000013
19495.500000000022
20587.000000000025
17559.25000000002
25089.000000000025
17721.500000000015
24758.00000000002
18804.25000000002
22949.000000000022
18571.00000000002
22043.000000000025
17967.25000000002
22663.000000000022
17654.75000000002
20914.000000000015
18985.50000000002
21925.000000000025
21006.75000000002
23332.000000000033
21517.250000000022
20754.000000000022
21078.250000000022
21661.000000000025
21019.250000000022
22219.000000000025
20423.25000000002
23737.00000000002
21475.500000000022
22867.000000000025
20794.00000000002
22678.000000000025
20775.75000000002
17122.000000000015
20592.50000000002
10424.000000000011
18780.750000000015
11997.00000000001
18456.750000000015
10348.000000000013
18336.50000000002
9065.00000000001
16681.00000000002
13528.000000000016
16263.250000000015
18864.00000000002
14737.500000000016
22095.000000000025
15319.500000000015
21363.000000000025
15715.500000000016
21327.000000000022
15679.500000000016
20762.000000000015
14569.250000000015
20473.000000000022
14960.750000000015
20800.000000000022
15566.750000000015
21146.000000000025
16105.000000000015
21347.00000000002
17456.75000000002
21583.000000000022
19109.50000000002
22250.000000000025
20317.00000000002
21592.00000000002
21112.25000000002
17655.000000000015
21373.250000000022
11066.000000000011
20870.250000000022
7600.000000000008
19686.500000000015
7014.000000000004
18749.000000000015
6885.000000000006
18295.25000000002
8048.000000000007
16862.75000000002
10544.00000000001
14590.750000000015
7239.000000000008
14218.750000000015
6575.0000000000055