14725.750000000016
24282.000000000025
14962.750000000015
25268.00000000003
15215.000000000016
26120.00000000003
15019.250000000015
26003.000000000025
14678.000000000015
26293.00000000002
14767.250000000015
25258.000000000025
15686.750000000016
25150.00000000002
15459.250000000018
24284.00000000003
15381.000000000018
20890.00000000002
14604.750000000016
20499.000000000022
14769.500000000011
24446.00000000003
15494.500000000013
24427.000000000022
15932.750000000016
22482.000000000022
16678.25000000002
18600.00000000002
16469.75000000002
15114.000000000016
15614.000000000016
14600.000000000015
14625.500000000015
13542.000000000013
14139.000000000015
14455.000000000016
14367.250000000018
12600.000000000015
13645.750000000015
12866.00000000001
13165.250000000013
15946.000000000018
12897.000000000013
18438.00000000001
12629.750000000015
18425.000000000022
13500.500000000016
19404.000000000022
14462.250000000015
20750.000000000025
14985.000000000013
20837.000000000015
13946.750000000013
22056.000000000022
12596.000000000013
22342.000000000022
12634.500000000013
23757.000000000022
12639.500000000011
23985.000000000015
12362.250000000015
24615.00000000003
12244.000000000013
24400.000000000015
11451.000000000013
22233.000000000025
11333.750000000013
19106.00000000002
11944.750000000015
16810.00000000001
12622.250000000015
15467.000000000015
12341.250000000013
13253.000000000013
12270.000000000013
13050.000000000013
13207.500000000015
14475.000000000011
13349.500000000013
15577.00000000001
13289.250000000015
17126.00000000002
13093.500000000013
17594.000000000007
13034.500000000015
16587.000000000015
12439.750000000016
15670.000000000015
12426.500000000015
16270.000000000016
12658.500000000013
16749.00000000001
13030.750000000011
16016.000000000015
13188.500000000011
15186.000000000018
13391.500000000015
14643.000000000011
13980.500000000011
15478.000000000016
13404.750000000011
16462.000000000022
13077.000000000015
16552.00000000001
13668.250000000013
14996.000000000018
13218.000000000015
14476.000000000011
12576.500000000015
14655.000000000018
12323.250000000013
14199.000000000018
11942.500000000015
13500.000000000011
11740.000000000013
13815.000000000018
10982.250000000011
13627.00000000001
11405.250000000013
13112.000000000018
11523.250000000013
12317.00000000001
11876.500000000015
12287.00000000001
12437.500000000013
12412.000000000007
13095.000000000015
12580.000000000016
13021.000000000013
13175.000000000007
12868.250000000013
13631.000000000016
13126.500000000015
13723.000000000016
14053.750000000013
12543.000000000015
14715.500000000013
11478.000000000013
14867.750000000015
11256.000000000011
14995.500000000018
11268.000000000011
15283.750000000018
11890.00000000001
15698.750000000016
12552.000000000013
16174.250000000018
14247.000000000011
15617.750000000018
15704.000000000013
15859.750000000016
15389.00000000002
16008.500000000016
14063.000000000016
15204.750000000015
13372.000000000016
15707.750000000013
13300.000000000015
16055.500000000013
13375.000000000013
16626.25000000002
13176.000000000013
16927.25000000002
12897.000000000011
16578.75000000002
13447.000000000015
16711.500000000015
14186.000000000011
15975.750000000016
14949.000000000016
16856.00000000002
15590.000000000018
14672.500000000018
15037.000000000016
11969.50000000001
13513.000000000016
15159.500000000015
11769.00000000001
16174.500000000016
11445.000000000011