12813.750000000013
11377.000000000015
13302.750000000013
14096.000000000015
14010.000000000015
20588.000000000022
14503.750000000015
14314.000000000015
14410.000000000013
9290.000000000011
14046.750000000013
9556.000000000011
14007.000000000013
8871.000000000011
13437.250000000013
8049.000000000009
13176.000000000013
8115.000000000007
14276.500000000015
8075.000000000008
15067.500000000015
8638.000000000011
14679.500000000015
8710.000000000005
14286.500000000015
8657.000000000005
14160.250000000015
7892.000000000008
14374.750000000016
7643.000000000009
15413.000000000016
7687.00000000001
15909.500000000016
7914.000000000009
16167.250000000018
9920.000000000005
16536.750000000015
10443.000000000013
16941.500000000015
10116.00000000001
17496.00000000001
9729.00000000001
17400.25000000002
9343.000000000011
16078.250000000011
9356.00000000001
14758.250000000015
9018.000000000007
13446.250000000015
8452.000000000011
12225.500000000013
8525.00000000001
11454.50000000001
8479.00000000001
10588.000000000011
8621.000000000007
9049.00000000001
9116.000000000007
8135.250000000007
10116.000000000011
8035.500000000008
11403.000000000011
8408.000000000007
12789.00000000001
8532.75000000001
13015.000000000015
8226.750000000007
13682.000000000015
7948.500000000006
14469.000000000018
8216.500000000007
15055.000000000015
8433.750000000007
15354.000000000022
8203.250000000007
16138.000000000016
8284.75000000001
15492.000000000013
8534.25000000001
15458.000000000016
9139.000000000011
16028.000000000016
9229.00000000001
13981.000000000007
9827.50000000001
13408.000000000016
9783.00000000001
13156.000000000015
9575.00000000001
13158.000000000016
9923.250000000013
13726.000000000018
9823.50000000001
14172.000000000016
9731.25000000001
13368.00000000001
10346.750000000011
12758.00000000001
10430.750000000011
12026.00000000001
11132.750000000011
12999.000000000011
11341.500000000011
13713.000000000011
10711.000000000011
13531.000000000011
11064.250000000011
13059.000000000011
11835.500000000013
13470.000000000011
12048.500000000013
13746.000000000016
12741.250000000011
14016.000000000016
13589.250000000013
13777.000000000013
14250.250000000015
13481.000000000013
15202.000000000016
13377.000000000015
17190.000000000015
12742.00000000001
18656.50000000002
12247.000000000013
18619.50000000002
12330.000000000015
17408.50000000002
11647.00000000001
16009.750000000015
11068.000000000011
15895.750000000016
11322.000000000015
16377.250000000018
10973.00000000001
16514.50000000002
11240.000000000015
17066.500000000015
11214.000000000013
17586.500000000015
11338.000000000013
17099.500000000015
12661.000000000016
16562.50000000002
12127.000000000015
16232.250000000016
12119.00000000001
15987.500000000016
11431.000000000013
15682.750000000016
12174.000000000011
15479.000000000016
13567.000000000015
14841.250000000016
15095.000000000016
14973.750000000016
14152.000000000015
14882.750000000016
14618.000000000015
14872.000000000015
15981.000000000016
14708.750000000016
17177.00000000001
14687.000000000015
17685.000000000015
14730.750000000015
17898.000000000015
14898.750000000011
17391.000000000022
14633.000000000015
16988.00000000002
15062.750000000015
16935.000000000015
15134.500000000015
17084.000000000022
14778.750000000016
17540.00000000001
15077.500000000015
17915.000000000022
15337.750000000016
17899.000000000015