16175.750000000016
16584.000000000022
14836.250000000015
17847.00000000001
15381.500000000015
17918.00000000002
15973.750000000016
18232.000000000015
15911.500000000016
18843.000000000015
15425.50000000002
17047.00000000002
15164.250000000016
17388.00000000001
15578.000000000018
17191.00000000001
15040.500000000013
16902.00000000001
15088.000000000018
17607.000000000015
16241.250000000013
19064.00000000001
16112.750000000016
20484.000000000022
16026.750000000016
20544.000000000022
15057.250000000016
20034.000000000022
14091.500000000015
19550.00000000002
13034.000000000013
18823.000000000022
12387.000000000011
14456.000000000013
12147.000000000013
12841.000000000013
12480.000000000011
14611.000000000016
13612.000000000015
17098.00000000001
13159.250000000015
18560.00000000001
13129.250000000015
18737.000000000022
12897.750000000013
17483.000000000022
13426.250000000015
17070.00000000001
13133.000000000015
17890.00000000001
13057.750000000013
17356.00000000001
13451.250000000013
15916.000000000016
13231.750000000013
14398.000000000016
13397.000000000013
16554.000000000022
13714.750000000015
17558.000000000022
13359.500000000013
17563.000000000015
12100.250000000015
17563.000000000015
11664.500000000011
15089.000000000015
11394.750000000011
15067.000000000016
11158.750000000011
16225.000000000016
11372.000000000011
16974.00000000002
11526.500000000011
16014.000000000016
10544.000000000011
14011.000000000018
9938.00000000001
13414.00000000001
10273.500000000011
14268.000000000013
10316.00000000001
16135.000000000016
10085.00000000001
16028.000000000016
9192.500000000011
14821.000000000016
9222.50000000001
13550.00000000001
9172.75000000001
14455.000000000016
8982.750000000011
15003.000000000016
9178.00000000001
15172.000000000013
8897.50000000001
16074.00000000002
8548.500000000007
15495.000000000016
8561.75000000001
16094.000000000015
8481.750000000007
18354.000000000015
8352.500000000007
18578.00000000001
8607.75000000001
17963.00000000002
9385.00000000001
17928.000000000015
9597.50000000001
17190.00000000001
8874.00000000001
16566.00000000001
8990.00000000001
16610.00000000001
10519.250000000011
15626.000000000016
10915.000000000011
14209.000000000016
10212.000000000011
15350.000000000015
10943.500000000013
17310.00000000001
11388.250000000011
16254.000000000018
10563.750000000011
15826.000000000018
10782.250000000013
16598.00000000001
10622.75000000001
16024.000000000016
10410.250000000011
11804.000000000007
11128.250000000011
12376.000000000013
11159.000000000013
12610.000000000016
10399.000000000013
12448.000000000011
10118.250000000011
14030.000000000013
10817.750000000011
16366.000000000016
11192.000000000011
15843.000000000016
11897.500000000013
13931.00000000001
13799.750000000015
14879.000000000016
15040.750000000015
16312.000000000018
14846.250000000015
15470.00000000002
14794.000000000016
14720.000000000016
15237.250000000016
14891.000000000018
15548.750000000016
16852.00000000002
15056.250000000015
19069.000000000015
13391.250000000013
19894.000000000015
13293.500000000015
20020.000000000025
12357.500000000013
17694.00000000001
13027.750000000015
14442.000000000016
14554.000000000015
13554.000000000016
15290.500000000016
12640.000000000016
15432.000000000016
15443.000000000016
15094.500000000016
15656.000000000016
14375.500000000016
17124.00000000002
14236.000000000013
16641.00000000001