7157.750000000008
12252.000000000011
7357.750000000007
11832.000000000007
7615.500000000008
11484.000000000011
7755.0000000000055
11266.000000000013
7813.500000000009
10814.000000000011
7894.750000000008
10278.00000000001
7975.75000000001
10069.000000000013
8026.500000000009
9446.00000000001
8456.00000000001
8208.000000000011
9320.000000000011
7225.000000000009
10701.250000000011
8166.000000000008
11272.250000000013
11106.000000000013
11436.50000000001
13999.000000000013
11736.000000000013
14770.00000000001
10998.250000000013
14028.000000000016
12268.000000000011
13542.000000000013
14007.750000000013
13613.000000000013
14227.750000000015
13150.000000000011
14708.000000000015
12941.00000000001
14617.500000000016
13532.000000000011
13681.250000000013
12812.000000000015
11904.000000000013
11983.00000000001
10152.000000000013
10997.000000000011
8949.50000000001
10626.000000000013
9028.750000000011
11481.000000000015
9185.000000000011
10898.000000000011
8776.750000000007
10263.000000000011
8443.25000000001
9633.000000000011
8353.75000000001
8875.00000000001
8110.500000000008
8030.000000000008
8051.000000000008
7222.000000000008
7958.000000000008
6753.000000000005
7961.250000000008
6649.000000000006
8680.25000000001
7003.000000000007
8957.25000000001
7463.000000000008
9052.500000000007
7782.000000000008
9181.75000000001
7912.000000000009
9555.50000000001
7768.000000000008
9384.50000000001
7353.000000000007
9128.00000000001
6957.000000000007
8749.75000000001
6768.000000000009
8633.75000000001
6816.000000000008
8595.00000000001
6909.000000000007
8518.00000000001
6932.000000000008
8658.00000000001
7032.0000000000055
8004.000000000009
7247.000000000007
7916.000000000007
7414.000000000007
8231.250000000011
7590.000000000007
9155.000000000011
7643.000000000007
9267.50000000001
7629.000000000007
8476.75000000001
7639.000000000009
8078.250000000008
7659.000000000005
7847.000000000008
7549.000000000009
8422.50000000001
7328.000000000007
7798.500000000006
7164.000000000005
7557.000000000008
7113.000000000004
7603.250000000008
7163.000000000007
7689.500000000007
7332.000000000007
7978.000000000007
7325.000000000007
8617.25000000001
7272.000000000009
9068.00000000001
7429.000000000007
8779.00000000001
7533.000000000007
8461.750000000007
7656.000000000007
8535.00000000001
7564.000000000008
9079.50000000001
7281.000000000006
8910.50000000001
7234.000000000008
8688.75000000001
6976.000000000004
8615.25000000001
7470.000000000008
8959.250000000007
8897.00000000001
9188.50000000001
9773.00000000001
8936.750000000007
10056.00000000001
9405.25000000001
10145.000000000007
9983.75000000001
11205.000000000011
9216.000000000007
12026.00000000001
8795.25000000001
12153.000000000016
9175.75000000001
12213.000000000007
9480.00000000001
12524.000000000016
10356.25000000001
13178.000000000016
11063.000000000013
13764.00000000001
10781.500000000011
14562.000000000013
10183.750000000011
15252.000000000016
9799.25000000001
15666.000000000015
9501.25000000001
15662.000000000016
9647.00000000001
15132.000000000015
9408.50000000001
14469.000000000007
8641.75000000001
14602.00000000001
8126.000000000008
17100.00000000001
8092.000000000009
18817.00000000002
8219.50000000001
16751.000000000022
8388.00000000001
15064.000000000013