18056.50000000002
24742.00000000003
17583.25000000002
25750.000000000022
16912.25000000002
27154.000000000022
16336.250000000016
27648.00000000003
16043.000000000016
26498.00000000003
15784.750000000018
25291.00000000002
15849.500000000016
24025.00000000003
15592.250000000016
21881.000000000022
15239.750000000015
19635.000000000015
15034.250000000015
18128.00000000002
15256.750000000016
17152.000000000015
15950.750000000015
16874.000000000022
15835.500000000016
16728.00000000002
14981.750000000018
16524.000000000015
14489.000000000015
16866.00000000002
14100.000000000013
17563.000000000015
13032.000000000013
18615.000000000022
13297.500000000013
20380.000000000015
12464.750000000013
21420.000000000025
11671.000000000015
21232.000000000022
11207.500000000011
21329.000000000022
11760.000000000013
21251.000000000025
11572.000000000011
20575.000000000022
10829.750000000011
18501.000000000022
10716.250000000011
16675.000000000022
10476.000000000011
15920.000000000016
9857.50000000001
15155.000000000016
9645.000000000011
14984.000000000018
9471.500000000007
14535.000000000015
9249.750000000007
13660.000000000015
8615.500000000011
12813.000000000015
8607.25000000001
13225.000000000015
8665.50000000001
13165.000000000011
8761.50000000001
13174.000000000016
8919.750000000011
14452.000000000015
8897.50000000001
14810.000000000016
8997.750000000007
14602.00000000001
8820.75000000001
12422.00000000001
9117.25000000001
13621.000000000015
9641.75000000001
18356.00000000002
9729.00000000001
20036.00000000002
9582.00000000001
19563.00000000002
9584.25000000001
19680.000000000015
9579.25000000001
20468.000000000022
9645.75000000001
22083.000000000022
10364.25000000001
22465.000000000022
10457.250000000011
21654.000000000022
10229.50000000001
20872.000000000022
10432.750000000011
20387.00000000002
10642.00000000001
20368.000000000022
11008.250000000013
21272.000000000025
11153.250000000013
22132.000000000025
11219.000000000011
22276.00000000002
10729.000000000011
22808.000000000022
10650.75000000001
22387.000000000022
11280.500000000011
23264.00000000002
11372.250000000011
24935.000000000025
11086.25000000001
25686.000000000033
10826.500000000011
25672.00000000002
11268.500000000011
25633.000000000015
11923.750000000011
25690.000000000022
12452.500000000013
26031.000000000025
12511.750000000015
26124.00000000003
12560.500000000016
24957.00000000003
13133.250000000011
23596.00000000002
13549.250000000015
23119.000000000022
13745.250000000016
23835.000000000033
13285.250000000016
24457.000000000022
13445.250000000013
24307.000000000022
13575.250000000013
23876.000000000025
14178.250000000015
22901.000000000025
14021.500000000013
22209.000000000025
13970.250000000016
22208.000000000022
14919.250000000015
24351.000000000033
16124.500000000016
24810.000000000022
16694.75000000002
23686.00000000002
17876.25000000002
22143.000000000025
19982.25000000002
19896.000000000022
21601.750000000022
18785.000000000022
21940.500000000022
18124.000000000015
21483.250000000022
17463.00000000001
20659.000000000022
17428.00000000002
19399.000000000022
17885.000000000007
17951.50000000002
17952.00000000001
15092.500000000016
17878.00000000002
13352.500000000011
17490.00000000002
12513.00000000001
17109.000000000022
12421.000000000015
16869.00000000001
12512.250000000011
16852.00000000002
12926.250000000015
17099.000000000022