8195.25000000001
7576.000000000007
8368.75000000001
7766.000000000007
8553.00000000001
7941.000000000009
8752.00000000001
8164.000000000008
8941.25000000001
8417.000000000004
9111.50000000001
8663.000000000005
9281.75000000001
8875.00000000001
9373.00000000001
9108.000000000007
9387.500000000011
9381.00000000001
9327.25000000001
9719.00000000001
9287.25000000001
9980.00000000001
9300.50000000001
10154.000000000013
9424.50000000001
10525.000000000011
9655.75000000001
11614.000000000013
9904.250000000007
14192.000000000015
10051.000000000011
17758.000000000022
10071.750000000011
20684.000000000022
10330.250000000011
22483.000000000025
11175.00000000001
23447.000000000033
12499.250000000011
23492.00000000003
13890.750000000015
23419.000000000022
14926.000000000016
23358.00000000003
15253.000000000016
23066.000000000025
15081.000000000015
22084.000000000022
14588.500000000015
20690.000000000022
14126.500000000016
19837.000000000025
13796.500000000015
19311.000000000022
13202.500000000011
17757.000000000022
12700.750000000016
15502.000000000015
12333.250000000015
13922.000000000013
12141.000000000011
12599.000000000016
11783.250000000015
11451.000000000011
11937.250000000015
10333.000000000011
12985.500000000013
9470.00000000001
14446.250000000015
8713.000000000004
15746.000000000015
8636.000000000007
16452.25000000002
11079.000000000011
16147.250000000016
14783.000000000015
15391.500000000013
14513.000000000015
15412.50000000002
12815.000000000011
15296.500000000015
12199.000000000016
13902.750000000013
12273.000000000013
12931.000000000011
12743.00000000001
12265.000000000015
13151.000000000011
13160.750000000015
12056.000000000015
14441.500000000015
11272.000000000013
15615.750000000013
11267.000000000013
17005.000000000015
11160.000000000011
17309.25000000002
11770.00000000001
16906.25000000002
11779.000000000011
17019.00000000002
11755.000000000013
15144.000000000015
11570.000000000013
12102.250000000011
13243.000000000016
9697.250000000011
14201.000000000011
9037.500000000011
13116.000000000013
8796.750000000007
12332.00000000001
8045.500000000008
13107.000000000016
7254.250000000006
15305.000000000016
7264.250000000008
16429.000000000022
6941.000000000007
13822.000000000015
7035.250000000008
13059.000000000011
8034.000000000006
12335.000000000007
8025.25000000001
11902.000000000011
8337.25000000001
10880.000000000011
8075.000000000008
13782.000000000015
8320.250000000011
17198.000000000015
9277.50000000001
16168.000000000016
9517.50000000001
14190.000000000018
9874.250000000011
11940.000000000016
10867.250000000011
10386.000000000013
10483.00000000001
12194.00000000001
9146.00000000001
14770.00000000001
11134.000000000011
16438.000000000007
14230.250000000016
16777.00000000001
16790.50000000002
18782.000000000015
20121.75000000002
20405.00000000001
20966.500000000022
18719.000000000015
20270.250000000022
18113.00000000002
20097.750000000022
17068.00000000001
20470.50000000002
17814.00000000002
20306.75000000002
16674.00000000001
20904.25000000002
16928.00000000002
21053.75000000002
17923.00000000001
21359.250000000022
17550.00000000002
21747.750000000025
17807.000000000015
20570.25000000002
15956.000000000015
21350.000000000022
17771.00000000001
21683.000000000022
19940.000000000022
21617.750000000022
20780.000000000025
21202.250000000022
20997.000000000022