15019.750000000015
14931.000000000015
14789.000000000016
14557.000000000018
14500.750000000016
14569.000000000015
13975.750000000013
14579.000000000016
13562.500000000013
14617.00000000001
13312.250000000013
14578.000000000013
13496.250000000015
14493.000000000015
13970.000000000015
14534.000000000016
14514.000000000016
14486.000000000013
15113.000000000015
14703.000000000016
15623.000000000018
14996.000000000015
16065.500000000016
15267.000000000015
16312.000000000018
15765.000000000016
16380.00000000002
16716.00000000001
16365.250000000016
17470.000000000015
16313.250000000015
18094.000000000015
16234.750000000016
18350.000000000022
16135.00000000002
18462.000000000015
16170.500000000016
18238.00000000002
16271.00000000002
18195.00000000001
16299.500000000015
17783.00000000001
16472.500000000015
17797.00000000002
16678.000000000015
17945.000000000022
16814.75000000002
18705.000000000015
16857.000000000015
19605.00000000002
17145.50000000002
19517.00000000002
17587.50000000002
19054.000000000015
18109.000000000015
18084.000000000022
18486.25000000002
17476.00000000002
18846.500000000022
16459.00000000001
19095.50000000002
15413.000000000018
19043.00000000002
15198.000000000015
19299.00000000002
15340.000000000018
19439.250000000015
15709.000000000016
19507.750000000022
16257.000000000016
19024.00000000002
16702.00000000001
18119.00000000002
16815.000000000015
16692.50000000002
17016.000000000022
15624.750000000016
17342.00000000001
15182.750000000016
17666.000000000022
15046.500000000015
17921.000000000022
15032.000000000016
17816.00000000001
15059.750000000013
17830.000000000022
15122.000000000018
17802.000000000022
15144.500000000015
17762.000000000015
15344.000000000016
17890.00000000001
15594.500000000015
18116.00000000002
16101.750000000016
18419.000000000022
16716.750000000015
18680.00000000002
17041.25000000002
18932.000000000015
18106.250000000015
19161.000000000015
18359.500000000022
19475.000000000022
18619.00000000002
19708.00000000002
18542.00000000002
19702.00000000002
18294.75000000002
19498.000000000015
18419.25000000002
18932.000000000015
18607.50000000002
18068.00000000002
18357.250000000025
17243.000000000015
18673.250000000022
16423.00000000002
20621.50000000002
15624.000000000015
20146.75000000002
14742.000000000016
18592.25000000002
13890.000000000007
16824.500000000015
13221.000000000007
15759.250000000015
12844.000000000016
15480.750000000015
12605.00000000001
15431.500000000015
12564.000000000007
15662.500000000015
12754.000000000011
15951.500000000015
12872.000000000013
16123.500000000016
12866.00000000001
16403.75000000002
13029.000000000011
16705.50000000002
13400.000000000013
16719.250000000015
13675.000000000013
16700.50000000002
13869.000000000015
16721.750000000015
14204.000000000018
16728.750000000015
14690.000000000016
16469.25000000002
15071.000000000016
16010.75000000002
15398.000000000018
15884.250000000015
15879.000000000015
16305.750000000015
16464.000000000015
16676.500000000015
16849.000000000025
16777.750000000015
17277.00000000002
16852.25000000002
18012.00000000001
16825.750000000015
18681.00000000002
16737.000000000015
19235.00000000002
16682.00000000002
19779.000000000022
16627.750000000015
20077.000000000025
16700.00000000002
20288.00000000002
16836.500000000015
20433.00000000002
17197.000000000015
20752.00000000002
17699.250000000022
21062.000000000022