32640.000000000033
32640.000000000033
32640.000000000033
32640.000000000033
32640.000000000033
32640.000000000033
32640.000000000033
32640.000000000033
32640.000000000033
32640.000000000033
32640.000000000033
32640.000000000033
32640.000000000033
32640.000000000033
32640.000000000033
32640.000000000033
32640.000000000033
32640.000000000033
32640.000000000033
32640.000000000033
32600.000000000033
32576.00000000004
32417.500000000033
32070.00000000003
32008.750000000036
30751.000000000033
31183.75000000003
28650.00000000003
29783.25000000003
24305.000000000022
28595.25000000003
21833.000000000025
27402.250000000033
21629.000000000025
27473.25000000003
22692.000000000022
26225.75000000003
21048.000000000022
23793.250000000025
21357.000000000022
20507.250000000022
16698.00000000002
20667.50000000002
15318.00000000001
21156.250000000025
17414.00000000002
18318.75000000002
16390.000000000015
17607.50000000002
17957.000000000015
16777.25000000002
20773.000000000022
15602.000000000016
19938.000000000015
15131.000000000016
21041.000000000025
14834.500000000015
23232.00000000003
13585.500000000013
22264.000000000022
12481.750000000013
20039.00000000001
11786.750000000013
19171.000000000022
11594.75000000001
19931.000000000025
10362.250000000011
20916.000000000025
9138.500000000011
19643.000000000022
8758.75000000001
18651.00000000002
8800.50000000001
18987.000000000022
8420.75000000001
20444.000000000022
8042.000000000008
20061.000000000015
7922.250000000007
20479.00000000002
7707.000000000008
19613.00000000001
7905.000000000008
19405.000000000015
8172.250000000007
18666.00000000002
9065.750000000011
18261.000000000022
10329.500000000011
20100.000000000025
10369.000000000011
23638.000000000015
10645.250000000011
27375.000000000025
10691.000000000011
29096.000000000036
10335.50000000001
28577.000000000036
10898.000000000013
27165.00000000003
10410.000000000011
26996.000000000033
10108.750000000011
26636.000000000022
10919.750000000015
26214.00000000003
11267.750000000011
25985.000000000025
11021.250000000011
25687.00000000002
10572.500000000013
25213.00000000003
11471.250000000013
25291.00000000002
11856.250000000011
26488.00000000003
11498.500000000011
26828.00000000002
12360.000000000013
26771.000000000022
13475.750000000013
27216.000000000022
13353.00000000001
27831.000000000025
14705.250000000015
27996.000000000036
16882.750000000015
27672.000000000022
18268.250000000022
27562.00000000003
19317.000000000022
27895.000000000033
20569.25000000002
28967.000000000022
22093.750000000022
28679.000000000033
22865.250000000025
26210.000000000022
24109.250000000022
25989.00000000002
25587.50000000003
28120.000000000025
27196.250000000033
29976.000000000033
27656.25000000003
31304.000000000036
27491.750000000033
32080.000000000033
27862.00000000003
32428.000000000033
29225.000000000025
32552.000000000036
30858.750000000033
32616.000000000036
31881.000000000033
32636.000000000033
32407.00000000004
32640.000000000033
32606.000000000033
32640.000000000033
32638.000000000033
32640.000000000033
32640.000000000033
32640.000000000033
32640.000000000033
32640.000000000033
32640.000000000033
32640.000000000033
32640.000000000033
32640.000000000033
32640.000000000033
32640.000000000033
32640.000000000033
32640.000000000033
32640.000000000033
32640.000000000033
32640.000000000033
32640.000000000033
32640.000000000033
32640.000000000033