11556.750000000011
14551.000000000016
11884.750000000013
13462.000000000015
11790.750000000011
14954.000000000015
11748.250000000011
14213.000000000016
11722.000000000013
13554.000000000016
11767.250000000015
16450.000000000015
10232.500000000011
16466.000000000015
9180.75000000001
15024.000000000011
9698.25000000001
13217.000000000015
9424.500000000011
13642.00000000001
8867.00000000001
13118.000000000015
9511.50000000001
13423.000000000015
10286.000000000011
13103.000000000015
10676.750000000011
14508.000000000016
12158.500000000013
13540.000000000007
12699.750000000013
14592.000000000013
12995.250000000013
14561.000000000018
13041.75000000001
14703.000000000015
13934.750000000013
14802.000000000015
16160.25000000002
15291.000000000013
18789.25000000002
15735.000000000016
18814.00000000002
15276.000000000018
18861.750000000015
13515.000000000011
17430.750000000022
14709.000000000018
14806.000000000013
15274.000000000015
12647.000000000011
16694.000000000015
11382.000000000013
15407.000000000016
10558.50000000001
13371.000000000016
10389.000000000011
13759.000000000011
9554.00000000001
13614.000000000015
8974.00000000001
15883.000000000018
8480.000000000007
15019.000000000016
8755.750000000005
15992.000000000016
8092.500000000009
15694.000000000016
7486.250000000007
14979.000000000016
8060.750000000009
16334.000000000016
8098.500000000008
18514.00000000002
7607.750000000007
19286.000000000022
8421.25000000001
16367.000000000015
8935.25000000001
18274.000000000022
9254.25000000001
16806.00000000002
9203.500000000007
16085.000000000013
9764.250000000011
17564.000000000015
9651.250000000011
17400.00000000002
8910.00000000001
17049.00000000002
8923.50000000001
18541.00000000002
9337.250000000011
21190.000000000022
8187.75000000001
20328.000000000025
7523.000000000007
19884.00000000002
8614.250000000011
19544.000000000022
8609.750000000007
19251.000000000022
8601.50000000001
19646.000000000022
9180.50000000001
18553.000000000015
8987.000000000011
17039.000000000022
8716.50000000001
16343.000000000018
9805.25000000001
16035.000000000015
9141.000000000011
15572.000000000011
9227.250000000007
14743.000000000018
9604.500000000011
12109.000000000007
9716.000000000011
10310.000000000011
9346.25000000001
11227.000000000011
9350.000000000007
11074.00000000001
8881.75000000001
11287.000000000011
9133.750000000007
11914.000000000005
8846.75000000001
10574.00000000001
8434.00000000001
11220.000000000013
8708.25000000001
10406.000000000013
9047.00000000001
10246.000000000011
9344.500000000011
10276.000000000011
9707.25000000001
8554.00000000001
9829.00000000001
9905.000000000005
9241.50000000001
9958.000000000011
10735.75000000001
7828.000000000009
11848.000000000011
9321.000000000011
11361.75000000001
7841.000000000009
11236.750000000013
7099.000000000008
11016.25000000001
9617.000000000011
10313.75000000001
9586.000000000011
8779.75000000001
10744.000000000011
9040.25000000001
10270.000000000011
9804.000000000007
10668.000000000011
9369.750000000011
10354.000000000011
8829.25000000001
10086.000000000013
9178.50000000001
9285.000000000011
9167.25000000001
9231.000000000007
9247.00000000001
10390.000000000013
9570.500000000011
10513.00000000001
9211.50000000001
9950.00000000001
10089.250000000011
10084.000000000013
10608.75000000001
10625.000000000013