24361.750000000022
20462.000000000022
24192.500000000022
20285.000000000022
24087.750000000022
19627.000000000022
23928.50000000003
18699.00000000001
23896.250000000022
17584.00000000002
23786.000000000022
16600.000000000015
23661.500000000025
16520.00000000001
23489.750000000025
17033.00000000002
23303.000000000025
16129.000000000016
23277.500000000022
14745.000000000013
23195.000000000022
13287.000000000011
23091.750000000025
12268.000000000011
22969.750000000025
11474.000000000011
22793.500000000025
11569.000000000013
22812.000000000025
11032.00000000001
21740.750000000025
10517.00000000001
20397.250000000022
10840.000000000013
20034.250000000022
10525.000000000011
19876.25000000002
10973.000000000011
17420.25000000002
10062.000000000013
14982.250000000011
8132.000000000009
14017.250000000013
8764.000000000011
12268.250000000011
8534.000000000005
10615.750000000011
8817.00000000001
9612.750000000011
8765.000000000007
8591.75000000001
8902.000000000007
7763.250000000008
9735.00000000001
7742.000000000007
9214.000000000011
7900.750000000008
9293.00000000001
8181.250000000007
9125.00000000001
8201.75000000001
7822.000000000006
8552.00000000001
8115.000000000007
8811.25000000001
8619.000000000005
8823.25000000001
9342.000000000005
9414.00000000001
9473.00000000001
9970.00000000001
9405.000000000007
10009.750000000011
12304.000000000013
10100.000000000011
15161.000000000011
10168.250000000011
14748.00000000002
10038.250000000011
14667.000000000016
9885.000000000011
16395.00000000002
10132.00000000001
17188.00000000001
10553.000000000013
16686.00000000001
10679.750000000011
16418.000000000015
10653.750000000007
16638.00000000002
10776.750000000011
16986.00000000002
10899.000000000011
17970.000000000022
11135.250000000011
18332.000000000022
11062.500000000011
18202.000000000015
10998.750000000011
18232.000000000015
10781.250000000007
18060.00000000001
11250.500000000011
17796.00000000002
12084.250000000013
17663.00000000001
12017.50000000001
17840.000000000022
11795.000000000015
17919.00000000002
11696.500000000011
18054.00000000002
11873.750000000013
18332.000000000022
12056.250000000015
18648.00000000002
12361.750000000013
18915.000000000022
11974.500000000013
19267.000000000015
11411.000000000011
19473.00000000002
11456.250000000011
19740.000000000015
11717.000000000011
20079.000000000022
11892.500000000015
20346.000000000022
11875.750000000013
20645.00000000002
11927.750000000011
20829.00000000002
12001.500000000011
21171.000000000025
12365.500000000011
21254.000000000025
12457.750000000013
21347.00000000002
12679.750000000015
21498.000000000025
13024.000000000013
21695.000000000025
13894.250000000013
21857.000000000022
13937.250000000013
22026.000000000015
14152.500000000013
22136.000000000025
14484.000000000016
22115.000000000022
14281.500000000016
22228.00000000002
15311.750000000015
22236.00000000003
16565.500000000015
22348.000000000025
17464.500000000015
22498.000000000022
17729.75000000002
22517.000000000025
17518.000000000015
22696.000000000022
17248.00000000002
22812.000000000022
17443.50000000002
22901.000000000025
17954.00000000002
23014.000000000022
18557.750000000015
23112.000000000025
18795.250000000015
23143.000000000025
18994.000000000025
23288.000000000025
19057.500000000022
23424.000000000015
19087.75000000002
23393.000000000022
19157.25000000002
23508.00000000002