24411.750000000015
24380.00000000001
24434.500000000022
24467.00000000002
24133.25000000001
24248.000000000015
23246.500000000015
21082.00000000002
22489.00000000002
18549.000000000022
21671.25000000002
18560.00000000001
20938.00000000001
17876.00000000001
21137.250000000015
18007.00000000002
21110.500000000015
19104.00000000002
19997.250000000015
17068.00000000001
19385.50000000002
15910.000000000018
18554.50000000002
17692.00000000002
17143.00000000001
17024.00000000001
15654.750000000011
14216.000000000011
15933.750000000015
13104.000000000011
16464.50000000001
15832.000000000015
15946.250000000015
16942.00000000002
15007.750000000013
15758.000000000018
14840.750000000013
17327.00000000001
15047.000000000013
19726.000000000015
14869.250000000013
20419.000000000022
13862.750000000011
19421.000000000015
13373.500000000015
17993.00000000002
12988.000000000013
18371.000000000007
13015.500000000011
19591.000000000022
13200.000000000013
21090.00000000001
12570.000000000015
20772.000000000022
11844.250000000011
19634.000000000015
11418.50000000001
18994.000000000015
10689.250000000011
18628.000000000015
10668.000000000011
18845.00000000002
10825.750000000011
20569.00000000002
10457.500000000013
20923.00000000001
9556.25000000001
19728.000000000022
9046.25000000001
18315.00000000002
8672.00000000001
17461.00000000002
8446.250000000007
18177.00000000002
8635.75000000001
19680.000000000015
8624.250000000011
19899.00000000002
8610.000000000007
19986.00000000002
8457.750000000007
19931.000000000022
8073.500000000008
18738.00000000002
7912.250000000006
18792.000000000022
7828.000000000006
18782.000000000015
7981.750000000006
19282.00000000002
9237.000000000007
23560.000000000022
9771.500000000011
24430.000000000025
10003.75000000001
23977.00000000002
9845.25000000001
23552.00000000001
9561.250000000007
23766.00000000001
9124.75000000001
23710.00000000001
8822.500000000007
22947.00000000002
8843.250000000005
22418.00000000002
9095.500000000007
21739.00000000002
8995.50000000001
21159.00000000002
8797.00000000001
21079.00000000002
8791.25000000001
21112.000000000015
9355.50000000001
21155.000000000022
9841.750000000011
21257.000000000015
9951.000000000011
21284.00000000002
9849.00000000001
21411.000000000022
9788.50000000001
21602.00000000002
10174.25000000001
21696.00000000002
10621.750000000013
22242.00000000002
10795.750000000011
22796.00000000002
10967.000000000013
23074.000000000022
11084.500000000011
23178.000000000015
11462.250000000011
23268.000000000015
11955.250000000013
23442.00000000002
12264.500000000013
23645.00000000002
12495.000000000015
23830.00000000001
12761.250000000013
23816.000000000025
13409.000000000011
23671.000000000007
14292.000000000011
23332.000000000015
14909.000000000013
23572.000000000022
15409.250000000015
22940.00000000002
16174.250000000018
22206.000000000022
17445.25000000002
21922.00000000002
18427.000000000015
22471.00000000002
19144.50000000002
23378.000000000022
20028.75000000002
24246.000000000015
20812.25000000002
24418.00000000002
21584.00000000002
24415.000000000015
22115.250000000015
24414.000000000022
22592.250000000022
24414.000000000022
23044.500000000022
24416.000000000007
23741.50000000002
24417.000000000025
24274.750000000015
24416.000000000007
24400.000000000015
24416.000000000007
24406.25000000002
24416.000000000007