21456.250000000022
16373.000000000016
21453.750000000025
16209.000000000018
21311.000000000022
15551.000000000016
21191.500000000022
15778.000000000018
21275.250000000022
16200.000000000018
21364.50000000002
16702.00000000001
21125.50000000002
16493.00000000002
20664.25000000002
16334.000000000016
20754.75000000002
16300.000000000016
20872.250000000022
16815.000000000015
20928.000000000022
16718.00000000001
20833.75000000002
17203.00000000002
20961.000000000025
17096.00000000002
20923.750000000022
16804.00000000002
20790.50000000002
17296.00000000001
20634.000000000022
17398.000000000022
20752.750000000022
17509.00000000001
20708.000000000022
17321.00000000002
20832.750000000022
18071.00000000002
20588.000000000022
18406.00000000002
20841.250000000025
18970.00000000002
21080.50000000002
18753.00000000002
20722.25000000002
19077.00000000002
20943.250000000022
18920.000000000025
21264.750000000022
18941.000000000025
21320.250000000025
19103.00000000002
20817.750000000025
18672.000000000022
19905.75000000002
15651.000000000018
18516.750000000022
16035.000000000013
17117.50000000002
16435.000000000015
15635.500000000016
17056.000000000022
13030.500000000013
18177.00000000002
10615.25000000001
16543.000000000015
8838.00000000001
15796.000000000013
7105.500000000006
15169.000000000016
6272.500000000006
13966.000000000016
5893.5000000000055
13158.000000000018
6012.500000000006
14072.000000000016
6052.7500000000055
15693.00000000002
5928.500000000006
16712.000000000022
6138.000000000008
17256.000000000015
5922.2500000000055
18891.000000000022
6052.2500000000055
19556.000000000022
6055.000000000008
18208.00000000002
6108.5000000000055
16534.00000000001
6406.7500000000055
15736.000000000018
6468.000000000008
16719.00000000001
7765.2500000000055
18060.00000000001
7896.500000000006
18252.000000000022
7660.25000000001
18257.000000000022
8040.250000000007
18494.000000000025
8913.25000000001
19321.00000000002
9498.50000000001
19424.000000000022
9709.75000000001
19268.000000000015
9663.250000000011
19146.000000000015
9178.25000000001
18907.00000000002
9829.750000000011
18904.000000000015
10713.000000000011
17926.000000000015
11567.25000000001
17156.00000000002
11374.250000000013
16950.000000000022
11855.750000000013
18050.000000000015
12647.25000000001
18353.000000000015
13400.000000000013
18321.00000000002
13632.250000000013
18917.000000000015
14465.250000000015
19025.000000000015
14548.500000000013
19582.000000000022
14625.000000000015
20116.00000000001
15345.750000000018
20628.000000000025
15830.000000000015
20488.000000000015
16084.500000000015
19978.000000000022
17431.25000000002
19698.000000000022
17874.500000000015
19718.00000000001
18801.750000000022
20375.000000000022
20435.75000000002
20031.000000000015
22059.000000000022
20311.00000000002
23962.250000000025
19977.00000000001
23703.000000000025
19762.00000000002
22805.25000000002
19452.000000000015
21840.750000000022
19380.00000000002
20257.750000000022
19099.000000000022
20243.500000000022
19160.000000000022
19952.750000000022
19140.00000000001
19837.500000000022
18843.000000000015
19829.250000000022
18876.000000000025
19624.50000000002
19028.000000000022
19405.500000000022
19394.000000000022
19366.250000000022
19710.000000000015
19111.750000000015
19681.000000000022
18706.75000000002
19220.00000000002
18531.50000000002
18890.000000000022