14859.000000000018
12313.000000000011
15295.500000000015
12402.000000000016
15462.750000000015
12795.000000000013
15083.250000000016
13586.000000000016
14403.000000000013
14091.000000000013
14232.500000000016
14560.000000000016
14448.000000000013
14678.00000000001
14133.000000000013
14026.000000000018
13276.750000000016
13054.000000000013
12686.250000000015
12105.00000000001
12813.500000000011
11410.000000000013
12696.500000000016
11050.000000000011
12481.000000000011
11119.000000000011
13253.000000000011
11329.000000000011
14032.000000000015
11864.000000000016
14403.000000000013
12487.000000000013
14604.500000000015
12539.000000000015
14174.000000000015
11881.000000000007
14015.000000000015
11263.000000000011
14458.500000000015
10666.00000000001
14942.750000000011
10619.000000000013
15138.250000000015
11018.000000000011
15738.000000000016
11118.00000000001
16148.000000000016
11059.000000000011
16245.000000000018
10930.000000000011
16221.500000000016
10766.000000000011
15863.250000000015
10518.000000000007
15839.500000000016
9988.00000000001
15924.500000000013
9854.00000000001
15909.750000000018
9991.000000000011
15912.500000000016
10403.000000000011
15803.500000000016
10450.000000000013
16110.250000000016
10389.000000000013
15834.500000000018
10369.000000000011
15826.500000000013
10401.000000000011
15755.000000000015
10143.000000000011
15109.500000000015
9658.000000000011
14433.000000000015
10028.000000000011
13379.500000000013
10895.000000000013
12040.500000000011
11521.000000000011
11330.250000000013
12499.00000000001
9710.25000000001
12680.000000000015
8982.25000000001
13190.000000000007
8827.00000000001
12970.000000000015
8805.500000000007
12559.000000000004
8798.50000000001
12051.000000000015
9212.50000000001
12184.000000000007
9588.250000000011
12306.000000000007
9054.75000000001
11772.000000000007
8479.250000000007
10774.000000000011
8432.25000000001
11429.000000000013
8799.50000000001
12272.00000000001
9464.50000000001
11841.000000000011
9504.50000000001
10072.00000000001
9932.00000000001
9170.000000000007
10922.250000000013
10277.00000000001
11484.750000000011
11904.00000000001
11442.250000000013
12459.000000000013
11069.250000000015
11508.000000000013
10230.50000000001
10410.000000000011
10412.250000000011
9379.000000000005
11020.000000000011
8997.00000000001
11200.00000000001
8966.00000000001
11282.250000000013
8772.000000000011
10876.750000000011
9186.00000000001
11805.250000000013
9906.000000000011
12061.250000000013
9827.00000000001
14090.250000000013
8434.000000000005
15395.500000000016
7544.000000000009
14501.500000000013
7985.000000000007
14123.000000000015
8863.00000000001
14242.250000000013
9480.000000000011
14412.000000000011
10198.000000000007
14393.250000000013
10542.000000000015
14226.250000000013
10783.000000000011
14355.750000000013
10082.000000000011
14130.750000000013
9003.00000000001
14578.000000000016
8496.000000000005
14985.250000000015
7965.000000000008
13795.500000000016
7522.000000000005
13012.250000000013
7804.000000000007
13314.250000000013
8021.000000000007
12826.250000000013
8250.00000000001
12567.250000000013
7938.000000000008
13518.750000000015
7779.000000000008
13879.500000000015
7864.000000000009
13810.000000000013
7524.000000000008
14143.000000000015
6984.000000000006
14436.500000000015
6796.0000000000055
15446.000000000016
6135.000000000005