10969.00000000001
14623.000000000013
11012.750000000011
14736.000000000015
10905.500000000013
14808.000000000016
10792.250000000011
14856.000000000011
10796.50000000001
14941.000000000016
10866.000000000015
14286.000000000016
11064.750000000013
12833.000000000015
11135.000000000013
12261.000000000007
10936.75000000001
12024.000000000011
9916.00000000001
10915.000000000013
9185.000000000007
8667.000000000007
9060.25000000001
7547.000000000009
8730.00000000001
7411.000000000006
8744.00000000001
6477.000000000007
9223.00000000001
8250.000000000004
9400.25000000001
8871.000000000011
9428.75000000001
7955.000000000009
9687.00000000001
7038.000000000008
10811.000000000011
7531.000000000009
10901.750000000013
10492.000000000011
11204.500000000013
13005.000000000013
12494.500000000013
11448.000000000013
12675.250000000016
8579.00000000001
12980.750000000013
7435.000000000003
13397.500000000013
7279.000000000006
13464.250000000013
9278.00000000001
13228.250000000015
12621.00000000001
14274.000000000015
15356.000000000016
14848.500000000015
17623.000000000015
14420.000000000013
17715.000000000015
14741.500000000015
17009.00000000001
13205.250000000013
15423.000000000015
12892.250000000015
15040.000000000015
12580.000000000013
16274.000000000016
12391.000000000013
16407.00000000002
11955.000000000011
16032.000000000015
12132.250000000011
14599.000000000015
11902.250000000011
12153.000000000016
12571.000000000011
10555.000000000011
12504.250000000013
10898.000000000011
11903.750000000013
13022.000000000016
11409.000000000013
12839.000000000016
11183.75000000001
12396.000000000007
11464.000000000013
13101.000000000013
11638.750000000011
13160.000000000007
11666.750000000011
12846.000000000011
11557.500000000013
12447.000000000015
11463.750000000011
11949.000000000015
12018.750000000011
11153.000000000013
12431.000000000013
10498.00000000001
13042.500000000013
10563.000000000011
12993.750000000015
10873.000000000011
13906.000000000013
10607.000000000013
14388.000000000015
11147.000000000011
13559.000000000015
13120.000000000011
13648.750000000015
16503.00000000001
14658.750000000018
18318.00000000001
15398.500000000016
18585.000000000022
14379.500000000018
18968.00000000002
13502.500000000011
19204.000000000022
13835.000000000015
16350.000000000015
13469.00000000001
13355.000000000015
12098.500000000013
11342.000000000013
12596.250000000013
11047.000000000011
12736.750000000015
10731.000000000013
12350.000000000013
9406.000000000007
12251.500000000013
9250.000000000005
12713.250000000011
9386.00000000001
12951.000000000011
8705.000000000007
14948.750000000015
7545.000000000007
14908.750000000013
8973.00000000001
12498.250000000011
12318.00000000001
11914.750000000013
13162.000000000013
11291.750000000013
12430.000000000013
10106.750000000011
12750.000000000013
10568.250000000011
13817.000000000016
11457.500000000011
14752.000000000016
11891.50000000001
14585.000000000018
11429.250000000013
14502.000000000013
10893.250000000011
15487.000000000015
10783.750000000011
17029.000000000015
11192.25000000001
16901.00000000001
11628.500000000013
16721.000000000022
12340.000000000015
17087.000000000022
12648.75000000001
16550.00000000001
12450.750000000015
14785.00000000001
12639.250000000013
14311.000000000013
12964.500000000015
13878.000000000016
13399.750000000011
12463.000000000015
14480.750000000016
11049.000000000011