1.2500000000000007
0.0
126.50000000000013
0.0
233.2500000000002
0.0
123.00000000000016
0.0
128.25000000000003
0.0
137.75000000000009
0.0
219.00000000000017
0.0
310.7500000000003
0.0
295.0000000000002
0.0
286.2500000000003
0.0
334.0000000000003
0.0
376.0000000000005
0.0
364.2500000000003
0.0
345.0000000000004
0.0
322.5000000000004
0.0
330.00000000000034
0.0
374.50000000000034
0.0
380.00000000000034
0.0
325.00000000000017
0.0
1290.7500000000014
2256.000000000002
2851.0000000000027
4650.000000000002
3075.5000000000036
7363.000000000007
3264.2500000000036
8398.000000000005
2619.5000000000027
9048.000000000007
2080.2500000000023
10471.000000000011
1783.2500000000016
9078.000000000007
2878.500000000003
8106.000000000008
5583.5000000000055
8465.000000000005
5567.250000000005
7320.000000000007
5087.0000000000055
7345.000000000006
5152.500000000005
7833.000000000007
4891.500000000005
7437.000000000008
5295.0000000000055
9656.000000000011
4877.2500000000055
9939.000000000007
4548.500000000005
9929.000000000011
5013.2500000000055
10204.000000000011
5294.500000000005
10477.000000000011
5717.7500000000055
9976.000000000011
5735.500000000006
8775.000000000011
5571.250000000006
7704.000000000009
5885.750000000007
6983.000000000004
6695.500000000008
6269.000000000003
6834.500000000007
6063.000000000006
6762.000000000006
6212.000000000005
6879.250000000006
6867.000000000005
5655.500000000005
6359.000000000004
6290.0000000000055
6027.0000000000055
7853.750000000007
5735.000000000006
7593.750000000007
5071.000000000006
7838.000000000007
4769.000000000005
8224.500000000007
4454.000000000003
8633.000000000007
4188.000000000001
8119.250000000007
3800.000000000004
7279.500000000006
3584.0000000000014
6932.250000000007
2870.000000000003
7283.000000000007
1375.0000000000016
7683.750000000008
300.00000000000017
7096.500000000006
0.0
6556.500000000006
0.0
6578.250000000007
0.0
6975.250000000007
0.0
7213.000000000006
0.0
7796.000000000007
0.0
8110.000000000008
0.0
8052.750000000008
0.0
7957.750000000007
0.0
7619.000000000006
0.0
7616.750000000006
0.0
8075.250000000006
0.0
8110.000000000008
0.0
8138.250000000008
0.0
8195.50000000001
0.0
8782.250000000007
0.0
9490.500000000007
0.0
8869.75000000001
0.0
9179.00000000001
0.0
11908.750000000011
0.0
12359.750000000013
0.0
11633.750000000011
0.0
9588.00000000001
0.0
7223.000000000007
0.0
5606.7500000000055
0.0
3152.000000000003
0.0
849.7500000000006
0.0
439.50000000000034
0.0
241.00000000000028
0.0
3.5000000000000013
0.0
0.0
0.0
0.0
0.0
0.0
0.0