25136.500000000022
16450.000000000015
24502.500000000022
16202.000000000018
24255.000000000025
16406.000000000015
24268.000000000025
17165.000000000015
24567.250000000022
17295.00000000001
23253.500000000025
16796.00000000001
22575.750000000025
16180.000000000016
21999.500000000022
15958.000000000018
22079.500000000025
15887.000000000013
22798.750000000025
15892.000000000015
21660.500000000022
15757.000000000016
21047.500000000022
15939.000000000015
20899.500000000022
16759.00000000002
19657.750000000022
17398.000000000022
19068.750000000022
17532.000000000015
19130.25000000002
18064.000000000015
18950.750000000022
18612.000000000015
17857.75000000002
19221.000000000022
17576.25000000002
19625.00000000002
17514.000000000022
19310.00000000002
16966.000000000015
19366.00000000002
16303.000000000016
18996.000000000022
15851.500000000016
17636.000000000022
15819.000000000015
16969.000000000015
15738.500000000015
19942.000000000022
15676.500000000015
21080.000000000022
15793.750000000016
20566.00000000002
15537.250000000016
20142.00000000002
15153.500000000015
17880.000000000022
14194.000000000013
19671.00000000002
14010.500000000015
21070.000000000025
13751.000000000015
18176.00000000002
13359.000000000013
18175.00000000002
13098.000000000013
19198.00000000002
12902.750000000011
18461.000000000015
12366.750000000015
17557.00000000001
11894.500000000015
17287.000000000015
11393.750000000011
18933.000000000015
11197.000000000011
19517.00000000002
10966.25000000001
21487.000000000025
10861.75000000001
20813.00000000002
10762.000000000013
19156.000000000022
10794.000000000013
17867.000000000015
10697.750000000013
17815.00000000001
10906.750000000011
19701.00000000002
11187.25000000001
20687.000000000025
11235.000000000013
18179.00000000001
10945.500000000011
16221.000000000016
10913.750000000011
14156.000000000011
10999.00000000001
13827.000000000013
11574.000000000011
14009.000000000015
11899.750000000013
14157.000000000016
11965.000000000013
14213.000000000016
13114.250000000011
14231.000000000015
14153.000000000011
14272.000000000018
16662.75000000002
14301.000000000016
21193.750000000022
14292.000000000016
24482.50000000003
14373.000000000018
24273.250000000025
14676.000000000016
20808.75000000002
14837.000000000013
17917.00000000002
14520.000000000015
16605.75000000002
14480.00000000001
16749.00000000002
14360.000000000015
16742.750000000015
14214.000000000015
16791.25000000002
14130.00000000001
16800.50000000002
14152.000000000015
16773.500000000015
14286.000000000016
16636.000000000015
14282.00000000001
16513.250000000015
14370.000000000015
16514.500000000015
14609.000000000015
16403.50000000002
14725.000000000015
16246.250000000016
14832.000000000015
16146.250000000018
14974.000000000013
16054.000000000016
15053.000000000016
15980.000000000016
15016.000000000016
15860.750000000015
14858.000000000016
15796.000000000013
14838.000000000016
15892.000000000015
15055.000000000015
15734.750000000016
15217.000000000016
15556.00000000002
15109.000000000016
15603.750000000015
15751.000000000015
15471.250000000015
15832.000000000016
15346.750000000015
15943.000000000015
15341.250000000018
16261.000000000018
15235.500000000018
16256.000000000016
15236.250000000018
16162.000000000018
15271.750000000013
16135.000000000016
15098.250000000016
16207.000000000018
15037.000000000016
16403.000000000015
14862.500000000016
16400.00000000001