9174.25000000001
14861.00000000001
9327.500000000011
15415.000000000016
9526.50000000001
15914.000000000015
9718.00000000001
16341.000000000018
9908.000000000013
16720.00000000001
10086.750000000011
17070.00000000001
10192.50000000001
17352.000000000022
10286.750000000011
17531.000000000015
10379.00000000001
17605.000000000022
10540.25000000001
17600.00000000001
10726.500000000011
17472.000000000015
10978.500000000013
17309.00000000002
11264.00000000001
17053.00000000001
11526.500000000011
16751.000000000022
11736.250000000015
16448.000000000015
11877.750000000013
16152.000000000016
11970.000000000011
15858.000000000016
12026.000000000013
15571.00000000002
12023.000000000011
15264.000000000016
11943.250000000016
14945.000000000016
11795.000000000015
14671.000000000016
11576.750000000011
14407.000000000016
11331.25000000001
14191.00000000001
11072.25000000001
14044.000000000013
10757.750000000013
13943.000000000011
10451.250000000011
13911.000000000011
10155.750000000007
13932.00000000001
9934.00000000001
13968.000000000013
9737.25000000001
14030.000000000013
9585.500000000011
14052.000000000015
10124.750000000007
14124.000000000015
10067.000000000013
14303.000000000013
9350.50000000001
14434.00000000001
8667.00000000001
14600.000000000015
8498.500000000007
15181.00000000001
8768.00000000001
16614.00000000002
8293.25000000001
15392.000000000013
7848.000000000008
14677.000000000018
7472.000000000007
15778.000000000016
6995.500000000007
17205.00000000001
6633.750000000007
17653.000000000015
6910.750000000006
19003.00000000001
6827.000000000006
19978.00000000001
6843.750000000008
19460.000000000022
6226.750000000006
19619.000000000015
7295.250000000007
20357.00000000002
8612.00000000001
20311.00000000002
8731.500000000007
19141.000000000022
9027.25000000001
18478.000000000007
9429.50000000001
19150.000000000022
9736.50000000001
21038.000000000022
10075.250000000011
21430.000000000025
10350.750000000011
19422.000000000015
11829.750000000013
12527.000000000013
13101.000000000013
8907.000000000005
13052.000000000013
12274.000000000007
13499.750000000015
14936.000000000018
13296.750000000015
15592.000000000015
13443.500000000013
15952.00000000002
12821.250000000015
16171.000000000018
12399.500000000013
16365.00000000002
12079.250000000013
16464.000000000015
11804.750000000011
16446.00000000001
11735.500000000013
16450.000000000015
11793.750000000013
16412.00000000001
11651.000000000013
16337.000000000015
11948.250000000011
16142.000000000015
12814.750000000015
15959.000000000015
12949.750000000013
15819.00000000002
14181.500000000018
15640.000000000016
13841.750000000016
15514.000000000018
13358.000000000011
15414.000000000007
13122.250000000015
15333.000000000018
11059.75000000001
15264.000000000016
8933.750000000011
15212.000000000013
7367.500000000007
15176.000000000016
6129.5000000000055
15090.000000000018
7044.750000000006
14948.000000000011
9690.00000000001
14832.000000000015
7794.500000000008
14822.000000000013
6967.750000000007
16410.00000000002
7520.500000000008
15077.000000000013
7799.750000000006
14201.000000000011
8068.500000000008
14286.000000000016
8057.000000000008
15563.000000000015
7858.250000000007
14856.000000000011
7317.000000000007
13657.00000000001
6874.500000000007
13262.00000000001
6707.000000000007
13132.000000000005
6817.500000000008
13105.000000000011