27819.000000000025
27910.000000000033
28029.50000000003
27514.000000000033
27959.25000000003
25932.00000000003
27889.50000000003
25874.000000000022
27797.75000000003
27215.000000000033
27057.500000000025
27449.00000000003
27476.250000000033
28376.000000000033
27934.250000000022
27290.000000000033
27695.250000000025
27946.000000000022
28343.000000000025
27913.00000000003
28569.500000000025
26382.000000000025
28961.75000000003
26853.000000000015
28259.75000000003
27339.000000000015
27396.00000000003
28576.000000000025
27457.00000000003
27869.000000000022
28066.25000000003
28153.00000000002
27444.25000000003
29028.000000000033
27161.750000000033
28497.000000000033
27138.000000000022
27215.000000000033
28023.25000000003
28889.000000000033
28396.250000000033
28902.00000000003
28834.500000000033
27822.000000000033
29224.750000000033
28896.000000000036
28691.500000000025
28312.000000000022
29307.250000000033
27770.00000000003
28639.00000000003
27394.00000000003
28495.50000000003
29017.000000000033
28520.000000000033
29090.000000000033
29556.250000000036
29228.00000000003
29925.750000000025
29837.000000000033
29375.25000000003
28991.000000000033
28736.00000000003
28465.000000000033
28729.000000000025
30137.00000000003
28029.500000000033
29858.00000000003
27272.500000000033
27770.00000000003
27744.750000000022
26901.000000000036
28053.50000000003
27117.00000000002
27056.000000000033
29190.00000000003
26628.25000000003
29719.000000000025
25498.000000000022
30081.000000000033
24002.25000000003
27499.000000000033
22244.000000000022
26838.000000000015
21307.250000000022
26472.000000000025
20450.00000000002
27204.000000000025
20214.00000000002
26208.000000000022
20782.250000000025
27545.00000000002
21431.500000000022
27436.00000000002
21101.750000000022
26811.00000000002
22002.500000000025
26738.00000000002
22754.750000000025
28375.000000000033
23354.750000000025
27422.00000000003
23880.000000000025
25712.000000000025
24230.500000000022
26520.00000000003
24458.000000000025
27464.00000000003
24427.00000000003
27696.00000000003
25022.50000000003
28666.000000000033
27283.000000000033
28774.00000000003
27455.750000000033
27079.000000000022
26453.250000000022
24850.00000000003
26560.500000000036
26400.00000000002
27698.250000000036
27582.000000000033
28408.250000000025
26801.000000000022
27719.000000000033
27864.000000000036
27018.000000000022
27750.000000000033
26425.500000000025
27781.00000000003
27761.50000000003
27661.000000000033
27366.750000000025
28601.000000000022
28000.250000000025
28395.00000000002
28314.250000000033
27385.00000000003
28831.750000000033
27484.00000000003
28170.00000000003
25674.00000000003
28479.500000000033
24915.000000000022
28529.25000000003
24235.000000000025
28268.250000000033
25783.000000000015
27846.500000000033
26986.000000000033
27709.25000000003
28679.000000000033
28344.250000000025
28490.00000000003
28727.500000000033
26805.000000000022
29216.750000000033
25716.000000000033
28906.250000000033
26040.00000000003
28285.000000000033
27383.000000000022
28106.500000000033
27685.000000000022
27460.500000000022
28111.00000000003
27395.00000000003
27364.000000000033
27240.000000000033
25965.00000000003
26959.250000000025
25563.00000000002
25450.000000000025
26277.000000000025
26507.50000000003
29263.000000000025
26182.75000000003
28551.00000000003
26099.25000000003
26955.000000000022