22591.250000000025
7879.000000000009
23283.500000000025
9197.000000000011
24107.250000000022
12132.000000000015
24314.500000000022
18007.000000000022
24340.000000000025
21673.00000000002
24317.750000000025
23314.000000000022
24231.25000000003
25621.00000000003
24077.50000000002
25486.000000000036
24326.500000000033
24777.000000000015
24356.50000000002
25501.00000000002
24408.500000000025
24753.000000000025
24500.500000000025
23135.000000000022
24487.00000000003
22493.000000000022
24413.000000000025
18572.000000000025
24654.500000000025
17547.000000000015
24770.500000000025
17019.00000000002
24024.75000000003
13782.000000000015
22577.750000000025
12844.000000000015
20964.750000000022
14207.000000000015
20542.50000000002
15567.000000000018
19892.25000000002
13815.000000000016
19275.500000000022
14285.000000000016
18508.25000000002
14936.000000000015
17757.50000000002
15296.000000000016
17271.500000000015
16089.000000000016
17865.75000000002
16609.00000000001
18130.25000000002
17992.00000000002
18310.75000000002
19298.000000000015
18158.50000000002
20176.000000000022
18130.00000000002
20510.000000000025
17819.500000000015
19900.00000000002
17990.00000000002
19261.000000000022
18205.75000000002
20451.00000000001
18305.75000000002
23414.00000000002
18510.00000000002
23745.000000000015
18997.000000000022
24527.00000000002
19192.500000000022
25008.000000000015
19283.250000000022
25155.000000000022
18469.25000000002
24844.00000000002
19041.500000000022
25042.000000000025
18969.750000000022
25214.00000000002
18903.000000000022
25734.00000000003
19371.75000000002
25619.00000000003
19573.75000000002
25212.00000000002
18646.25000000002
24835.00000000003
18216.75000000002
25192.000000000015
17456.250000000022
25733.00000000003
16992.750000000015
26153.000000000025
17037.000000000015
25856.00000000003
16230.000000000015
26384.000000000025
15018.500000000015
26347.000000000022
14186.750000000018
26150.000000000022
13057.750000000013
25652.000000000025
12256.750000000013
24487.000000000022
11397.500000000011
24177.000000000025
10680.250000000013
23004.000000000025
11618.500000000015
18723.000000000025
11994.500000000013
13528.000000000016
12109.000000000013
8173.000000000009
12963.500000000015
5253.000000000005
13212.500000000013
6841.000000000007
13628.000000000018
9476.000000000011
14224.250000000015
9277.000000000011
13758.250000000013
11045.000000000013
12988.500000000015
11102.000000000011
13773.000000000015
13105.000000000011
13907.000000000016
12620.000000000013
13968.250000000015
10192.000000000011
13838.500000000016
9693.000000000011
14057.750000000011
11417.000000000013
13727.750000000015
12249.000000000015
14651.000000000016
12051.000000000016
15249.500000000015
10758.000000000011
15279.250000000018
10768.000000000011
14832.000000000015
11521.000000000013
14057.750000000016
11639.000000000013
14955.500000000015
11255.000000000013
14253.750000000013
10952.000000000007
13846.750000000015
12199.000000000016
14339.500000000016
12614.000000000016
14264.500000000016
13298.000000000013
13477.500000000015
14401.000000000016
13221.750000000015
13589.000000000015
14231.250000000013
12507.000000000013
15287.500000000011
11406.000000000013
15139.750000000015
11515.000000000015
14540.500000000015
11491.000000000013
14903.750000000015
11272.000000000013
14500.500000000015
11640.000000000015
14677.250000000015
12403.000000000011