21942.00000000002
21086.000000000025
23210.250000000022
20206.000000000025
23228.500000000022
21226.000000000025
23253.000000000025
21146.00000000002
23778.250000000022
19945.00000000002
22694.500000000025
19643.00000000001
21555.000000000022
20914.000000000025
21377.750000000022
20575.000000000022
22354.000000000025
19927.000000000022
22325.000000000022
18831.000000000022
21973.500000000022
16552.00000000001
21849.250000000025
16023.000000000013
21821.75000000002
17300.00000000002
21438.250000000022
18379.000000000022
21345.000000000022
19200.000000000022
21528.750000000022
19603.000000000015
21419.000000000025
21850.00000000002
21448.500000000022
23956.000000000022
21204.75000000002
24501.000000000022
20984.250000000022
22011.000000000025
20912.000000000025
20962.000000000025
21346.750000000022
20867.000000000025
21446.00000000002
20288.000000000022
21364.500000000022
21551.000000000022
21455.000000000022
20696.000000000022
20753.500000000022
20620.000000000025
20465.00000000002
21117.000000000022
21152.500000000022
22534.000000000022
21183.750000000025
23387.000000000022
21346.500000000022
22458.000000000025
20477.00000000002
21893.00000000002
20286.000000000022
21598.000000000022
20586.750000000022
21057.00000000002
20144.00000000002
22374.00000000002
20481.250000000022
21224.000000000022
20236.000000000022
22182.000000000025
20813.750000000022
22957.000000000022
21619.500000000022
22812.000000000022
20861.500000000022
23291.000000000025
18046.750000000015
22665.000000000022
17957.50000000002
22698.000000000025
17678.000000000022
22636.000000000025
17055.75000000002
22887.000000000025
17041.750000000015
22593.000000000025
17035.75000000002
22001.000000000025
17852.500000000015
23095.000000000025
18565.000000000022
22713.000000000022
19033.750000000022
23796.000000000025
18116.75000000002
23625.000000000015
17218.75000000002
22712.000000000022
16597.250000000015
21275.000000000022
16016.000000000015
21371.000000000015
16355.000000000018
21808.000000000025
16911.00000000002
22207.000000000022
17637.50000000002
22680.000000000022
17787.75000000002
22305.000000000025
17941.50000000002
22272.000000000022
17810.00000000002
21245.000000000022
17911.50000000002
21037.000000000025
17817.00000000002
21486.000000000025
18055.50000000002
21292.000000000022
18111.00000000002
21215.00000000002
17852.25000000002
21752.000000000025
17738.50000000002
20443.000000000022
18518.250000000022
21069.000000000022
18200.75000000002
21686.00000000002
17607.000000000015
20581.00000000002
17777.75000000002
20197.000000000015
17426.500000000015
20846.000000000022
17510.50000000002
21716.000000000022
18273.75000000002
21882.00000000002
18448.250000000015
22267.000000000022
18120.25000000002
22680.000000000025
18995.500000000015
19628.000000000025
18672.50000000002
18745.000000000022
18434.00000000002
20242.000000000022
18287.500000000022
20775.000000000022
18471.75000000002
20362.000000000022
17908.250000000022
23356.00000000002
17752.50000000002
22279.000000000022
18527.50000000002
21501.000000000025
20489.500000000022
21341.000000000022
19123.75000000002
21791.000000000022
17799.750000000015
21975.000000000022
17657.50000000002
21173.000000000015
18270.25000000002
20048.000000000022
18786.750000000015
18239.00000000002
19470.250000000022
17035.00000000002
19151.250000000015
16530.000000000007
19156.250000000022
17575.000000000022