30529.75000000003
29397.000000000025
30488.750000000033
29457.000000000025
30449.000000000033
29556.00000000003
30511.75000000003
29505.000000000025
30599.50000000003
29445.000000000025
30561.000000000036
29433.00000000002
30550.250000000033
29289.000000000033
30642.50000000003
29148.000000000033
30588.250000000033
29175.00000000003
30504.250000000036
29210.000000000033
29236.250000000033
29185.000000000036
27339.750000000025
29154.000000000033
26357.000000000025
23911.000000000022
25043.750000000025
19545.000000000025
24361.000000000022
17608.000000000015
22664.000000000025
17886.000000000022
21142.750000000022
20013.000000000022
20242.750000000025
18577.00000000001
17940.00000000002
18107.000000000022
15856.750000000016
17283.00000000001
14846.750000000013
14617.00000000001
13526.000000000013
13579.000000000016
12189.250000000013
14494.000000000015
11542.250000000013
14104.000000000018
10450.000000000011
13943.000000000011
9838.000000000011
15563.000000000018
9467.750000000011
15186.000000000013
9102.250000000011
15554.000000000016
8653.50000000001
15235.000000000016
8324.250000000007
15712.000000000015
7806.500000000008
16695.000000000015
7484.000000000006
17783.00000000001
7685.500000000007
19120.000000000022
8063.000000000009
18839.000000000022
8176.750000000008
18812.000000000015
8289.00000000001
19409.000000000022
8120.500000000008
20270.000000000022
7971.500000000007
20475.000000000022
8064.500000000008
20403.000000000025
8188.25000000001
20307.000000000022
8868.50000000001
21043.00000000002
9451.000000000011
22130.000000000022
9840.750000000011
22668.000000000025
10155.00000000001
23023.000000000025
10922.250000000011
22854.000000000025
11615.00000000001
22465.000000000022
11705.750000000013
22882.000000000025
11745.50000000001
22906.000000000022
11696.000000000013
22883.000000000025
11927.000000000011
24169.000000000033
12104.750000000013
25681.00000000003
12063.750000000015
27649.000000000025
12097.250000000011
28507.000000000033
12216.500000000015
28753.000000000022
12455.25000000001
28837.000000000033
12514.250000000011
28934.00000000003
12116.500000000011
29006.00000000003
11727.750000000011
28906.000000000033
11862.750000000013
28569.000000000022
12169.750000000015
28716.00000000002
12511.250000000015
28847.00000000003
12641.250000000013
28847.000000000033
12743.000000000015
28758.000000000025
12781.500000000013
28511.000000000025
12843.750000000013
28508.00000000003
13194.250000000013
29003.000000000036
13872.500000000015
29367.000000000033
14578.250000000016
29287.000000000033
15243.500000000016
29252.000000000033
15730.250000000015
29349.000000000033
16247.250000000016
29466.00000000003
17026.500000000015
29551.00000000003
18327.75000000002
29398.000000000033
19473.750000000022
29257.000000000033
20176.000000000022
29453.000000000022
21285.000000000022
29348.000000000022
22730.000000000022
29324.000000000036
23086.750000000022
29313.00000000003
23868.250000000025
29448.000000000036
24957.250000000025
29557.00000000003
26288.000000000025
29515.000000000022
28040.000000000025
29531.000000000033
29778.250000000033
29455.000000000022
30504.000000000033
29627.000000000025
30856.25000000003
29913.00000000003
30966.750000000036
29810.00000000003
30927.750000000033
29531.000000000033
30935.25000000003
29379.000000000036
30956.500000000036
29418.000000000036
30978.500000000036
29461.000000000036