18319.25000000002
19326.000000000022
18431.00000000002
18229.00000000002
18236.00000000002
17742.000000000022
17874.25000000002
18209.00000000001
17566.750000000015
17878.00000000002
17952.75000000002
17242.000000000015
17945.00000000002
16613.00000000001
18145.75000000001
16506.00000000001
18428.250000000015
16899.00000000001
18844.75000000002
16234.000000000016
19405.00000000002
16305.000000000015
18822.50000000002
16269.000000000016
18240.25000000002
15627.000000000016
18472.25000000002
15529.000000000018
18465.00000000002
15111.000000000013
18384.50000000002
16876.000000000015
18121.750000000015
19464.000000000022
18280.500000000015
20223.000000000022
17886.500000000015
22670.000000000025
17429.50000000002
24157.000000000025
17543.50000000002
22254.000000000025
17941.00000000002
19236.000000000022
17620.250000000015
20416.000000000022
17452.50000000002
22383.00000000003
18638.750000000015
22233.000000000025
18817.00000000002
20305.000000000015
18555.50000000002
19835.000000000022
19167.500000000022
18726.00000000002
19826.750000000022
19278.00000000001
19791.500000000022
20571.000000000025
19810.750000000022
18974.000000000022
16750.000000000015
18931.00000000002
14657.250000000016
19057.000000000025
13242.750000000013
18781.000000000015
11717.500000000013
18553.000000000015
11976.250000000013
17719.00000000002
13022.500000000013
17868.000000000015
12791.25000000001
18293.000000000015
11253.250000000013
18860.00000000002
10030.750000000011
19482.000000000015
9356.75000000001
19949.000000000022
9149.25000000001
18859.00000000002
9504.25000000001
19543.000000000015
9782.00000000001
19518.00000000002
9266.00000000001
17664.000000000022
9083.000000000011
16407.00000000002
8986.50000000001
18324.000000000015
8895.75000000001
18398.00000000002
8772.75000000001
17158.00000000001
9166.50000000001
17124.00000000002
9054.250000000007
18074.00000000001
9066.250000000011
18821.00000000001
8926.00000000001
18295.000000000015
8610.75000000001
20270.000000000025
8737.50000000001
22461.00000000003
8691.00000000001
23464.000000000022
9009.000000000011
21066.000000000015
9289.000000000011
19968.000000000025
8801.75000000001
20422.000000000022
9124.00000000001
20646.00000000002
9654.750000000011
21063.000000000022
10666.50000000001
21760.00000000003
12143.000000000011
21820.000000000025
14562.000000000013
19325.000000000022
16704.250000000015
17888.00000000002
19080.75000000002
17427.000000000015
21057.250000000022
17693.00000000001
21618.250000000025
17283.00000000001
20854.75000000002
17134.000000000015
19979.00000000002
17879.000000000022
19065.00000000002
19085.000000000015
18189.250000000015
18433.000000000022
17358.750000000022
16790.00000000002
17351.25000000002
16323.000000000018
16552.50000000002
13946.00000000001
16814.00000000002
14749.000000000016
17904.500000000015
17570.00000000002
18410.25000000002
20568.000000000025
18410.25000000002
21910.00000000002
18551.25000000002
22446.000000000022
18738.500000000015
22873.000000000025
18808.00000000002
21909.000000000022
18514.750000000015
21024.00000000002
18022.000000000015
20979.000000000025
17932.750000000022
20800.00000000001
17797.750000000022
20859.00000000002
16934.750000000015
19668.000000000022
16926.500000000015
18768.000000000025
17513.00000000002
17812.00000000002
17932.250000000015
17487.000000000015