16993.75000000002
17079.00000000002
18637.75000000002
18902.000000000015
19203.750000000022
19280.000000000022
18669.25000000002
19025.000000000015
18051.250000000015
20609.000000000015
17670.000000000015
20202.000000000025
17448.500000000015
18349.000000000022
17499.000000000015
19517.000000000025
16390.000000000015
20653.000000000022
16482.500000000015
20273.000000000015
16967.500000000015
20052.00000000002
16756.25000000002
20683.000000000022
17238.000000000015
20291.000000000025
16836.50000000002
17309.00000000002
17006.50000000002
18223.00000000002
17408.50000000002
18368.000000000015
16991.500000000015
18079.000000000015
15775.500000000016
18211.00000000001
15922.250000000016
18970.00000000002
15774.750000000016
18471.00000000001
14272.500000000016
18160.00000000002
13089.500000000016
17387.00000000001
12605.000000000013
17737.00000000001
12289.000000000015
18828.000000000015
11402.500000000011
17887.00000000002
12267.500000000011
16152.000000000016
13491.000000000013
15974.000000000018
13694.000000000013
19599.000000000022
14928.250000000016
18982.000000000022
15663.000000000015
17064.00000000002
15359.000000000015
16118.000000000016
15015.500000000016
15348.000000000015
15800.000000000016
14919.000000000015
15088.250000000015
14690.000000000016
13350.750000000015
14205.000000000018
12285.000000000013
14386.000000000013
11528.250000000013
14717.000000000018
11380.250000000011
16934.00000000002
11200.250000000013
17855.000000000022
11542.750000000013
16512.000000000015
11432.500000000013
16913.00000000002
11837.750000000011
18048.000000000015
11689.500000000013
20549.000000000025
11476.000000000011
21113.000000000025
11676.000000000013
15377.000000000018
12105.750000000013
14202.000000000011
11784.500000000015
19402.000000000022
11330.250000000013
15554.000000000018
10939.750000000011
9348.00000000001
11437.250000000013
14967.000000000015
11566.250000000011
18587.000000000022
12211.500000000011
19461.00000000001
12863.750000000015
17280.00000000001
12253.250000000016
15053.000000000016
12634.750000000013
14007.00000000001
12009.750000000013
16751.000000000022
10948.000000000011
17534.00000000002
11838.750000000013
18390.00000000002
13823.250000000015
17910.00000000002
15127.250000000016
18455.00000000001
15854.500000000015
17539.00000000001
15436.500000000013
17852.000000000015
15719.750000000015
18046.00000000002
16309.000000000015
18374.000000000022
17775.50000000002
17869.000000000022
18153.50000000002
18432.000000000015
18451.25000000002
18607.00000000001
17693.00000000002
18271.00000000001
18056.75000000002
16193.000000000016
19500.250000000015
16891.000000000015
19687.00000000002
18072.00000000002
19550.50000000002
18546.00000000001
19866.25000000002
19970.000000000015
19644.000000000022
19997.000000000022
19582.25000000002
17959.000000000015
19517.500000000022
16682.00000000002
19888.250000000022
16539.000000000015
20427.250000000022
17611.00000000002
19826.750000000022
18059.000000000025
19400.250000000022
17825.00000000002
19127.250000000015
17681.00000000002
18958.75000000002
19241.00000000002
19394.50000000002
19916.00000000001
19437.000000000022
18307.000000000015
19614.250000000022
17888.00000000002
20159.750000000022
17255.000000000022
20267.750000000022
18873.000000000015
19948.25000000002
19938.000000000015
19997.250000000022
20424.000000000022
19550.750000000022
20411.000000000015