17471.000000000015
18402.000000000025
17434.25000000002
18273.00000000001
17503.000000000015
18301.00000000002
18097.75000000002
18172.000000000015
18489.250000000022
17487.000000000015
18135.50000000002
17359.00000000001
17587.00000000002
17348.000000000015
17455.50000000002
17245.000000000022
17683.000000000015
17540.00000000001
17555.00000000002
17938.00000000001
17476.750000000022
17241.000000000015
17016.75000000002
17236.00000000001
16699.00000000002
17660.00000000002
16751.500000000015
17761.000000000015
16525.000000000015
17059.000000000015
16347.000000000016
16801.000000000015
16183.750000000015
17187.00000000002
15688.000000000016
17315.00000000002
15539.250000000016
17072.000000000022
15986.500000000013
16779.00000000001
15972.500000000016
16029.00000000002
15677.000000000016
15825.000000000016
15696.000000000016
15755.000000000015
14833.000000000018
15641.000000000018
13312.250000000015
15280.000000000016
11883.250000000013
14724.00000000001
11892.250000000015
13810.00000000001
11646.00000000001
13543.000000000016
10509.50000000001
13910.000000000015
9986.75000000001
14236.00000000001
10262.750000000011
14771.000000000015
9690.75000000001
15570.000000000016
8913.750000000011
14196.000000000016
8143.250000000009
13344.000000000013
8024.500000000007
12766.000000000013
7647.250000000007
12997.000000000011
7294.750000000007
14093.000000000015
6811.000000000007
14946.000000000016
6394.500000000007
16652.00000000002
6418.750000000007
19940.000000000025
6371.500000000007
22197.000000000025
6295.000000000006
21188.000000000025
6739.250000000008
22161.000000000022
6529.500000000007
26858.00000000002
6283.250000000006
27126.00000000003
6030.750000000007
28000.00000000003
6469.750000000008
28107.00000000003
7007.500000000007
28016.00000000002
7227.500000000008
28260.00000000002
7573.750000000006
29076.000000000033
7486.750000000007
29199.000000000036
7816.250000000008
29550.000000000025
7683.750000000007
29668.000000000033
7913.250000000007
29600.000000000036
8487.250000000007
29587.00000000003
9264.250000000007
27791.000000000025
9766.750000000011
25664.00000000003
10482.00000000001
23732.000000000025
11669.750000000011
19929.00000000002
12734.500000000013
17893.000000000022
14100.500000000015
18115.00000000002
14877.500000000016
18708.000000000022
14132.750000000013
19168.00000000002
14889.750000000015
19733.000000000025
15782.750000000016
19945.00000000002
14387.750000000016
19908.000000000015
13296.000000000013
20715.000000000015
12790.750000000016
21067.000000000022
15126.250000000016
21140.000000000022
16244.500000000016
20909.000000000022
15805.500000000016
21004.000000000022
15666.750000000013
21659.000000000022
15241.250000000011
22076.000000000025
14934.500000000016
22108.000000000025
14836.250000000015
22374.000000000022
15430.750000000016
21567.000000000022
15805.250000000016
20397.000000000025
15953.250000000016
20434.000000000022
15958.250000000016
20237.000000000022
15899.750000000015
20320.000000000015
15902.750000000016
20675.000000000025
16245.500000000016
20702.000000000022
16704.25000000002
20190.000000000022
16888.25000000002
20128.00000000002
16997.000000000015
20374.00000000001
17173.00000000002
20447.00000000002
17314.25000000002
20485.00000000002
17596.500000000022
19778.00000000002
17728.75000000002
18298.00000000002
17522.75000000002
16455.00000000002