12942.000000000015
20238.000000000022
14707.000000000015
20011.000000000022
13947.250000000015
19450.000000000015
13208.000000000015
20553.000000000022
13649.500000000013
18505.000000000015
12455.500000000016
16645.00000000002
12961.250000000013
16997.000000000015
12602.500000000013
17042.000000000015
12450.500000000013
16445.00000000001
10517.500000000011
15844.000000000015
11214.75000000001
17563.000000000015
12238.000000000015
17189.00000000002
12598.750000000015
15025.000000000015
11957.000000000013
15713.000000000018
11126.750000000011
16500.00000000002
11271.250000000013
15482.000000000016
10943.750000000013
17046.000000000015
10877.250000000011
16465.000000000015
11458.000000000013
15221.000000000015
11735.000000000011
16441.00000000002
12911.500000000015
16262.000000000015
12864.250000000015
15327.000000000015
12141.500000000015
14552.000000000011
12122.250000000013
15276.000000000018
13169.250000000011
15339.000000000016
12788.250000000011
14312.00000000001
11480.250000000013
15299.000000000015
11295.250000000011
13964.000000000015
11356.250000000011
14903.000000000015
10749.500000000011
15033.000000000016
10595.500000000011
12740.000000000011
10188.500000000011
12930.000000000016
9744.00000000001
13607.000000000011
10609.500000000011
15790.000000000018
10769.750000000011
17394.000000000015
10930.50000000001
17805.000000000015
11286.000000000011
20715.000000000015
10674.250000000013
20127.00000000002
11041.750000000015
18743.00000000002
11443.250000000011
21124.000000000022
11429.250000000011
22519.000000000025
11274.750000000013
22913.000000000025
11423.500000000013
22566.000000000022
11784.000000000013
21638.000000000025
12067.75000000001
21488.000000000022
11737.250000000011
21598.000000000022
11516.750000000011
23715.000000000015
10418.750000000011
22005.000000000022
10524.750000000011
20794.000000000022
11042.500000000013
20682.000000000022
10259.50000000001
20543.000000000022
10410.000000000011
19848.000000000015
11756.50000000001
22367.000000000025
12796.750000000011
22886.00000000002
12649.250000000011
21656.00000000002
12739.750000000013
20564.000000000015
12167.250000000013
19159.000000000022
11928.250000000013
18193.00000000002
10772.75000000001
17595.00000000002
10146.000000000011
18227.00000000001
9165.75000000001
19799.000000000022
9215.50000000001
18452.00000000002
9327.500000000011
17590.000000000022
10124.250000000011
18306.000000000022
10419.750000000011
18882.000000000022
11608.500000000013
18557.00000000002
12151.000000000013
18795.000000000015
12667.500000000011
17981.00000000001
13879.000000000015
18276.000000000022
14098.750000000011
20420.000000000022
15063.250000000015
20868.000000000015
15591.500000000015
22786.000000000025
16360.000000000016
22121.000000000025
14886.250000000016
21203.000000000025
13705.750000000013
22238.000000000022
14024.250000000015
21628.000000000022
12961.000000000016
17378.000000000015
11667.250000000007
18575.00000000001
11445.500000000013
20819.000000000022
11904.500000000013
20615.00000000002
11922.750000000011
19803.000000000022
11605.250000000013
18635.00000000002
11941.000000000013
18424.000000000022
12481.250000000015
17363.000000000015
13163.750000000015
18284.00000000002
13234.750000000015
20008.000000000022
12985.500000000013
18151.00000000001
12952.500000000016
17432.00000000001
12614.250000000013
16657.00000000001
12325.500000000013
16992.000000000022