27466.50000000003
20048.000000000025
27512.500000000033
19962.00000000001
28070.75000000003
20922.000000000022
28353.750000000022
22078.00000000002
28154.500000000033
21473.000000000025
27830.00000000003
21838.00000000003
28278.500000000033
23237.000000000022
27850.00000000003
23257.000000000015
27385.00000000003
23829.00000000002
27193.500000000033
24714.000000000022
27337.000000000025
25279.000000000022
27142.250000000022
25345.00000000003
26650.50000000003
24724.00000000002
26620.750000000025
24850.00000000003
26655.750000000025
24167.000000000015
26633.750000000033
23642.000000000025
26436.750000000025
24247.00000000003
26450.500000000025
23999.00000000001
26093.500000000025
23392.000000000033
25889.750000000025
22405.000000000022
25728.50000000003
22023.000000000022
25518.250000000025
21100.000000000022
25556.25000000003
21829.000000000025
23301.250000000025
22824.000000000025
20301.250000000022
22908.00000000002
18874.250000000022
20586.000000000022
15864.500000000013
18540.000000000022
12924.250000000015
17737.00000000002
11208.000000000013
18801.00000000002
10103.75000000001
19457.00000000002
9005.00000000001
19608.000000000022
8153.50000000001
19636.000000000022
8198.750000000007
17951.00000000002
8537.500000000011
19355.000000000022
8535.000000000011
18828.000000000015
8407.500000000007
20059.000000000022
9294.50000000001
21830.000000000022
9745.500000000011
21414.000000000022
9840.000000000011
22009.000000000022
10954.25000000001
22114.000000000025
11952.250000000015
22033.000000000025
12058.25000000001
21792.000000000025
12557.000000000015
21752.000000000025
12690.000000000013
21139.000000000022
13218.500000000015
20932.000000000025
13748.000000000015
20813.00000000002
14310.750000000013
20600.00000000002
14408.500000000016
19900.00000000002
14518.750000000015
19286.00000000002
14996.000000000015
19343.000000000022
15701.250000000015
19021.000000000022
16066.000000000015
18318.00000000001
16343.250000000015
17961.000000000022
16663.50000000002
17887.00000000002
16778.000000000015
18235.00000000002
17500.50000000002
18045.00000000001
18345.25000000002
18573.00000000002
18695.75000000002
19229.00000000002
19483.250000000022
19558.000000000015
20827.500000000022
19707.000000000022
22024.25000000002
19775.000000000022
23077.50000000003
19900.00000000002
24223.000000000025
19898.00000000002
23716.000000000025
19866.000000000022
21723.500000000025
19763.00000000002
19533.250000000022
19733.000000000025
19563.25000000002
19547.00000000002
20136.25000000002
19117.000000000015
20730.250000000022
19083.000000000022
20920.25000000002
18897.000000000022
20639.500000000022
18302.000000000022
20725.75000000002
17947.000000000022
20453.50000000002
17588.00000000001
19902.500000000022
16849.000000000007
17316.000000000015
16124.000000000018
18061.25000000002
18559.00000000002
19633.250000000022
19983.000000000022
20930.500000000022
21765.000000000022
22696.750000000022
23638.000000000015
24275.500000000022
23346.000000000022
19965.50000000002
23281.00000000002
15206.500000000016
21889.000000000015
17175.75000000002
22141.000000000022
20101.750000000022
21877.000000000025
20346.000000000022
19678.000000000022
19304.50000000002
16839.00000000001
17313.50000000002
15541.000000000015
14608.000000000016
12174.000000000011
11826.500000000011
4668.0000000000055
14581.750000000018
6559.000000000007