17550.500000000015
15901.000000000016
17202.00000000002
15323.000000000016
18693.50000000002
14202.000000000011
19017.25000000002
13546.000000000011
18657.750000000022
14555.000000000015
19126.00000000002
15042.000000000015
19747.500000000022
15907.000000000016
19524.750000000015
17514.000000000022
19366.750000000022
18021.00000000002
18678.75000000002
19381.00000000002
18700.25000000002
19375.000000000015
18031.00000000002
19468.00000000002
18110.00000000002
19096.00000000002
18398.50000000002
19082.000000000022
17619.75000000002
19089.00000000002
17271.750000000015
17665.000000000022
16533.25000000002
17314.00000000001
16218.500000000016
17425.000000000015
16482.000000000015
15583.000000000016
16158.000000000018
13757.000000000015
16471.25000000002
13060.000000000015
17461.500000000022
13547.000000000011
17978.25000000002
11775.000000000013
18734.750000000022
10681.00000000001
19087.75000000002
14341.000000000016
19344.50000000002
14942.000000000016
18263.000000000015
16379.000000000016
16970.75000000002
16692.000000000015
15333.750000000016
19146.000000000015
14685.250000000016
21769.000000000025
13791.500000000013
21173.000000000025
12524.250000000013
22394.000000000022
11039.25000000001
20188.00000000002
9699.50000000001
18755.000000000022
9259.750000000011
20625.000000000015
8643.25000000001
21677.000000000025
9057.00000000001
20730.000000000022
9027.50000000001
20461.000000000025
9456.50000000001
21976.000000000022
9318.00000000001
22402.000000000025
9090.000000000011
21449.000000000022
9223.750000000007
22268.000000000022
10632.500000000011
21917.000000000022
11102.25000000001
22329.000000000022
10889.250000000013
22846.00000000003
10349.500000000013
23490.000000000025
10312.50000000001
21504.000000000025
10247.25000000001
20609.000000000015
10077.25000000001
20866.000000000022
10077.750000000011
21709.000000000025
10127.500000000011
21416.000000000015
10215.750000000011
22123.000000000022
10556.250000000011
22196.000000000025
10639.25000000001
20896.000000000022
10773.00000000001
20160.00000000001
10678.500000000013
20323.000000000022
11067.000000000011
19648.000000000015
11116.250000000013
18395.00000000001
11409.250000000011
16003.000000000015
12113.750000000013
14185.000000000016
12612.250000000013
13064.00000000001
12736.000000000011
13651.000000000015
14530.500000000015
13892.000000000013
17701.50000000002
14049.000000000011
18467.25000000002
14579.000000000016
17624.50000000002
14550.000000000016
15351.500000000016
15205.000000000016
14689.250000000015
15289.000000000018
13787.750000000013
15470.000000000015
12610.750000000015
15400.000000000016
12620.250000000015
13644.000000000013
12813.750000000013
10999.000000000013
12280.000000000015
11341.000000000013
11193.250000000013
11332.000000000011
11159.000000000011
10115.000000000013
12266.250000000011
9936.000000000011
13014.000000000011
10869.000000000011
13563.250000000011
11192.00000000001
14042.000000000011
11276.00000000001
13337.500000000016
11663.00000000001
12455.750000000013
10912.000000000011
12076.750000000013
10645.000000000013
11502.000000000011
9873.00000000001
11719.000000000011
10456.000000000011
11538.750000000013
10560.000000000011
12177.500000000016
10989.000000000013
13044.000000000011
11769.00000000001
13700.750000000013
11474.000000000013
14082.750000000013
11880.000000000007
14427.750000000013
12070.000000000011