15895.500000000016
23653.000000000015
15555.250000000013
23563.000000000015
15111.750000000016
23150.000000000025
16125.500000000016
22743.000000000025
17332.75000000002
22583.00000000003
17801.75000000002
22648.000000000022
18182.000000000022
22929.000000000025
18643.00000000002
23248.000000000025
18907.750000000022
23505.000000000025
19010.500000000022
23388.000000000022
19436.00000000002
22922.000000000025
20266.000000000022
22637.000000000025
20990.500000000022
22390.000000000025
21431.000000000022
22429.000000000022
21768.50000000002
22869.000000000022
22060.500000000022
23571.00000000001
22750.750000000025
24086.00000000002
23437.500000000025
24227.00000000003
23842.750000000025
24102.00000000003
23961.500000000022
24006.000000000025
24129.250000000025
24105.00000000003
24191.750000000025
24430.000000000015
24393.500000000025
25004.00000000003
24818.00000000003
25637.000000000025
25103.000000000025
25986.000000000025
25087.25000000003
26271.000000000015
25039.250000000025
26233.00000000002
24822.000000000022
26022.00000000003
24546.250000000022
25945.00000000003
24193.250000000025
25699.000000000025
23932.500000000022
25807.00000000002
23579.250000000025
25779.00000000003
23081.000000000022
25463.000000000022
22296.500000000022
24996.000000000025
19683.750000000022
24411.00000000003
16876.500000000015
24109.000000000015
14148.250000000015
24168.000000000022
11647.000000000013
24115.000000000025
9720.50000000001
23687.000000000025
8907.00000000001
22073.000000000025
8519.750000000007
21248.000000000025
8259.50000000001
21842.00000000002
8361.25000000001
22033.000000000022
8228.00000000001
21398.000000000022
8250.75000000001
21717.000000000022
8103.750000000007
20341.00000000002
9342.75000000001
19537.000000000022
9139.50000000001
19257.000000000022
10061.250000000011
21196.000000000022
10574.250000000013
20990.000000000015
11058.000000000007
20666.000000000025
11173.000000000013
19869.00000000002
11585.750000000011
19194.00000000002
11927.500000000013
19115.000000000015
12066.750000000013
19025.000000000015
12546.500000000015
18462.000000000015
13109.250000000015
18694.00000000002
13197.500000000013
18797.000000000015
13292.750000000013
19063.00000000001
13541.000000000016
19107.00000000002
13528.000000000015
19013.000000000022
13124.500000000011
18573.00000000002
12625.250000000015
17220.00000000001
12757.750000000013
14892.000000000015
12907.500000000013
12531.00000000001
12687.250000000013
9772.000000000011
12268.500000000013
8418.00000000001
12451.250000000015
7500.000000000007
13172.500000000015
7138.000000000007
13565.500000000013
7370.000000000007
13857.250000000013
7336.000000000007
14592.500000000015
7615.000000000008
15828.000000000018
8208.00000000001
17192.25000000002
12315.000000000015
19531.25000000002
18666.00000000002
21827.000000000025
22592.000000000022
22348.750000000025
24159.00000000002
20981.75000000002
24092.000000000033
19095.50000000002
23614.00000000003
18283.500000000022
22877.000000000022
16442.25000000002
22732.000000000025
15142.250000000016
23545.000000000022
14685.500000000013
24366.000000000015
14215.750000000018
24449.000000000025
13648.250000000013
23919.00000000002
12979.500000000013
23383.000000000022
12460.500000000013
23356.00000000002
12213.250000000013
23230.00000000002
11986.000000000013
22928.000000000022
11842.000000000013
22766.000000000025