32640.000000000033
32640.000000000033
32606.750000000033
32609.000000000033
25760.750000000025
26069.00000000001
8097.250000000009
8966.000000000011
7996.250000000008
8424.000000000007
8011.250000000007
8062.000000000009
7867.500000000008
7845.000000000006
7942.500000000008
7753.000000000008
8279.250000000007
8093.000000000009
8512.50000000001
8513.00000000001
8519.50000000001
8498.00000000001
8450.50000000001
8204.00000000001
8545.25000000001
7699.000000000009
8712.000000000007
7669.000000000009
8741.250000000007
7796.000000000009
8572.50000000001
7921.000000000008
8232.750000000007
8125.000000000008
7710.500000000008
7946.000000000008
7366.500000000007
7892.000000000008
7167.500000000008
7649.0000000000055
7153.500000000008
7503.000000000008
8592.750000000007
7658.000000000007
9624.50000000001
7898.000000000006
10840.25000000001
8186.000000000009
10254.000000000011
8173.000000000007
9211.50000000001
8058.000000000009
9068.25000000001
8044.000000000008
7958.500000000008
8023.000000000008
7705.000000000007
7832.0000000000055
7815.000000000008
7490.000000000007
7384.750000000007
7310.000000000008
7043.500000000008
7517.000000000009
7194.000000000007
8026.000000000009
6983.5000000000055
8381.000000000005
6229.0000000000055
8242.00000000001
5627.2500000000055
7935.000000000009
5442.500000000006
7579.000000000008
5598.500000000006
7739.000000000008
5493.2500000000055
7951.000000000008
5777.000000000005
7893.000000000007
5672.0000000000055
7971.000000000007
5778.2500000000055
8071.000000000007
6509.000000000006
8211.000000000011
6614.000000000006
8537.000000000007
6773.750000000006
8728.000000000007
6714.500000000007
8605.000000000007
6412.0000000000055
8525.00000000001
6537.750000000006
8583.000000000007
6383.750000000006
8644.000000000007
5939.2500000000055
8623.000000000011
5396.000000000006
8533.000000000005
5388.5000000000055
8511.00000000001
5611.7500000000055
8572.00000000001
5867.500000000007
8646.00000000001
6117.5000000000055
8669.00000000001
6321.500000000006
8461.000000000007
6206.750000000007
8243.00000000001
6134.500000000006
8206.000000000005
5650.750000000006
8288.00000000001
6380.7500000000055
8477.000000000007
7509.250000000008
8327.00000000001
7767.750000000006
7993.000000000007
7697.000000000007
7927.000000000009
7578.500000000008
7682.000000000009
7469.500000000007
7648.000000000008
7147.250000000006
7804.000000000009
6931.000000000006
8069.000000000007
6892.250000000006
8208.000000000011
6745.500000000007
8088.000000000008
6443.750000000005
7883.000000000006
6616.250000000007
7512.0000000000055
6700.750000000007
7363.000000000007
6372.750000000007
7254.000000000008
6222.250000000006
7192.0000000000055
6100.250000000007
7332.000000000009
5836.250000000006
7600.000000000008
5337.2500000000055
7658.000000000009
5327.500000000006
7563.000000000006
5884.500000000007
7490.000000000007
5890.750000000006
7462.000000000007
5725.0000000000055
7576.000000000007
5883.250000000006
7701.000000000007
6857.250000000008
8698.000000000007
16921.50000000002
17599.00000000002
24562.750000000022
24858.000000000015
29583.00000000003
29884.000000000015
28808.000000000036
31272.000000000036
30725.000000000033
32032.000000000033
32637.000000000036
32640.000000000033
32640.000000000033
32640.000000000033