14076.750000000013
19808.00000000002
13765.750000000013
19959.000000000022
13554.750000000015
20211.00000000002
13355.500000000015
20371.00000000002
13121.250000000015
21359.000000000022
13149.750000000015
22918.000000000025
13501.750000000013
23883.00000000003
13791.250000000015
24102.00000000001
13947.000000000013
24024.00000000002
14460.750000000015
23733.00000000002
15524.500000000015
23067.000000000025
16362.500000000015
22377.000000000025
16860.50000000002
22296.000000000022
17277.250000000015
22366.00000000002
18026.50000000002
22481.000000000025
18230.250000000022
22675.000000000022
17895.75000000002
22639.000000000022
17528.00000000002
22148.000000000025
17256.75000000002
21478.000000000025
16862.50000000001
23039.00000000003
16650.75000000002
24322.000000000022
17003.750000000015
24923.000000000036
17718.000000000015
25261.000000000025
18310.75000000002
25271.000000000022
18857.750000000022
24035.00000000003
19077.00000000002
22917.000000000022
18670.000000000015
22996.000000000022
18336.75000000002
22807.000000000025
18358.00000000002
21854.000000000022
18713.500000000015
20704.000000000025
19401.00000000002
20528.000000000022
17405.000000000015
20373.00000000002
15290.500000000015
20409.000000000022
14080.500000000016
19014.00000000002
12894.250000000015
17046.000000000015
10540.750000000011
18326.00000000002
9056.50000000001
20296.00000000002
8348.000000000007
20962.00000000002
7207.250000000008
22597.000000000022
6075.250000000007
23511.000000000022
5537.5000000000055
23207.00000000001
5970.2500000000055
22498.000000000025
6460.500000000007
21191.000000000022
7110.000000000007
20562.000000000022
8014.250000000008
20427.000000000015
8161.00000000001
19974.000000000022
8437.000000000011
19950.000000000022
8820.000000000007
19062.00000000002
8381.75000000001
17928.000000000015
8707.50000000001
17223.000000000022
9026.00000000001
16644.00000000001
9271.75000000001
18640.000000000022
9535.50000000001
20520.000000000022
9862.000000000007
21086.000000000025
10644.250000000013
20674.000000000025
11648.500000000011
19376.000000000015
11725.750000000013
20203.00000000002
12208.500000000013
20371.00000000002
12308.250000000013
20019.00000000002
11852.500000000013
20226.000000000022
11762.000000000011
20397.00000000002
11910.500000000013
20400.000000000022
11790.000000000011
21061.000000000022
11116.250000000013
20256.000000000022
11259.50000000001
19464.000000000022
11745.250000000013
19557.000000000015
12771.000000000013
19069.000000000015
13340.000000000013
18760.00000000001
13731.750000000013
18489.00000000002
13225.500000000013
17751.00000000002
12976.750000000011
17224.000000000022
12876.750000000015
16580.00000000001
12944.750000000013
15884.000000000018
13385.250000000015
16519.00000000001
15285.250000000016
18440.00000000001
15759.250000000015
18848.00000000002
15151.250000000016
19160.000000000022
15043.750000000016
19874.000000000022
15243.000000000015
19753.000000000022
14630.250000000015
19415.000000000022
14860.000000000015
19769.000000000022
15757.250000000015
19960.00000000002
16221.750000000016
19997.000000000022
16547.500000000015
20235.00000000002
16716.000000000015
20238.00000000001
15955.750000000018
20597.000000000022
16131.500000000015
20544.000000000022
16981.25000000002
20392.000000000025
17384.500000000015
20502.000000000015
16987.25000000002
20396.000000000015