8643.500000000007
16419.000000000015
8728.50000000001
16207.000000000018
8840.500000000007
15894.000000000016
8951.000000000011
15596.000000000016
9057.00000000001
15333.00000000001
9190.75000000001
15082.000000000016
9328.75000000001
14846.00000000001
9451.750000000011
14594.000000000016
9555.00000000001
14388.000000000018
9671.75000000001
14282.00000000001
9761.500000000011
14220.000000000015
9862.500000000011
14137.000000000015
10002.250000000011
14022.000000000018
10119.750000000013
13865.000000000015
10318.75000000001
13713.000000000011
10519.750000000011
13654.000000000016
10697.000000000011
13620.000000000016
10889.000000000011
13638.000000000011
11105.000000000013
13644.000000000015
11300.500000000013
13577.000000000011
11500.250000000013
13546.000000000011
11696.50000000001
13580.000000000015
11878.750000000011
13642.00000000001
12102.750000000013
13644.000000000015
12373.500000000013
13575.000000000015
12454.250000000011
11980.00000000001
12441.250000000013
11830.00000000001
12323.000000000013
12391.000000000013
11587.750000000011
13318.000000000011
10646.000000000013
13474.00000000001
10163.250000000011
14237.00000000001
9233.75000000001
13195.000000000011
8106.750000000008
13031.000000000015
7335.000000000008
13044.000000000011
6572.250000000007
14513.000000000015
6210.7500000000055
15442.000000000016
6008.750000000007
15334.000000000018
6189.000000000006
14656.000000000016
6344.5000000000055
11729.000000000013
6571.000000000006
10522.000000000011
6668.750000000008
10007.000000000007
7414.500000000006
9179.000000000011
7973.500000000006
8926.000000000007
8249.000000000007
8965.000000000011
8596.75000000001
9244.000000000011
8551.25000000001
9923.000000000011
8873.000000000007
10747.000000000011
9338.00000000001
11653.000000000013
9069.500000000011
12555.000000000011
8378.50000000001
13392.000000000016
8603.750000000007
14128.000000000015
9213.50000000001
14720.000000000016
9344.75000000001
15207.000000000011
9300.250000000011
15594.000000000015
9999.000000000011
15912.000000000018
11057.250000000013
16117.000000000018
10969.750000000011
16183.000000000015
10404.50000000001
16054.000000000016
10505.00000000001
15157.000000000013
11279.250000000011
14235.000000000015
12223.750000000015
13661.000000000016
12674.750000000011
14641.000000000016
12659.750000000015
16095.000000000018
13222.000000000013
16997.000000000015
14767.750000000013
17425.000000000015
15692.000000000016
17233.00000000002
17064.250000000015
17556.00000000001
19035.00000000002
17432.00000000001
20140.500000000022
17676.00000000001
20011.000000000022
18349.00000000001
19552.000000000022
18730.00000000001
18916.25000000002
18591.00000000001
18328.250000000015
18881.00000000001
17847.000000000015
18982.000000000007
17707.25000000002
18518.000000000022
17676.00000000002
18061.000000000022
17813.75000000002
18119.00000000001
17800.50000000002
18419.00000000002
17704.00000000002
18383.000000000015
17557.50000000002
18176.00000000002
17617.25000000002
17853.000000000015
17394.25000000002
18298.00000000002
17330.25000000002
19751.000000000022
17544.750000000015
21763.000000000022
17583.750000000015
20533.000000000015
17474.50000000002
19497.000000000015
17237.00000000002
19832.000000000015
16877.50000000002
19426.00000000002
16619.000000000015
18921.000000000022
16497.50000000002
19144.00000000002