9896.50000000001
11266.000000000013
9245.25000000001
13893.000000000013
8951.50000000001
15400.000000000018
8910.25000000001
15493.000000000016
9140.250000000007
15735.000000000018
9580.50000000001
15518.000000000015
10602.250000000011
14932.000000000016
11537.250000000011
14709.00000000001
11909.250000000013
14268.000000000015
11919.750000000013
13280.000000000007
12002.500000000015
12093.000000000013
12137.500000000015
11923.000000000013
12056.750000000015
12207.000000000011
11796.500000000011
12238.000000000015
11963.500000000011
12269.000000000013
13123.500000000013
12736.000000000005
13201.000000000015
13549.000000000015
13519.750000000013
13672.00000000001
14274.250000000013
12920.000000000015
14534.000000000015
11397.000000000013
14574.500000000011
9969.000000000007
14159.000000000018
8662.00000000001
14583.750000000013
7340.000000000007
13873.750000000016
6798.000000000005
12598.250000000013
7249.000000000008
11590.250000000013
7803.000000000007
10980.500000000011
8207.000000000005
9903.75000000001
7564.000000000009
9541.500000000011
6637.000000000007
9101.00000000001
5439.0000000000055
7828.750000000007
5672.0000000000055
7501.750000000007
7059.000000000008
7428.750000000006
8721.000000000007
8073.000000000006
10929.000000000013
8471.00000000001
10973.000000000013
8545.250000000007
9346.000000000011
9122.000000000007
8427.000000000005
9662.250000000011
8369.000000000007
8969.75000000001
9176.000000000011
8434.750000000007
8768.00000000001
8331.75000000001
8985.000000000011
8647.75000000001
10009.00000000001
8895.50000000001
10275.000000000011
8601.00000000001
10765.000000000011
8309.750000000007
9970.000000000011
8308.750000000007
9762.000000000011
8356.000000000007
14678.00000000001
8774.250000000007
15401.000000000016
9501.500000000011
15617.000000000015
10082.25000000001
16160.000000000018
10360.000000000013
17577.000000000015
10437.500000000011
17677.00000000001
10643.00000000001
13776.000000000015
10515.000000000011
12198.000000000015
10168.750000000011
11204.000000000013
10330.750000000013
11150.000000000015
11052.250000000011
11139.000000000011
11198.750000000013
11120.000000000013
11509.750000000011
10835.000000000013
11391.250000000013
10071.00000000001
11290.500000000013
10866.000000000013
11174.250000000011
12960.000000000007
11529.250000000011
14550.000000000016
12104.500000000011
13074.000000000011
12330.250000000011
10185.000000000011
12610.250000000013
11854.000000000011
12531.750000000013
11720.000000000015
12437.750000000013
11355.000000000013
12828.250000000011
11055.000000000011
13709.000000000013
11303.000000000013
13680.750000000013
11365.000000000011
13913.250000000015
11307.000000000011
15493.250000000013
6347.0000000000055
16986.00000000002
5231.0000000000055
18389.50000000002
4197.000000000005
19938.50000000002
3067.0000000000027
20635.750000000022
4920.000000000004
18817.250000000022
9134.00000000001
17330.750000000015
10677.000000000011
15314.250000000016
12729.000000000015
13769.000000000013
14557.000000000015
13206.250000000015
15991.000000000018
13187.000000000013
16660.00000000002
13425.250000000015
17062.00000000002
13983.000000000013
17070.00000000001
13664.750000000015
15221.000000000016
14061.000000000015
14544.000000000016
15074.500000000015
16331.000000000015
15468.000000000015
16751.000000000022
15118.000000000013
16640.00000000001