13149.000000000015
12294.000000000013
14526.250000000016
12460.000000000013
17883.00000000002
13926.000000000015
15557.250000000016
14411.000000000015
10965.750000000011
14392.000000000016
13497.000000000013
14413.000000000016
15157.750000000016
14538.000000000015
14847.750000000016
15557.000000000016
14570.500000000016
16609.00000000002
14297.250000000015
17450.000000000022
13633.750000000015
17461.00000000002
13037.000000000016
16973.00000000002
12606.500000000015
17757.000000000022
12098.000000000011
20393.00000000002
11399.750000000013
23660.00000000002
11641.250000000013
25280.000000000033
12144.500000000013
26322.000000000025
12394.750000000013
26365.000000000033
12674.250000000011
25990.00000000003
12831.250000000011
26249.00000000003
12541.250000000013
26714.000000000015
12274.25000000001
26506.000000000025
12788.250000000011
25409.000000000036
13618.750000000011
24906.00000000002
13558.750000000015
23357.000000000022
14569.250000000015
23214.000000000022
15743.250000000015
23960.00000000002
15515.250000000016
23869.000000000025
14886.250000000016
23634.00000000003
14747.750000000015
22977.000000000022
14373.750000000013
21659.000000000022
14711.750000000016
21169.000000000025
15051.750000000015
20276.000000000022
14514.000000000013
19177.000000000015
13003.250000000015
17963.00000000002
11737.750000000013
16970.000000000015
11268.750000000013
16344.000000000016
11188.750000000011
15194.000000000015
10311.000000000011
14392.000000000018
9852.500000000011
13030.000000000013
10354.50000000001
12899.000000000007
10774.750000000013
12393.00000000001
10390.50000000001
10978.00000000001
10173.750000000011
9816.000000000011
10042.000000000011
9752.00000000001
10064.00000000001
9014.000000000005
10951.750000000011
8724.00000000001
10743.75000000001
8431.000000000007
11672.250000000011
9122.000000000011
13295.250000000015
9802.000000000007
13840.000000000013
9485.00000000001
14034.750000000015
8816.000000000011
14424.500000000015
9321.000000000011
14855.000000000016
10121.000000000011
15726.750000000018
9768.000000000013
16598.75000000002
9730.000000000005
17572.750000000015
8971.000000000007
18102.25000000002
9025.000000000007
17653.50000000002
9030.000000000005
18338.50000000002
9102.000000000011
19821.500000000015
9224.00000000001
19853.500000000022
8555.00000000001
18564.250000000022
8463.000000000011
17188.500000000015
8446.000000000004
16973.750000000015
7984.000000000008
16432.25000000002
7086.000000000008
16075.750000000015
8607.000000000013
15748.500000000015
11227.000000000013
15028.750000000013
10527.00000000001
14415.500000000016
9763.000000000011
14542.250000000015
9788.000000000011
15182.000000000015
10120.000000000011
14772.750000000011
10488.000000000013
13847.250000000013
10907.000000000013
13476.250000000015
11061.000000000013
12889.000000000015
10722.000000000011
11781.250000000011
10650.000000000013
10780.750000000011
10655.000000000007
10521.00000000001
9991.00000000001
10562.000000000011
10094.00000000001
10424.500000000011
11072.000000000011
10167.500000000007
11315.000000000011
9512.750000000011
10807.000000000011
8949.00000000001
11912.000000000013
8463.00000000001
11828.00000000001
8269.25000000001
10901.00000000001
7787.750000000006
11213.000000000013
7671.750000000008
10996.000000000013
7951.500000000006
9716.000000000011
8431.500000000007
8472.00000000001