16602.000000000015
19325.000000000022
16213.500000000013
19236.000000000022
15949.250000000016
19119.000000000022
15983.500000000016
18885.000000000022
16122.25000000002
18518.00000000002
16327.750000000016
17921.000000000022
16696.000000000015
17243.000000000015
17104.250000000015
16656.00000000002
17448.50000000002
16357.000000000018
17712.250000000015
16225.000000000016
17887.00000000002
16208.000000000016
17914.00000000002
16466.000000000007
17890.00000000002
16717.00000000001
17895.25000000002
16902.00000000001
17952.00000000002
17011.000000000022
18057.00000000002
16958.00000000002
18127.250000000015
17099.00000000001
18210.75000000002
17527.00000000001
18206.50000000002
18042.00000000001
18081.500000000022
18423.00000000001
17987.50000000002
18646.000000000025
17865.25000000002
18645.000000000015
17821.750000000015
18539.00000000002
17921.75000000002
18205.00000000002
18126.000000000022
17796.00000000002
18357.000000000022
17337.000000000022
18592.00000000002
16964.000000000022
18675.250000000015
16805.00000000002
18563.25000000002
16884.00000000001
18339.75000000002
17183.000000000015
18080.00000000002
17517.000000000015
17856.75000000002
17767.00000000002
17800.000000000022
17844.00000000001
17912.50000000002
17660.00000000002
18160.00000000002
17244.000000000015
18300.50000000002
16724.000000000015
18162.75000000002
16290.000000000016
17959.25000000002
16060.000000000016
17194.00000000002
16048.000000000018
15224.500000000016
16227.00000000002
13144.750000000015
16391.000000000015
11167.000000000011
16076.000000000015
9631.75000000001
16050.000000000018
9137.50000000001
16649.000000000015
8893.75000000001
17403.000000000022
8998.500000000007
17788.000000000022
9252.00000000001
17511.000000000025
9586.00000000001
17056.000000000022
10272.500000000007
17032.00000000002
11103.500000000011
16839.00000000001
11193.50000000001
16725.000000000015
11171.500000000011
16222.000000000013
11284.250000000013
15960.000000000016
11138.000000000011
17211.000000000015
11101.000000000011
18900.000000000022
11504.500000000013
19485.00000000002
11916.500000000013
20496.00000000001
12526.500000000013
20653.000000000022
13043.750000000013
20160.00000000001
13744.750000000013
20572.00000000001
13959.000000000015
20413.000000000022
15029.500000000015
20666.000000000022
17561.75000000002
20923.000000000025
19804.75000000002
20758.000000000022
20163.750000000022
20004.000000000022
20082.25000000002
18781.000000000015
20422.750000000015
17610.000000000025
20847.50000000002
16627.00000000001
20429.500000000022
16883.00000000002
19995.000000000022
15919.000000000016
18929.25000000002
14524.000000000015
18003.250000000015
14469.000000000016
17189.00000000002
14339.000000000011
16607.250000000015
14442.000000000016
16331.750000000015
14810.000000000016
16330.250000000016
14573.000000000015
16584.50000000002
14104.000000000007
16777.500000000015
14391.000000000015
16509.000000000015
14387.000000000015
16175.000000000018
13349.000000000011
15934.500000000015
11640.000000000015
15718.000000000016
10060.000000000011
15349.750000000013
10444.000000000011
14666.750000000016
13231.00000000001
14519.500000000015
15551.000000000016
14870.000000000016
15438.000000000018
15102.500000000013
14423.000000000016
15288.250000000016
13855.00000000001
15656.750000000016
13457.000000000016
15699.750000000016
13559.000000000015