18209.750000000022
17530.000000000015
18199.75000000002
17310.00000000001
18229.50000000002
17005.00000000001
18155.00000000002
17091.000000000015
18129.25000000002
17168.000000000007
17972.75000000002
16651.00000000002
17767.750000000015
16195.00000000002
17460.500000000015
16004.000000000015
17148.500000000015
16256.000000000016
16978.50000000002
16427.00000000001
17069.000000000015
16539.000000000015
17067.25000000002
16382.000000000015
16916.25000000002
15697.000000000018
16343.50000000002
15724.000000000016
16095.500000000016
15884.000000000013
15903.500000000015
16116.000000000013
15951.000000000016
16042.000000000016
16339.750000000016
16335.000000000016
16463.250000000015
16960.00000000001
15735.750000000015
16997.000000000015
15742.000000000015
17089.000000000015
15710.500000000013
16926.000000000007
15349.750000000016
16931.00000000001
14684.500000000015
17084.00000000001
14400.750000000013
17288.000000000015
14348.750000000015
17813.00000000001
14365.250000000013
18193.00000000002
14141.750000000013
18377.00000000002
13642.000000000015
18357.000000000007
13724.500000000013
18267.000000000025
14100.750000000011
18099.000000000022
14120.750000000015
18059.00000000001
14013.250000000015
18175.000000000022
13877.000000000016
18094.000000000015
13591.750000000015
18137.000000000022
13444.250000000015
18337.000000000022
13094.500000000015
18643.000000000015
13042.500000000015
18453.00000000001
12561.250000000013
18209.00000000001
11961.500000000011
18116.00000000002
11414.500000000011
17161.000000000022
10486.750000000011
16816.000000000015
8974.75000000001
17595.00000000002
7812.750000000008
17378.000000000015
7161.750000000006
17736.00000000002
7718.250000000008
16915.00000000002
7778.000000000008
15829.000000000016
7843.2500000000055
15064.000000000018
7433.500000000008
15274.000000000015
7467.500000000007
15631.000000000015
7794.750000000008
16002.000000000018
7753.500000000006
16351.000000000016
7411.250000000007
16786.000000000015
7120.250000000006
17422.000000000022
7219.000000000008
17412.000000000022
7325.000000000007
17721.00000000002
7247.500000000007
17702.000000000022
7271.000000000007
17651.000000000022
7370.250000000007
17828.00000000001
7561.000000000006
17962.000000000022
7776.000000000006
18202.000000000015
8013.250000000009
18357.00000000002
8065.500000000009
18096.000000000015
8016.000000000007
17826.00000000002
8095.500000000008
16425.00000000002
8493.00000000001
15779.000000000016
8856.50000000001
14992.000000000016
9002.75000000001
14814.000000000018
9468.00000000001
15942.000000000013
9846.500000000011
18413.00000000002
10593.75000000001
20330.000000000022
11351.250000000011
20454.000000000022
12038.750000000013
20477.000000000022
13286.250000000013
20678.000000000022
14392.500000000013
20894.000000000022
14823.000000000015
21138.000000000022
15335.500000000015
21379.000000000022
15500.750000000016
21421.000000000022
16109.750000000018
21390.000000000022
16976.500000000015
21470.000000000022
17419.00000000002
21272.000000000022
17711.50000000002
21391.000000000022
17819.250000000015
21480.000000000025
17895.75000000002
21490.000000000022
17966.25000000002
21538.000000000015
17784.25000000002
21436.000000000022
18007.00000000002
21262.000000000022
18540.00000000002
21322.000000000022
18452.500000000022
21375.000000000025
18700.25000000002
21363.000000000022