12996.750000000015
5891.000000000005
12259.750000000013
9775.00000000001
11838.250000000011
14518.000000000015
13156.000000000013
16318.000000000016
12479.750000000013
15268.000000000011
11492.500000000011
15340.000000000016
12823.25000000001
14884.000000000016
12311.500000000011
15383.000000000018
8701.000000000011
15690.000000000013
11323.500000000013
13587.000000000013
13111.250000000015
13317.000000000011
14406.000000000011
12253.000000000013
15564.250000000018
11132.000000000011
15276.250000000015
11035.000000000011
15678.750000000018
12161.000000000011
15632.750000000018
13377.000000000015
15562.500000000016
14559.000000000018
15940.750000000016
13539.000000000016
17018.500000000015
14479.000000000018
16836.00000000002
15636.000000000018
16208.500000000018
15404.00000000002
15706.500000000015
14638.000000000016
15298.500000000016
16921.000000000015
16086.000000000016
19776.000000000022
15817.500000000013
18451.00000000002
14579.000000000015
17367.000000000022
15175.000000000015
15758.000000000015
15277.000000000016
15335.000000000015
14355.500000000013
15321.000000000016
14994.500000000016
15178.000000000016
16105.000000000016
13547.000000000011
15858.250000000016
13505.00000000001
15728.750000000018
13493.000000000013
15273.000000000015
13925.000000000016
14690.500000000013
14283.000000000015
13752.250000000013
14606.000000000016
12579.500000000011
15285.000000000013
12689.750000000015
14984.000000000015
11291.000000000011
13924.000000000016
9209.00000000001
14599.000000000015
9262.75000000001
13819.000000000015
10806.000000000011
14733.000000000016
11133.500000000011
13577.000000000011
11007.000000000013
11616.00000000001
11221.750000000013
11470.000000000013
11133.000000000011
11406.000000000011
10243.250000000011
11669.000000000013
9399.750000000011
11994.000000000015
9114.000000000007
11287.000000000011
9004.25000000001
9692.000000000005
8404.00000000001
9608.000000000011
8736.750000000005
10012.000000000005
8924.25000000001
10356.000000000011
9122.50000000001
12887.000000000013
8684.50000000001
14904.000000000015
8799.000000000007
15115.000000000015
9508.00000000001
11561.000000000011
9413.000000000007
7659.000000000005
9338.250000000011
12554.000000000005
10104.75000000001
13645.000000000013
10669.500000000011
10546.000000000011
11320.750000000011
10054.000000000013
11519.750000000013
11995.000000000015
11638.250000000013
13487.000000000016
11464.500000000011
15245.000000000016
12206.500000000013
13595.000000000015
11278.000000000011
14130.00000000001
9391.000000000007
14241.000000000016
10413.75000000001
13882.000000000011
9591.750000000011
12893.000000000015
8540.00000000001
12148.00000000001
5991.500000000005
10193.00000000001
4684.0000000000055
8737.000000000011
3019.500000000003
9555.000000000013
4556.250000000004
9884.000000000011
6460.750000000006
11606.000000000013
8077.000000000009
12167.000000000015
8304.50000000001
10957.000000000013
8988.00000000001
10033.00000000001
11308.250000000011
9096.00000000001
13857.500000000015
8500.000000000007
14118.750000000015
7682.000000000007
14048.000000000016
8484.000000000007
14732.500000000015
9406.000000000007
13898.250000000015
9189.000000000011
13565.000000000015
8874.000000000011
13926.250000000013
9293.00000000001
13626.000000000013
10012.000000000011
13898.250000000015
11600.00000000001
13168.250000000015
13593.000000000015