2797.000000000003
2200.0000000000023
2741.750000000003
2095.0000000000023
2629.500000000003
2086.0000000000027
2469.250000000002
2060.000000000002
2361.000000000002
2075.000000000002
2213.2500000000023
2249.0000000000023
2164.750000000002
2385.0000000000027
2187.5000000000023
2495.0000000000023
2273.7500000000027
2646.0000000000027
2235.5000000000027
2767.0000000000027
2243.7500000000023
2859.000000000003
2294.0000000000023
2898.000000000003
2337.2500000000023
2977.000000000003
2481.0000000000023
2982.000000000003
2491.0000000000027
2965.0000000000023
2495.0000000000023
3011.0000000000023
2601.2500000000023
3027.000000000002
2762.000000000003
3104.0000000000036
2735.2500000000027
3234.0000000000027
2701.5000000000027
3284.0000000000027
2676.0000000000023
3381.000000000004
2705.5000000000023
3513.0000000000036
2751.250000000003
3558.0000000000027
4186.750000000005
3659.000000000004
6559.250000000006
3660.0000000000045
7763.750000000008
4242.000000000004
8440.75000000001
5004.000000000005
9164.25000000001
5719.000000000007
8111.750000000007
6375.000000000006
7604.750000000006
6357.000000000007
7378.250000000007
5913.0000000000055
7151.500000000008
5446.000000000006
7424.250000000008
5072.0000000000055
7915.500000000008
5281.0000000000055
8567.00000000001
5346.0000000000055
9174.750000000007
5106.0000000000055
9651.00000000001
5269.0000000000055
9882.50000000001
4823.000000000006
10077.50000000001
4304.000000000005
9588.25000000001
4366.000000000003
9139.000000000007
4399.0000000000055
9654.25000000001
4363.0000000000055
10152.25000000001
4440.000000000004
10200.500000000011
4473.000000000003
10659.25000000001
4512.000000000004
11797.250000000011
4660.0000000000055
13139.000000000013
4835.0000000000055
14634.750000000016
4991.0000000000055
16243.00000000002
5232.0000000000055
16791.00000000002
5464.0000000000055
17454.000000000022
5705.0000000000055
17512.00000000002
6082.000000000005
16878.000000000015
6453.0000000000055
15830.250000000016
6799.000000000006
15720.500000000018
7198.000000000007
15437.250000000015
7571.000000000008
14624.500000000015
7820.000000000008
13999.500000000015
8119.000000000008
13446.500000000011
8476.000000000007
13028.500000000013
8915.000000000005
13550.250000000015
9344.000000000007
13698.750000000015
9724.000000000011
13711.500000000015
9955.000000000011
14814.250000000015
10350.000000000007
17012.250000000022
10796.000000000015
17209.250000000022
11185.000000000013
15870.000000000016
11560.000000000011
14951.250000000016
11940.000000000016
13817.250000000016
12352.000000000007
13872.250000000015
12768.000000000011
14397.500000000015
13183.000000000015
14919.750000000015
13624.000000000016
15425.000000000015
14052.000000000018
15886.750000000016
14374.00000000001
16229.500000000016
14782.000000000015
16593.75000000002
15152.000000000015
16958.50000000002
15428.000000000013
17652.75000000002
15803.000000000018
18621.00000000002
16189.000000000018
18635.500000000022
16448.000000000015
18741.00000000002
16766.00000000002
18837.50000000002
17166.000000000015
19095.75000000002
17502.000000000015
19948.25000000002
17854.00000000002
20245.25000000002
18239.00000000002
19893.25000000002
18533.00000000002
19795.50000000002
18776.00000000001
19689.750000000022
19045.00000000002
19455.500000000022
19323.000000000022
19430.25000000002
19676.000000000022