10736.75000000001
9012.00000000001
10576.500000000011
8168.000000000009
9560.50000000001
7926.000000000007
9204.75000000001
8134.000000000008
9964.250000000011
8054.000000000007
10026.75000000001
8482.000000000011
9922.500000000011
8947.000000000011
10351.500000000011
8539.000000000011
10732.750000000011
8244.000000000005
10986.00000000001
8417.000000000011
11120.00000000001
9591.00000000001
11156.500000000011
9530.00000000001
11353.500000000011
9620.000000000011
11184.000000000011
10775.000000000011
10581.000000000011
10319.000000000011
10923.000000000011
9789.000000000011
11282.500000000011
9289.000000000011
11107.000000000011
8763.000000000005
10934.500000000011
8922.00000000001
11794.75000000001
9003.00000000001
11993.500000000011
9284.000000000007
11625.750000000013
10127.000000000011
12210.500000000015
10774.000000000011
12845.750000000013
11035.000000000013
13042.750000000013
11573.000000000011
12138.250000000013
11577.000000000013
10415.50000000001
10659.000000000011
10013.25000000001
10699.000000000011
10327.000000000011
9972.00000000001
11264.750000000011
9057.000000000011
11689.000000000015
8685.00000000001
11519.750000000011
11849.000000000007
11477.750000000011
15981.000000000016
12106.250000000013
16877.000000000015
11854.000000000011
18108.000000000022
11506.750000000013
18060.00000000001
10368.750000000013
16766.000000000022
9859.75000000001
15459.000000000016
10051.75000000001
15872.000000000016
9884.50000000001
15748.000000000016
9565.50000000001
14888.000000000016
9543.50000000001
17066.00000000001
9301.500000000011
17664.00000000001
8514.50000000001
16684.00000000002
8358.25000000001
15131.000000000011
8614.75000000001
17100.00000000001
9172.25000000001
18855.000000000022
9750.250000000011
19058.000000000022
10063.250000000011
18540.000000000022
10737.750000000011
17792.000000000015
11181.50000000001
16376.000000000016
11542.750000000011
15832.000000000016
12045.750000000011
16425.00000000002
11776.750000000011
16664.000000000015
11109.000000000015
15709.000000000016
11075.000000000013
14267.00000000001
11678.000000000013
8963.000000000007
12479.250000000011
9070.000000000007
13144.000000000013
12560.00000000001
13795.750000000013
15132.000000000015
14313.250000000015
16318.000000000015
14759.250000000013
17470.000000000015
14048.500000000013
20449.000000000022
14449.500000000016
20313.000000000025
15198.250000000018
16415.00000000001
15709.000000000016
16290.000000000015
16789.250000000015
17166.000000000015
18243.50000000002
17836.000000000015
18130.500000000015
18070.00000000002
17519.50000000002
17155.00000000002
17673.75000000002
17215.000000000022
17187.750000000015
16895.00000000002
17175.500000000015
18167.000000000022
17040.25000000002
18785.000000000025
16352.500000000013
19339.000000000022
16230.250000000016
19996.000000000022
16688.50000000002
19116.000000000015
16837.500000000015
19051.000000000022
16742.750000000015
18253.00000000002
16424.00000000002
17846.00000000001
16475.00000000002
18844.000000000022
17370.75000000002
19473.00000000002
17867.25000000002
17596.000000000022
17592.750000000015
17719.00000000002
17556.750000000015
16275.000000000016
17215.750000000015
14927.000000000016
16745.500000000015
14916.000000000016
16695.000000000015
15856.000000000016
16820.250000000015
17839.00000000002
16886.50000000002
17568.00000000002