21452.00000000002
16368.000000000013
21452.500000000025
16188.000000000018
21310.250000000022
15557.000000000016
21189.750000000025
15780.000000000018
21275.250000000022
16206.000000000016
21370.750000000022
16696.000000000015
21126.75000000002
16493.00000000002
20656.75000000002
16353.000000000018
20761.250000000022
16291.000000000015
20880.000000000022
16815.000000000015
20930.500000000022
16726.000000000015
20838.250000000022
17205.00000000001
20960.000000000022
17106.000000000015
20920.750000000022
16807.00000000001
20789.750000000022
17277.00000000002
20639.250000000022
17393.000000000015
20750.25000000002
17517.000000000015
20706.750000000022
17300.000000000022
20831.25000000002
18071.00000000002
20588.000000000022
18405.00000000002
20841.750000000022
18958.00000000001
21072.500000000022
18755.00000000002
20723.750000000022
19071.000000000015
20941.000000000022
18924.00000000002
21259.75000000002
18934.000000000015
21320.500000000022
19088.000000000022
20814.250000000025
18667.000000000022
19908.250000000022
15650.000000000016
18513.00000000002
16030.000000000016
17115.00000000002
16444.000000000022
15626.750000000016
17061.000000000015
13014.500000000013
18174.00000000002
10608.75000000001
16548.00000000001
8829.000000000011
15799.000000000016
7104.500000000006
15176.000000000015
6256.250000000008
13962.00000000001
5875.500000000006
13155.00000000001
5998.2500000000055
14089.000000000016
6031.2500000000055
15707.000000000016
5910.750000000005
16727.000000000022
6125.250000000006
17262.00000000002
5912.0000000000055
18919.000000000015
6037.500000000006
19561.000000000022
6039.000000000006
18195.000000000022
6096.500000000005
16552.00000000001
6390.250000000006
15739.000000000016
6452.000000000007
16722.000000000015
7749.000000000007
18059.00000000001
7881.750000000007
18255.00000000002
7647.500000000007
18251.000000000022
8029.00000000001
18500.00000000001
8907.250000000007
19328.000000000015
9487.750000000011
19441.00000000002
9703.500000000011
19278.000000000022
9653.000000000011
19151.00000000002
9176.000000000007
18897.000000000022
9824.25000000001
18891.000000000022
10714.75000000001
17911.000000000015
11562.000000000011
17155.00000000002
11372.250000000013
16959.00000000002
11856.750000000013
18055.00000000002
12643.250000000013
18340.000000000015
13400.750000000013
18322.000000000015
13635.500000000015
18912.00000000001
14465.250000000015
19030.00000000002
14544.500000000015
19585.000000000022
14624.000000000013
20118.000000000022
15336.000000000016
20627.000000000022
15824.000000000013
20476.000000000022
16087.500000000018
19975.00000000002
17428.25000000002
19693.000000000022
17869.75000000002
19720.00000000001
18800.500000000015
20364.000000000022
20431.00000000002
20023.000000000022
22056.250000000022
20315.000000000022
23961.250000000022
19993.00000000001
23695.75000000002
19768.000000000022
22801.500000000025
19461.00000000001
21848.250000000022
19390.000000000015
20264.250000000022
19090.00000000002
20235.000000000022
19159.000000000022
19947.500000000022
19125.000000000022
19836.250000000025
18844.000000000025
19827.000000000022
18876.000000000022
19627.500000000022
19024.000000000015
19411.00000000002
19410.00000000002
19364.250000000022
19723.000000000022
19117.25000000002
19683.000000000022
18706.500000000022
19221.00000000002
18527.50000000002
18886.000000000015