21102.00000000002
23313.000000000025
19956.75000000002
21985.000000000025
19451.75000000002
18369.000000000015
20644.00000000002
20753.00000000002
20850.50000000002
22272.000000000025
21288.750000000022
22320.000000000025
22179.750000000025
25176.00000000003
22593.750000000022
27504.000000000025
22676.000000000022
26438.000000000033
21840.250000000022
22749.000000000025
21285.750000000022
20036.00000000002
21278.750000000025
18915.000000000022
20779.75000000002
17647.00000000001
20687.50000000002
17721.00000000002
21287.000000000022
15057.000000000018
20977.500000000022
13467.000000000015
20476.500000000022
13053.000000000007
19041.75000000002
12090.000000000015
18486.750000000022
11038.000000000013
18568.000000000015
11514.000000000013
19499.250000000022
11121.000000000013
19756.00000000002
13288.000000000011
17959.00000000002
16936.000000000015
17432.75000000002
18199.000000000022
18274.25000000002
18489.000000000022
18151.500000000022
20229.000000000015
19055.000000000022
22314.000000000022
19078.25000000002
24518.000000000015
18778.25000000002
25285.00000000003
18964.250000000022
25539.000000000015
20325.750000000022
26227.00000000003
22177.250000000022
29217.000000000036
23656.750000000025
29906.000000000036
23545.000000000022
29280.000000000033
22836.750000000022
29086.00000000003
22257.500000000022
29050.00000000003
19626.500000000022
28560.00000000003
16458.750000000015
24262.000000000022
13488.500000000013
21720.000000000022
10578.000000000013
22993.000000000025
9320.000000000011
24459.000000000022
8252.50000000001
25051.00000000003
7802.250000000008
24658.000000000022
7552.000000000006
24527.00000000002
8141.500000000008
24075.00000000003
8544.250000000007
23422.000000000033
8806.00000000001
22732.000000000025
8626.00000000001
22208.000000000022
7781.750000000008
22011.000000000025
8225.250000000007
21004.000000000022
8278.000000000007
20457.000000000015
8686.00000000001
18066.000000000015
9155.000000000007
17545.000000000015
8525.25000000001
22151.000000000022
9098.50000000001
23328.00000000003
9949.250000000011
26549.000000000025
9782.75000000001
28492.000000000033
8556.000000000007
28532.00000000003
9373.75000000001
28311.000000000033
10633.500000000013
28215.00000000002
10626.500000000011
24743.00000000003
10626.250000000011
21940.000000000025
11139.250000000011
20489.000000000022
10574.000000000011
23965.00000000003
9696.750000000011
26272.000000000022
9898.75000000001
19389.000000000015
11195.500000000013
20503.000000000025
12234.500000000013
20380.000000000015
11282.000000000011
17502.000000000015
11016.750000000013
16671.00000000001
12310.000000000011
18068.00000000002
13462.000000000015
21806.000000000022
13401.750000000011
23243.000000000025
13405.500000000013
22155.00000000003
13844.250000000015
21655.000000000025
14633.250000000016
22497.000000000025
15562.500000000016
21328.000000000025
16184.000000000018
20296.00000000002
15598.500000000015
20420.000000000025
16262.750000000016
22392.000000000025
18318.00000000002
22138.000000000022
19051.50000000002
21628.000000000022
17336.25000000002
19186.000000000022
15772.250000000016
17230.00000000002
14671.750000000016
16592.00000000002
14183.750000000015
15460.000000000016
14003.750000000018
14418.000000000015
14087.250000000013
13668.000000000011
14899.000000000016
9466.000000000007
15997.250000000013
7870.0000000000055