19772.500000000022
16638.00000000002
20585.500000000022
18105.00000000001
21133.500000000025
19758.000000000022
21314.750000000022
21291.000000000022
21140.750000000022
22547.000000000022
20695.750000000022
23610.000000000025
20019.250000000022
24264.000000000025
19089.00000000002
23715.000000000025
18468.50000000002
22228.000000000025
18277.00000000002
20261.000000000022
18157.000000000015
17756.000000000022
17974.75000000002
14915.000000000018
17813.75000000002
11935.00000000001
18190.250000000015
9510.000000000011
18981.50000000002
7943.000000000009
19590.75000000002
6963.000000000007
19768.000000000022
6577.000000000005
19200.00000000002
6713.000000000007
18318.000000000015
6719.000000000008
17512.50000000002
6785.000000000008
17954.50000000002
7268.0000000000055
19258.50000000002
7667.000000000007
19975.500000000022
7662.000000000006
20720.250000000025
9511.000000000011
20131.25000000002
18029.00000000001
19310.25000000002
28210.000000000025
18433.75000000002
31011.000000000033
18037.00000000002
30298.00000000003
17105.000000000015
29988.000000000022
16661.250000000015
30064.000000000033
16436.750000000015
29799.000000000036
16364.750000000015
29628.000000000036
17307.00000000002
28976.00000000003
18095.000000000015
29959.000000000033
17518.75000000002
21146.000000000022
15728.500000000016
14186.000000000011
13562.500000000013
17368.00000000002
12326.750000000013
16329.000000000018
12871.500000000015
17065.00000000002
13596.000000000013
17281.00000000001
13891.500000000015
17791.000000000015
13378.750000000013
16057.000000000016
12810.500000000015
14335.000000000016
12345.000000000015
14960.000000000016
11974.250000000013
18244.00000000002
11590.750000000011
20296.00000000002
11111.00000000001
22881.000000000022
10777.750000000011
22591.00000000002
10500.75000000001
24590.00000000003
10840.00000000001
24077.000000000033
10600.500000000011
25717.00000000002
10534.250000000011
27033.000000000015
10702.750000000011
24697.00000000003
10663.500000000013
22938.000000000022
10937.250000000013
21190.000000000022
10421.500000000013
19760.000000000022
8955.75000000001
16736.00000000002
8663.25000000001
13825.00000000001
9148.50000000001
11219.000000000011
10005.25000000001
10969.000000000013
9995.750000000013
9626.000000000007
10187.250000000011
10797.000000000011
9444.50000000001
11595.000000000011
9280.25000000001
11639.000000000013
9652.750000000007
12284.000000000015
8872.00000000001
11469.000000000011
9192.750000000011
10557.000000000013
9979.500000000011
10186.00000000001
9116.25000000001
12822.000000000015
9523.25000000001
12824.000000000016
10079.50000000001
11651.000000000007
10312.25000000001
12602.000000000011
12196.250000000013
13604.000000000015
13060.250000000015
13358.000000000013
14272.500000000015
11890.00000000001
15067.750000000015
9310.00000000001
14157.500000000013
7505.000000000008
13957.000000000015
5765.0000000000055
14646.500000000013
3617.000000000003
14856.250000000016
2165.000000000002
15141.000000000016
1216.0000000000016
14836.250000000015
788.0000000000009
14085.750000000016
851.000000000001
12913.500000000015
1250.000000000001
12096.750000000011
1383.0000000000016
11370.250000000015
1382.0000000000014
11198.750000000013
1319.0000000000014
11276.000000000011
1396.0000000000011
11003.500000000007
1531.0000000000016
10773.250000000011
1462.000000000001