13553.750000000016
9064.000000000011
13630.000000000013
9261.000000000007
13910.500000000015
9675.00000000001
14192.750000000011
10210.000000000011
14351.500000000013
10560.000000000013
14405.750000000016
10820.000000000011
14346.500000000015
11092.000000000013
14430.750000000013
11274.000000000013
14631.250000000011
11425.000000000011
14912.500000000015
11500.000000000011
15086.000000000013
11408.000000000011
15019.000000000013
11202.000000000011
14994.250000000015
10859.000000000011
15081.000000000015
10516.000000000011
15286.000000000015
10228.000000000007
15292.250000000015
9937.000000000011
15116.750000000018
9757.000000000011
15138.250000000018
9641.000000000011
14998.250000000015
9560.000000000011
14645.750000000013
9337.000000000007
14508.250000000015
9201.00000000001
14558.000000000015
9290.000000000011
14591.500000000013
9454.00000000001
14518.000000000015
9598.00000000001
14418.500000000015
9691.00000000001
14338.500000000016
9769.000000000011
14246.500000000015
9897.000000000011
14154.000000000015
10204.000000000011
13719.000000000015
10690.000000000011
12657.250000000013
11171.000000000011
12285.500000000013
11663.00000000001
12503.000000000011
12076.000000000015
12187.000000000013
12280.000000000016
11532.250000000011
12333.00000000001
11358.500000000011
12257.00000000001
11263.500000000011
12038.000000000011
11017.500000000013
11673.000000000011
11252.250000000013
11162.000000000011
11033.500000000013
10584.000000000011
10456.750000000011
10095.00000000001
9872.000000000011
9545.000000000011
9898.000000000011
8864.000000000007
9809.000000000011
8149.000000000008
9519.000000000011
7732.00000000001
9487.000000000011
7188.000000000008
9432.25000000001
7240.000000000005
9294.250000000011
8057.000000000008
9183.750000000011
9901.000000000007
9099.00000000001
10306.000000000011
8725.00000000001
10868.000000000007
8156.750000000007
12273.000000000013
8378.250000000007
11704.000000000011
8610.00000000001
11159.000000000011
8440.50000000001
11610.000000000011
9355.25000000001
12669.000000000013
9081.75000000001
12910.00000000001
8527.00000000001
12416.000000000015
8681.500000000007
12813.000000000015
9193.50000000001
13119.000000000005
9658.000000000011
13440.000000000011
9728.00000000001
13784.000000000016
9518.000000000007
14085.000000000015
9748.50000000001
14391.000000000015
9462.75000000001
14609.000000000016
9432.75000000001
14858.000000000015
9893.500000000011
14897.000000000018
9894.500000000011
14869.000000000016
9080.00000000001
14811.000000000011
8583.50000000001
14770.00000000001
8990.250000000007
14579.000000000015
9746.500000000011
14301.000000000016
10163.250000000011
13854.000000000015
10794.000000000013
13165.000000000011
12121.000000000013
12237.000000000011
14297.750000000016
11346.000000000011
14997.000000000015
10651.000000000013
14041.000000000016
10100.000000000013
13161.750000000015
9574.000000000011
12620.750000000013
9153.00000000001
12257.500000000015
8755.000000000011
12427.250000000013
8344.000000000005
13140.750000000013
7974.000000000009
13541.500000000015
7642.000000000008
13564.000000000013
7416.000000000007
13950.000000000013
7172.000000000007
14314.250000000015
7072.000000000009
14537.500000000018
6935.000000000005
14392.000000000016
6861.000000000008
14121.000000000016
6838.000000000008
14150.250000000015
6977.000000000006