18593.50000000002
24186.000000000015
18285.50000000002
25714.000000000025
17844.25000000002
26480.00000000003
18270.00000000002
26539.00000000002
18635.250000000022
26449.00000000003
18825.50000000002
24822.000000000025
18509.500000000022
24704.000000000015
17840.750000000015
25236.000000000022
18059.750000000015
25224.000000000025
17966.750000000022
25217.000000000022
17612.00000000002
25495.000000000022
17396.50000000002
25082.000000000022
17192.000000000015
24734.000000000033
16802.250000000015
24806.000000000022
16431.25000000002
24799.00000000002
15108.250000000013
24770.000000000022
13961.000000000015
24108.000000000022
13639.000000000016
24016.000000000022
13042.250000000013
24529.00000000002
12149.000000000013
24824.000000000033
11696.750000000011
24899.000000000015
11414.250000000011
25185.00000000003
11174.250000000011
25388.000000000022
11070.750000000013
25146.000000000025
9973.00000000001
25312.000000000015
9505.000000000007
25199.00000000002
9360.25000000001
25135.00000000002
9017.000000000011
25134.000000000025
8864.25000000001
25098.000000000015
8540.50000000001
25086.000000000025
8453.50000000001
25104.000000000025
8195.500000000007
25487.00000000003
8369.500000000007
25222.000000000015
9064.50000000001
24820.000000000025
10039.25000000001
24663.000000000025
10380.750000000011
25218.00000000003
10577.75000000001
25624.00000000003
10800.000000000013
25528.000000000025
11037.750000000011
25658.000000000022
10517.00000000001
26046.000000000015
9758.50000000001
25831.000000000025
9064.250000000011
25409.00000000002
9130.00000000001
25451.000000000015
9519.500000000011
25700.00000000002
10188.000000000013
26419.00000000003
10773.250000000013
26783.00000000002
11106.50000000001
25978.00000000003
10834.250000000011
25782.000000000022
10374.500000000011
25856.000000000025
11175.750000000013
25255.00000000003
11057.25000000001
24265.000000000025
10935.250000000011
24109.000000000015
11630.750000000011
26715.00000000003
11449.250000000011
27719.000000000033
11784.500000000011
27741.00000000003
12023.500000000013
27868.000000000025
12444.500000000013
27983.000000000025
12744.000000000013
28105.000000000025
12590.000000000013
28695.000000000033
12620.750000000013
28623.000000000025
12654.000000000013
28971.000000000033
12520.750000000011
28976.000000000033
12638.750000000013
28528.000000000025
13080.500000000011
29225.000000000033
13149.500000000015
29139.000000000025
13490.00000000001
29122.000000000033
13652.500000000015
28474.00000000002
14203.750000000015
28862.000000000033
14898.500000000015
29009.00000000003
14492.000000000015
28864.00000000003
14759.500000000015
28240.000000000025
15330.500000000016
28106.00000000002
15870.000000000016
28525.000000000033
16249.50000000002
28077.000000000033
16573.00000000002
28058.000000000025
16933.00000000002
27863.000000000033
16813.75000000002
27731.00000000003
17176.750000000015
27683.00000000003
17406.50000000002
28151.000000000036
16388.500000000015
25961.00000000002
15883.500000000016
24972.00000000003
16248.500000000016
27587.000000000025
16291.750000000018
27617.000000000025
16722.50000000002
28305.000000000036
16219.750000000016
29096.00000000003
13148.250000000016
29450.000000000036
11826.500000000011
28516.000000000025
11811.750000000013
27386.000000000033
12184.500000000013
27750.000000000033
12246.000000000013
25943.000000000025