15525.000000000016
9683.00000000001
15201.750000000015
9917.000000000011
14526.250000000013
9098.000000000005
14718.500000000015
9151.000000000011
15079.000000000018
10387.000000000011
14977.250000000018
11113.000000000011
14749.500000000013
11896.000000000007
14398.000000000015
13071.000000000016
14867.250000000018
12136.000000000013
15493.000000000016
12757.000000000015
14716.000000000016
13639.000000000016
13878.750000000015
13438.000000000016
15021.500000000018
14815.00000000001
15077.250000000015
15406.000000000016
15308.500000000015
16208.000000000016
13371.500000000015
16866.00000000002
13940.500000000015
18391.00000000002
14935.750000000016
16804.00000000002
14788.500000000015
14898.000000000013
13960.750000000013
15272.00000000001
14122.500000000018
13055.000000000013
13300.750000000013
14571.000000000018
11909.000000000013
16688.00000000001
11012.750000000011
16012.000000000015
9988.750000000011
19521.00000000001
9819.250000000011
20716.000000000015
9056.50000000001
18125.000000000015
9287.50000000001
16855.000000000022
9915.75000000001
19634.000000000025
9099.000000000011
19967.000000000022
9382.25000000001
19119.000000000022
9596.750000000011
15568.000000000013
9882.50000000001
14153.000000000015
9844.75000000001
14091.000000000013
9637.00000000001
14238.000000000015
9602.75000000001
14457.000000000016
10256.75000000001
14250.000000000018
11003.000000000011
13859.000000000016
11087.50000000001
13651.000000000015
10832.500000000013
13359.000000000013
11287.000000000013
13526.000000000013
11428.750000000013
13476.000000000015
11803.000000000011
13253.000000000013
12616.000000000015
12944.000000000015
12068.250000000013
13468.000000000015
11505.500000000013
12892.000000000011
11440.250000000011
13635.000000000016
11854.250000000013
14713.000000000016
11197.000000000013
15030.000000000015
10770.500000000013
12460.000000000013
11905.750000000013
11865.000000000007
11945.250000000011
14310.000000000016
12107.250000000013
13670.000000000015
11643.500000000013
10144.000000000011
11652.000000000013
9065.000000000011
11756.000000000013
8492.000000000007
12038.000000000011
8589.000000000011
12604.500000000013
8258.00000000001
13101.000000000013
8525.00000000001
13146.750000000015
11583.000000000011
13625.500000000013
12753.000000000011
14351.750000000016
10046.000000000013
14947.250000000018
9213.00000000001
15198.500000000015
8416.000000000007
16155.500000000015
8450.000000000005
18584.500000000022
8928.00000000001
21739.500000000022
9940.000000000013
21366.250000000025
10831.000000000013
19930.000000000015
9726.000000000007
18821.25000000002
8410.00000000001
16716.50000000002
10217.000000000011
14443.250000000011
10253.00000000001
12409.500000000011
10000.000000000013
11729.500000000013
10260.000000000013
12231.250000000013
10014.000000000011
13331.250000000013
9807.000000000011
12974.750000000013
9668.00000000001
13060.250000000016
10863.00000000001
12118.000000000015
10770.000000000011
10824.50000000001
9932.00000000001
10945.000000000013
9689.00000000001
11284.250000000011
9057.000000000011
11498.000000000011
8962.000000000011
10926.750000000013
9658.000000000011
10492.750000000011
10616.00000000001
10473.750000000011
11571.000000000011
10458.25000000001
12229.000000000016
10517.25000000001
12518.000000000007
10277.750000000011
12753.000000000011
10187.250000000011
12264.000000000015