32640.000000000033
32640.000000000033
32640.000000000033
32640.000000000033
32640.000000000033
32640.000000000033
23479.500000000022
23254.000000000022
18072.00000000002
14730.000000000013
19106.50000000002
14326.000000000018
19618.750000000015
14039.00000000001
19679.250000000022
14058.000000000016
19971.500000000022
14694.000000000015
20601.250000000022
15003.000000000016
20916.500000000022
14946.000000000016
21046.250000000022
15631.000000000018
21518.75000000002
15319.000000000015
21636.000000000022
16588.000000000015
21326.250000000022
17962.000000000022
21117.50000000002
17142.00000000002
21358.25000000002
16212.000000000016
21126.750000000022
14635.000000000016
21190.250000000025
14711.000000000016
21517.750000000025
14137.000000000015
21976.000000000022
14069.000000000018
21967.25000000002
14845.000000000015
22266.500000000025
14255.000000000018
22563.000000000022
14582.00000000002
22482.000000000022
15514.000000000018
22105.500000000025
14219.000000000015
20894.00000000002
14830.00000000001
19104.500000000022
15235.000000000018
17578.500000000022
14510.00000000001
16172.250000000016
14232.000000000011
15508.250000000016
16258.00000000002
15407.000000000015
17363.000000000015
15021.750000000015
18608.000000000022
14065.500000000016
18961.000000000022
13363.250000000013
18652.00000000001
12769.250000000013
18120.000000000022
12224.750000000013
18959.00000000002
12055.250000000011
19971.000000000025
11625.500000000011
18196.00000000001
11058.250000000011
16352.00000000002
10849.250000000011
16186.000000000013
10922.750000000011
16254.000000000018
10534.750000000011
16403.000000000015
10098.750000000011
15996.000000000016
9803.250000000011
13813.000000000016
9786.75000000001
12493.000000000015
10016.250000000011
12439.00000000001
9778.000000000011
12481.000000000011
9501.000000000011
11093.000000000011
9172.750000000007
10474.000000000011
9233.00000000001
11044.000000000013
9121.75000000001
12493.000000000015
9404.75000000001
13728.000000000015
10435.250000000011
14150.000000000016
10712.250000000013
14762.000000000015
9943.000000000011
13963.000000000015
10315.500000000011
13472.000000000015
12207.500000000011
12943.000000000015
13364.750000000013
12474.000000000007
13164.750000000013
12486.000000000013
13217.500000000011
12133.00000000001
13769.000000000013
12300.00000000001
13676.250000000013
13567.000000000015
14610.750000000016
15231.000000000007
15819.250000000016
15311.000000000016
16685.25000000002
13959.000000000015
17040.50000000002
13137.000000000015
16668.500000000015
12210.00000000001
16549.25000000002
11663.00000000001
16200.250000000016
11616.00000000001
17098.25000000002
10727.000000000013
18833.750000000022
10273.000000000011
18851.00000000002
10896.000000000013
18807.000000000022
11168.000000000013
18798.75000000002
11578.000000000013
18133.25000000002
11632.00000000001
17499.25000000002
11703.000000000011
17264.25000000002
11829.00000000001
17007.500000000015
11618.000000000015
17131.000000000022
11846.00000000001
17143.00000000002
11572.000000000013
16511.00000000002
11858.00000000001
15761.000000000015
11877.000000000013
16044.750000000015
11727.000000000007
16220.500000000016
11784.00000000001
16467.75000000002
11098.000000000011
11517.250000000013
10571.000000000007
20722.25000000002
21688.000000000022
31665.000000000036
31724.000000000022
32640.000000000033
32640.000000000033