15757.500000000013
15584.000000000016
15929.250000000018
15706.000000000016
16309.500000000015
16183.000000000016
16885.00000000002
16901.00000000001
17864.000000000022
18236.00000000002
18586.500000000015
19347.000000000022
18513.250000000022
19345.000000000015
17789.50000000002
19067.000000000022
16468.50000000002
19877.000000000015
15593.250000000016
19683.000000000022
15407.750000000018
18919.000000000015
15114.750000000013
18023.00000000002
14621.500000000013
17681.000000000022
13859.750000000015
16962.00000000001
13800.500000000015
17256.000000000015
13557.250000000013
18808.000000000022
11394.000000000011
17308.00000000002
10217.250000000011
15432.000000000016
10339.25000000001
17224.000000000022
10676.000000000011
18940.00000000002
11701.750000000013
20579.000000000015
13468.000000000015
20992.000000000025
13763.000000000013
20489.000000000025
12603.000000000011
20728.000000000022
11022.750000000011
20567.00000000002
10592.75000000001
20914.000000000015
10587.500000000011
21793.000000000025
9879.500000000011
22225.000000000025
9962.750000000011
22175.000000000025
9923.750000000011
21466.000000000022
9704.500000000013
21156.000000000025
9331.750000000007
21314.000000000025
9407.25000000001
21319.00000000001
9166.000000000011
21666.000000000022
8126.000000000009
22416.000000000022
8706.750000000007
23058.000000000022
8504.000000000007
23265.00000000001
7265.500000000006
23769.000000000025
7721.500000000009
23288.000000000025
7606.500000000007
22271.000000000022
7866.000000000009
20921.00000000002
8177.000000000009
20912.000000000022
7803.500000000007
21319.000000000025
8240.50000000001
21073.000000000025
8815.50000000001
20824.000000000022
9013.00000000001
19396.00000000002
8680.750000000007
17639.000000000015
8188.500000000008
16429.00000000001
7873.750000000008
13974.000000000015
8118.000000000008
15964.000000000022
8172.000000000006
17733.000000000022
8325.25000000001
17126.00000000002
8326.750000000007
15961.000000000018
9081.750000000007
15340.000000000016
9709.50000000001
14769.000000000015
9680.00000000001
13917.000000000018
9783.25000000001
13778.000000000015
9864.750000000011
12974.000000000015
9758.000000000011
12738.000000000011
9345.75000000001
13063.00000000001
10549.750000000013
13499.000000000016
12409.000000000013
16595.00000000001
12415.250000000013
21010.000000000025
12073.000000000013
19687.00000000002
11352.000000000013
15152.000000000015
11292.500000000011
11504.00000000001
11905.25000000001
10720.00000000001
12543.500000000011
11663.00000000001
13242.750000000015
11011.000000000011
11983.00000000001
10000.000000000013
11903.750000000013
10621.000000000013
12013.750000000013
10959.000000000011
11984.25000000001
11325.000000000011
14993.250000000016
12283.000000000011
18000.50000000002
11951.00000000001
17603.750000000015
10994.000000000011
16925.25000000002
11902.000000000011
16203.500000000015
12309.000000000013
14890.500000000016
13110.00000000001
13941.000000000016
14267.00000000001
12413.25000000001
15138.000000000018
13674.000000000011
15400.000000000013
13050.250000000015
16624.00000000002
12842.250000000016
18245.000000000022
13313.500000000013
18522.000000000015
12241.500000000011
18461.000000000015
12939.250000000015
18201.000000000015
13463.250000000015
17736.00000000002
13539.750000000016
15884.000000000013
13215.250000000015
14042.000000000016