20576.000000000022
24478.000000000033
19849.000000000022
23649.00000000003
19978.50000000002
23453.000000000022
18776.75000000002
24602.00000000002
17750.00000000002
25212.000000000036
17959.75000000002
24574.00000000002
17211.25000000002
23489.00000000002
17535.500000000022
23359.000000000022
16599.750000000015
21854.000000000022
16030.500000000016
22009.000000000022
15374.750000000015
22800.000000000022
14245.250000000013
22628.000000000022
12080.250000000011
19261.00000000001
12605.000000000013
18848.00000000002
14271.000000000016
20409.000000000022
13909.250000000013
22045.000000000025
12203.750000000013
21995.000000000022
12746.750000000013
23218.00000000003
13506.750000000013
23966.00000000002
13866.750000000013
23081.000000000025
14625.750000000015
22035.000000000022
13473.500000000013
21700.000000000025
12870.250000000015
22327.000000000022
12024.000000000011
22116.000000000022
11117.25000000001
22313.000000000022
10530.250000000011
22873.00000000003
10590.000000000011
19245.00000000002
9927.500000000011
15598.000000000016
11201.750000000013
18542.00000000002
11820.250000000013
18411.000000000022
11477.250000000015
16586.000000000015
10377.000000000011
17301.000000000015
10791.250000000013
16041.000000000016
10408.250000000013
17007.00000000001
10513.250000000013
16810.00000000001
11322.75000000001
18599.000000000015
11847.25000000001
19157.000000000022
10448.000000000011
18147.00000000002
10727.250000000011
17906.00000000001
10305.250000000011
17894.000000000022
10176.00000000001
19068.000000000022
9286.00000000001
19642.00000000001
8209.50000000001
19070.000000000015
8143.000000000007
20053.00000000002
7202.500000000006
18489.000000000022
6951.7500000000055
18613.000000000015
6862.000000000006
21281.000000000022
7060.750000000007
21214.000000000022
7275.250000000007
20454.000000000022
7554.25000000001
19898.000000000022
7415.250000000007
19334.000000000022
6599.000000000006
18395.00000000001
6802.000000000007
19053.000000000022
7837.750000000007
20047.000000000022
8226.50000000001
19688.000000000025
8187.000000000008
17643.00000000002
8572.250000000007
16097.000000000016
8773.50000000001
18340.000000000015
9270.50000000001
20039.000000000022
9098.500000000011
18518.000000000022
9361.500000000011
18102.00000000002
9952.500000000011
19705.000000000022
11370.750000000013
21217.000000000022
11924.500000000011
19589.000000000015
12125.500000000013
18639.00000000001
12066.250000000013
18676.000000000025
12624.750000000013
19041.000000000015
13048.750000000016
18084.00000000002
12828.750000000015
17412.000000000022
12080.75000000001
21470.000000000022
11864.250000000015
21477.000000000015
13421.750000000013
21119.000000000022
15904.250000000016
20663.000000000022
15844.750000000016
20210.000000000022
14741.750000000016
19545.000000000025
14241.500000000015
19079.00000000001
12991.250000000013
19772.000000000015
11751.000000000013
21170.000000000022
11216.500000000011
20678.000000000022
10388.500000000013
19568.000000000022
9873.00000000001
20189.00000000002
10098.25000000001
20646.00000000002
9820.50000000001
20946.000000000022
11534.000000000011
21097.000000000015
11945.500000000013
21064.000000000022
11103.500000000013
22247.000000000022
10734.250000000011
21526.000000000022
10996.500000000011
20765.000000000025
10853.00000000001
19428.00000000002
10733.500000000011
17732.000000000025