32640.000000000033
32640.000000000033
32640.000000000033
32640.000000000033
32640.000000000033
32640.000000000033
32640.000000000033
32640.000000000033
29440.000000000033
30136.000000000033
12062.000000000013
16433.000000000015
16953.75000000002
20160.00000000001
16773.25000000002
20016.000000000025
16786.25000000002
20037.00000000002
16872.50000000002
20197.000000000025
16934.250000000015
20376.000000000022
16978.50000000002
20485.000000000022
17050.000000000015
20606.000000000022
17047.50000000002
20657.000000000022
16957.75000000002
20691.00000000002
17029.50000000002
20753.00000000002
17111.50000000002
20788.000000000022
17042.50000000002
20844.00000000002
17034.500000000015
20845.000000000022
17127.00000000002
20886.000000000025
17179.50000000002
20916.000000000025
17193.50000000002
20938.000000000025
17216.75000000002
20941.000000000022
17239.00000000002
20945.000000000025
17155.50000000002
20982.000000000022
16855.25000000002
21001.000000000022
16157.750000000016
21006.000000000025
15524.500000000018
20976.000000000022
15143.75000000002
20930.000000000025
15133.250000000015
20903.000000000022
15415.750000000016
20858.000000000025
15110.500000000015
20796.000000000022
14172.250000000011
20700.000000000015
14139.750000000015
20634.000000000022
13942.500000000016
20569.00000000002
14337.250000000013
20531.000000000022
13849.250000000016
20471.000000000015
13458.750000000013
20350.000000000015
13369.750000000013
20131.00000000001
13520.750000000013
20018.000000000025
13314.250000000013
20046.000000000015
13089.750000000013
20038.000000000022
12906.250000000013
20049.000000000022
12530.500000000015
20026.000000000022
12227.000000000013
20010.00000000002
11698.000000000011
20101.000000000022
11578.50000000001
20202.00000000002
11983.000000000013
20255.000000000022
11966.500000000011
20335.000000000015
12119.500000000015
20400.000000000022
11913.500000000013
20443.000000000022
12011.750000000013
20433.00000000002
11650.000000000013
20433.00000000002
11458.500000000013
20445.000000000022
11352.500000000011
20751.000000000022
11077.500000000013
21026.00000000002
10940.75000000001
21117.000000000022
11218.000000000011
21869.000000000022
11152.250000000011
22876.000000000022
11255.500000000013
22877.000000000025
10830.250000000011
22371.000000000022
10963.250000000011
23422.000000000015
10944.250000000011
23461.00000000002
10967.000000000007
23295.00000000003
11378.250000000011
23418.00000000002
11316.750000000011
23273.000000000025
13205.000000000013
22317.000000000025
13291.000000000015
21538.000000000015
12367.000000000013
21874.000000000025
14907.750000000016
22404.000000000022
19317.50000000002
22777.000000000025
20808.500000000022
22473.000000000025
20096.750000000022
22158.000000000022
19475.250000000022
21869.000000000022
17663.50000000002
20502.000000000015
14315.500000000011
19724.000000000022
13937.750000000011
19332.000000000022
14725.000000000015
19745.000000000022
15102.250000000015
19465.000000000022
14589.000000000015
18900.000000000022
14591.250000000015
19427.00000000002
16106.250000000018
18818.00000000002
19085.000000000015
17265.00000000001
21801.00000000002
18334.000000000022
14431.250000000016
16904.000000000022
30796.50000000003
31361.000000000036
31378.50000000003
32640.000000000033
28531.500000000033
32640.000000000033
30572.000000000036
32640.000000000033
32386.000000000033
32640.000000000033