17963.00000000002
9894.00000000001
17688.50000000002
10449.000000000007
17311.250000000015
10909.000000000013
16943.750000000015
10636.000000000013
17525.750000000015
9277.00000000001
17997.25000000002
7523.000000000007
18383.25000000002
7721.000000000008
18237.500000000015
10761.000000000011
18299.500000000015
11763.000000000011
18310.75000000002
8968.000000000011
19170.500000000022
9082.000000000005
19997.250000000022
12274.000000000015
20068.750000000015
15537.000000000018
20301.000000000015
14969.000000000015
20299.00000000002
13990.000000000015
20861.750000000022
14879.000000000018
21011.500000000022
14401.000000000016
20983.500000000025
13860.000000000007
21149.25000000002
13774.000000000011
22330.500000000022
13167.000000000015
22548.500000000022
13444.000000000018
23083.750000000022
13659.000000000015
22827.250000000022
12539.000000000015
22384.250000000022
10075.000000000011
21153.000000000022
9668.00000000001
21257.500000000025
9044.000000000005
20630.000000000022
9532.000000000005
20753.250000000022
8936.00000000001
20534.250000000022
10046.000000000007
20361.000000000022
10471.000000000011
20347.500000000022
8258.00000000001
19027.75000000002
8316.000000000007
18028.250000000015
10246.000000000011
17303.250000000015
8641.000000000005
16546.75000000002
8997.00000000001
16131.750000000015
9426.000000000005
15319.250000000016
10590.000000000013
14532.750000000015
11333.000000000013
13660.000000000013
11996.00000000001
12977.250000000011
12200.000000000007
12514.00000000001
14596.000000000016
11554.500000000013
17492.00000000002
11350.000000000011
15200.000000000016
10171.25000000001
14891.000000000018
9548.000000000011
14775.000000000018
9080.500000000007
15546.000000000018
8774.50000000001
16878.000000000015
8740.750000000011
17308.00000000002
9106.75000000001
15983.00000000002
9880.25000000001
13961.000000000018
9619.50000000001
13972.000000000015
8634.500000000011
15840.000000000016
9630.750000000011
16568.000000000022
10629.000000000013
17793.00000000002
10950.750000000011
17744.000000000015
11250.750000000013
16084.000000000016
11336.750000000011
14910.000000000016
11000.750000000011
14107.000000000016
10659.000000000011
13222.000000000011
10646.500000000013
13429.00000000001
10762.00000000001
13967.000000000016
11259.000000000011
13482.000000000015
11432.50000000001
13913.000000000015
12332.50000000001
14977.000000000016
13794.500000000015
15674.000000000018
16698.75000000002
16265.000000000018
20261.500000000022
16695.000000000015
21189.750000000022
17363.000000000015
22267.500000000022
18466.00000000002
22780.000000000025
19563.00000000002
23068.000000000022
19999.000000000015
23481.00000000003
20327.000000000022
22977.000000000022
20008.000000000022
21753.000000000025
20194.000000000022
21163.000000000022
20272.000000000022
20947.500000000022
18747.000000000022
20429.25000000002
18196.00000000001
20806.00000000002
17683.000000000015
21884.000000000022
16891.000000000015
21539.000000000025
17147.000000000022
20973.250000000022
16523.000000000022
20703.500000000022
16236.000000000016
21102.50000000002
17905.00000000001
20666.750000000025
18582.000000000015
20783.00000000002
18827.000000000015
21395.250000000022
18307.000000000015
21381.750000000025
18463.00000000002
21142.250000000022
17403.00000000001
20848.750000000025
17454.000000000015
21399.000000000022
18125.000000000015