14983.750000000018
7848.000000000008
15636.250000000016
7699.000000000008
17088.25000000002
8354.000000000007
18455.50000000002
9562.000000000011
18843.000000000015
9475.00000000001
18973.500000000022
8266.00000000001
19036.250000000022
7523.000000000007
18465.25000000002
9176.000000000011
18318.00000000002
11090.000000000013
17848.000000000015
11687.000000000011
17558.25000000002
12004.000000000013
17655.750000000022
12260.000000000007
17367.00000000002
11355.000000000011
17350.00000000002
11376.000000000015
16496.75000000002
10965.000000000011
16666.250000000015
11197.000000000011
14393.500000000015
10687.00000000001
12835.000000000013
12921.000000000011
11582.000000000011
16110.000000000018
11065.250000000011
15974.000000000015
10771.00000000001
15371.000000000016
10959.500000000013
12405.000000000011
10605.000000000011
8859.000000000011
10621.000000000011
5476.000000000004
9996.250000000011
5882.0000000000055
8525.00000000001
8777.000000000005
7569.000000000008
11755.000000000015
8157.250000000007
13936.000000000018
7587.250000000007
12219.000000000015
6464.750000000007
11144.000000000013
5829.750000000006
17192.00000000001
5763.2500000000055
16400.00000000001
5419.2500000000055
11779.000000000011
5461.5000000000055
9580.000000000011
6123.750000000006
15796.000000000018
5988.7500000000055
12477.000000000005
6084.2500000000055
9624.000000000005
6226.000000000006
10650.000000000013
6097.2500000000055
10367.00000000001
6224.0000000000055
11362.000000000011
5804.000000000005
12259.000000000015
5428.0000000000055
12059.00000000001
5647.750000000006
16813.000000000022
5880.750000000006
22612.000000000025
6704.250000000006
23144.000000000022
7287.750000000007
23296.00000000002
7313.000000000007
24959.000000000025
8475.50000000001
25900.00000000003
8511.00000000001
25006.000000000015
8351.250000000007
22716.000000000025
9155.25000000001
22007.000000000022
12295.750000000013
20468.000000000022
11493.500000000013
17846.00000000001
9871.250000000011
19158.000000000022
10891.250000000013
18339.000000000015
11392.000000000011
20641.000000000025
10874.750000000011
21431.000000000022
11552.500000000013
19387.000000000022
12798.500000000013
18270.00000000002
13162.500000000013
17470.000000000015
12829.000000000015
15243.000000000018
13061.750000000015
13698.000000000011
15721.250000000016
14555.000000000013
17951.25000000002
13232.000000000013
17248.75000000002
10874.000000000011
15875.500000000018
17378.000000000015
14865.250000000013
19716.00000000002
14143.500000000016
12153.000000000007
13499.750000000015
10162.000000000013
13870.750000000013
9099.000000000011
14678.500000000015
8897.00000000001
14509.000000000015
12328.000000000011
15014.750000000011
11877.000000000013
15957.000000000018
11507.000000000013
13682.000000000015
10127.000000000011
12446.500000000013
11041.000000000013
11642.250000000013
5895.000000000006
11214.500000000013
4237.000000000003
11791.750000000011
4787.0000000000055
10563.250000000013
4952.000000000005
9207.00000000001
4474.000000000004
7993.000000000007
4232.000000000005
10635.500000000011
4149.000000000003
7949.250000000007
3886.0000000000036
5850.750000000006
3668.0000000000036
6031.750000000007
3660.000000000004
7357.0000000000055
3525.0000000000036
7620.000000000007
3418.0000000000023
7101.750000000008
3472.0000000000036
6726.0000000000055
2501.0000000000027