20982.500000000025
15694.000000000015
21209.500000000022
16994.00000000001
20870.750000000022
16428.00000000001
21078.000000000022
15993.000000000018
21819.500000000025
19198.00000000002
22376.250000000022
20076.000000000015
21735.000000000022
19662.000000000022
21745.750000000025
19657.000000000022
21199.000000000022
19010.000000000015
21734.250000000022
18113.000000000025
21495.250000000025
17663.00000000001
21298.000000000022
18529.00000000002
21131.000000000022
18426.000000000022
20640.75000000002
20269.00000000002
20952.500000000025
20109.000000000022
19807.750000000015
18597.000000000015
18785.75000000002
17475.00000000002
18708.750000000022
18416.000000000015
17890.50000000002
18869.000000000022
16664.000000000015
19301.00000000002
15888.500000000015
19985.000000000015
15173.750000000015
19268.000000000015
14843.500000000013
19601.000000000022
14184.500000000015
19638.000000000022
13193.250000000011
20043.000000000022
12300.500000000013
20139.000000000025
12071.250000000011
19245.00000000002
11619.500000000011
18859.000000000022
11285.000000000011
18834.00000000002
11330.500000000011
18957.000000000022
11632.750000000011
19862.000000000015
11786.500000000011
18823.000000000022
12078.000000000011
18707.000000000022
12882.750000000011
19651.000000000022
11884.000000000011
18894.00000000002
10536.00000000001
17972.000000000015
10472.250000000011
18872.000000000015
10369.750000000011
18997.00000000002
10446.000000000011
18914.000000000022
9334.75000000001
18309.000000000015
9284.500000000011
17855.00000000002
9607.25000000001
15454.000000000013
9211.50000000001
15788.00000000002
8917.25000000001
15116.000000000016
8494.750000000007
13803.000000000015
7908.500000000008
15087.000000000015
8253.75000000001
16497.000000000015
8313.000000000007
16751.000000000022
7836.500000000006
18042.00000000001
7613.000000000007
18456.00000000001
7650.750000000006
18518.00000000002
7877.750000000009
18414.000000000015
7957.500000000008
15469.000000000018
7344.750000000006
14657.000000000015
7439.250000000007
13703.000000000018
7256.7500000000055
13896.000000000011
6467.250000000006
14117.000000000015
6166.750000000007
13659.000000000015
5433.5000000000055
13923.000000000013
5594.5000000000055
13294.000000000015
6533.250000000007
15443.000000000018
6553.500000000006
17941.000000000015
6785.250000000007
17453.000000000022
6664.000000000006
18031.000000000022
6370.7500000000055
18984.00000000002
6541.000000000006
18893.00000000002
6205.250000000007
17388.00000000001
6968.500000000006
16505.00000000001
7805.500000000008
17136.000000000015
8846.75000000001
16990.00000000002
9592.50000000001
15102.000000000016
9567.00000000001
13362.000000000015
10805.500000000013
12523.000000000015
11581.500000000011
11786.000000000015
11295.50000000001
11046.000000000013
12653.000000000015
11802.000000000015
13271.250000000013
12548.000000000013
13872.250000000015
15656.000000000016
15605.750000000016
15422.000000000016
16888.000000000015
14336.000000000016
17846.25000000002
13714.000000000011
18444.00000000002
13527.000000000013
19195.75000000002
12652.00000000001
19520.00000000002
12622.00000000001
18749.000000000015
12844.000000000015
20669.750000000022
13247.00000000001
20971.750000000022
16983.000000000015
21628.750000000022
17434.00000000001
21397.250000000022
14959.000000000013
20517.000000000022
14904.000000000016