32569.500000000033
32564.000000000036
32431.500000000036
32420.000000000033
32039.250000000036
32067.000000000036
31120.500000000033
31157.000000000033
29514.50000000003
29465.00000000003
26783.750000000025
27374.00000000002
23231.750000000022
26618.00000000003
20579.250000000022
26155.000000000025
18908.25000000002
26289.000000000025
19316.75000000002
26783.00000000002
21126.250000000022
27413.000000000022
21872.500000000022
27327.00000000003
22000.000000000022
28057.000000000033
22131.000000000025
27379.000000000033
22460.750000000022
27582.00000000003
22603.500000000022
27503.000000000022
22485.250000000022
27193.000000000033
22785.750000000025
27227.00000000003
22634.000000000025
27468.00000000002
22207.250000000025
27550.000000000022
22388.500000000022
27404.000000000025
22215.500000000025
27181.00000000003
21712.25000000002
26652.000000000015
21701.500000000025
25348.000000000025
21840.000000000022
24443.000000000015
21643.50000000002
23550.000000000025
21677.250000000025
24049.000000000015
22693.000000000022
23543.000000000022
23154.000000000022
23462.00000000003
21448.500000000022
22910.000000000025
19289.750000000022
23560.000000000022
17660.00000000002
22804.000000000025
15304.000000000018
23204.00000000002
12758.250000000015
22124.00000000002
10680.50000000001
21406.000000000022
9951.50000000001
20976.000000000025
9501.25000000001
21132.000000000025
8481.500000000007
21652.000000000022
8023.500000000009
21872.000000000025
8278.750000000007
23504.00000000002
8399.50000000001
24544.00000000002
8964.25000000001
24650.00000000003
9413.750000000011
25734.00000000003
9468.750000000011
25671.00000000003
8579.50000000001
24997.000000000025
8290.75000000001
24587.00000000002
8516.500000000007
27375.000000000025
8805.50000000001
28165.000000000025
9022.250000000005
27575.00000000002
9338.250000000007
27444.000000000015
9869.50000000001
27549.000000000033
10561.500000000013
27734.000000000022
10845.750000000013
26825.000000000025
11236.500000000011
27987.00000000003
11575.250000000013
28717.000000000033
12036.250000000013
28338.00000000003
12446.000000000011
26062.00000000003
12075.750000000013
23981.00000000002
11372.500000000011
21457.00000000003
11379.750000000011
20982.000000000022
12042.250000000011
20221.000000000025
12268.500000000011
20182.000000000015
12302.000000000013
20260.000000000025
12543.000000000013
20186.000000000022
12925.000000000015
20591.000000000022
13998.500000000015
21500.00000000002
14489.750000000015
22161.000000000022
16127.000000000015
21820.000000000025
16696.25000000002
21735.00000000002
17662.750000000015
23398.000000000022
19073.500000000022
25187.000000000022
19721.75000000002
26178.000000000022
21357.000000000022
26839.00000000003
23095.250000000025
27586.000000000036
24613.000000000025
27902.000000000033
24115.500000000025
28125.00000000003
24296.50000000003
28361.00000000003
25393.50000000003
28451.00000000003
25604.000000000025
28328.000000000033
25403.750000000025
29440.000000000033
25869.75000000003
30026.00000000002
26023.000000000025
30080.00000000003
26463.500000000033
30542.00000000003
27561.500000000025
31328.000000000022
28909.250000000025
31611.000000000033
30214.50000000003
31951.000000000033
30998.000000000036
32333.000000000033
31790.250000000033
32511.00000000003
32373.000000000033
32560.000000000036
32594.000000000036
32560.000000000036