18642.000000000015
13620.000000000016
17816.25000000002
12284.000000000013
15820.500000000016
13389.000000000013
15021.750000000015
18413.00000000002
16246.000000000018
21380.000000000022
17250.50000000002
20507.000000000022
17617.000000000022
19632.000000000022
16966.50000000002
19834.000000000022
16139.500000000016
20673.000000000025
16597.50000000002
21475.00000000002
15654.500000000015
19991.00000000002
14767.250000000015
16515.00000000002
14947.000000000016
14631.000000000015
14506.750000000013
13805.000000000011
14283.750000000013
12103.00000000001
13824.000000000015
12848.000000000015
13359.500000000015
13421.000000000013
13301.000000000011
13822.000000000015
13833.750000000015
13673.00000000001
14232.500000000013
14255.000000000013
13094.750000000013
14663.00000000001
12032.000000000013
15453.00000000002
13200.500000000015
15719.000000000013
14527.000000000013
16053.000000000018
14415.000000000016
15413.000000000018
13413.000000000015
16039.000000000016
11984.750000000013
16509.000000000015
10631.000000000011
15946.000000000018
11126.00000000001
15701.000000000016
12079.250000000013
15196.000000000018
12314.250000000011
14917.000000000011
11411.000000000013
16464.000000000015
9032.25000000001
18268.00000000002
8319.50000000001
17549.000000000022
7823.250000000007
16124.000000000018
7130.750000000007
16274.000000000016
6694.250000000006
15494.00000000002
6220.750000000007
14582.000000000011
5598.000000000006
15839.000000000018
4738.000000000005
17479.00000000001
4783.750000000005
17229.000000000015
5331.0000000000055
17367.000000000022
5823.250000000006
19675.000000000022
5337.5000000000055
21614.000000000022
4873.5000000000055
19065.00000000001
5294.750000000006
18033.000000000015
5786.0000000000055
17339.00000000002
5711.000000000006
14917.000000000011
5629.0000000000055
14046.000000000016
5214.2500000000055
15041.000000000016
6236.7500000000055
14986.000000000016
7815.500000000008
16409.00000000002
7880.750000000008
18571.000000000007
7968.250000000007
18553.000000000015
8515.000000000007
18611.000000000022
8943.250000000011
17501.000000000015
8058.500000000008
16307.000000000018
7500.750000000007
17844.00000000001
7239.000000000007
18673.000000000015
7020.000000000006
16790.00000000002
7344.750000000008
17652.000000000015
6820.750000000008
18651.00000000002
6279.250000000006
16673.00000000001
6699.250000000007
14439.000000000016
7054.2500000000055
14486.000000000013
7547.000000000008
15133.000000000013
8776.75000000001
18095.000000000015
9046.500000000007
18164.00000000001
7296.750000000007
17180.000000000015
6302.500000000006
19089.000000000025
6564.750000000006
18720.000000000015
6897.000000000007
18961.000000000022
7925.500000000007
20782.00000000002
8484.750000000007
20951.00000000002
9838.50000000001
20787.000000000022
10567.00000000001
18959.000000000022
13059.500000000016
20098.00000000002
16864.50000000002
22147.000000000025
19989.250000000015
23093.000000000025
20872.25000000002
22804.000000000022
20056.25000000002
23232.00000000002
18808.25000000002
23675.00000000002
17537.00000000002
23135.000000000022
16609.50000000002
22550.000000000025
15598.250000000018
22176.000000000025
13962.250000000015
22537.000000000022
12757.250000000015
19080.000000000022
12425.000000000013
18141.000000000015
11760.500000000013
16311.000000000016
11630.000000000013
20859.00000000002