17513.25000000002
18600.000000000022
17486.000000000015
18405.00000000002
17418.500000000015
17939.000000000022
17247.250000000015
17495.000000000022
17370.500000000015
16837.00000000002
17104.250000000015
16473.00000000001
16667.250000000022
16331.000000000018
16367.250000000016
16018.000000000015
16295.750000000015
15574.000000000016
15969.250000000016
15230.000000000016
15846.250000000018
14773.000000000016
15789.000000000018
14745.000000000013
15808.750000000016
15370.000000000013
15712.250000000016
16012.000000000016
15540.500000000015
16130.000000000013
15701.000000000016
15750.000000000018
15690.000000000016
15512.000000000016
15416.250000000013
15192.000000000015
15038.750000000015
14764.000000000015
14793.250000000013
14508.000000000015
14972.250000000015
14565.000000000016
14988.500000000015
14575.000000000016
15037.250000000013
14421.000000000015
14688.750000000018
14331.000000000016
14562.000000000016
14852.000000000013
14765.000000000016
15031.000000000016
14755.000000000015
15042.000000000015
14334.750000000016
14567.00000000002
13599.750000000016
11073.000000000011
12553.000000000015
10909.000000000013
11410.000000000011
9578.000000000013
10414.500000000011
7745.000000000004
10238.500000000013
8769.00000000001
10352.25000000001
10018.00000000001
10219.250000000011
11134.000000000013
9339.000000000011
12754.000000000011
8762.00000000001
12646.000000000016
8226.50000000001
13150.000000000011
7609.750000000006
18648.000000000022
7338.250000000008
19975.00000000002
6852.750000000007
19384.000000000022
6551.750000000006
19074.000000000022
6284.000000000006
19721.000000000022
6073.500000000006
21277.000000000022
5677.2500000000055
21328.000000000025
5795.000000000006
21185.000000000022
5812.5000000000055
21642.000000000022
5501.750000000006
22040.000000000022
5344.5000000000055
23152.000000000022
5268.000000000005
23143.000000000025
5376.2500000000055
22526.000000000022
5547.0000000000055
22117.000000000015
5826.750000000006
22060.000000000025
5556.7500000000055
21964.000000000022
5815.7500000000055
21628.000000000022
7058.500000000007
21910.00000000002
7310.500000000008
21829.000000000025
6974.000000000006
21980.000000000015
7283.000000000008
22255.000000000025
7621.000000000007
22637.000000000025
8211.75000000001
22983.000000000022
9077.000000000011
22482.000000000022
9710.000000000011
21746.000000000025
10236.250000000011
20714.000000000022
10348.75000000001
19718.00000000001
9959.000000000011
18858.000000000015
10833.500000000011
20320.000000000015
12398.250000000013
21606.000000000022
13146.250000000016
22071.000000000022
13388.500000000013
22072.000000000025
13883.250000000015
21852.000000000025
14726.500000000015
21809.000000000022
15991.500000000016
21623.000000000022
17361.00000000002
21146.000000000022
18391.75000000002
20798.00000000002
18773.750000000022
20592.000000000022
18691.750000000022
20653.000000000022
18573.25000000002
20886.000000000022
18744.750000000022
20846.000000000025
18987.000000000022
20303.000000000022
19625.00000000002
19696.000000000015
20292.500000000022
18749.000000000015
20944.500000000022
17822.000000000015
21364.25000000002
17565.000000000022
21657.250000000022
17938.00000000001
21848.000000000022
18221.000000000022
22042.250000000022
18459.000000000022
22221.750000000025
19241.00000000002
22338.250000000025
19116.000000000015
21942.500000000025
19067.000000000022