12463.000000000015
13451.000000000013
12296.500000000013
13092.000000000013
12130.750000000013
12625.000000000016
12019.50000000001
12296.000000000011
11839.000000000015
12046.000000000016
11687.250000000013
11915.000000000011
11518.250000000013
11975.000000000015
11389.000000000013
12343.000000000011
11212.000000000011
12970.000000000015
11076.000000000011
13518.000000000015
10977.750000000013
13878.000000000016
10851.75000000001
14095.000000000011
10747.250000000011
14326.000000000015
10628.250000000013
14103.000000000018
10564.000000000013
13195.000000000011
10702.250000000011
12537.000000000013
11014.250000000011
11781.000000000015
11234.500000000013
10977.000000000013
11316.500000000011
10723.000000000011
11349.250000000011
11003.000000000011
10999.250000000011
10695.000000000011
10452.000000000011
10315.00000000001
10019.750000000011
10498.00000000001
10198.750000000011
10548.000000000007
10421.75000000001
10357.000000000011
10284.250000000011
10240.000000000013
10071.000000000011
10246.000000000011
9110.25000000001
10376.00000000001
8427.750000000007
10455.000000000011
8544.75000000001
10533.000000000007
8269.75000000001
10645.000000000011
7528.500000000007
10712.00000000001
7281.000000000008
10608.000000000011
7247.750000000007
10604.00000000001
7131.500000000007
10696.00000000001
6913.7500000000055
10844.000000000011
6601.250000000008
11056.000000000011
6531.500000000006
11355.000000000013
6151.000000000007
11624.000000000013
6303.7500000000055
11987.000000000013
6500.750000000006
12378.00000000001
6625.500000000006
12737.000000000015
7011.500000000007
13075.000000000011
6786.000000000008
13288.000000000011
6907.000000000008
13332.000000000011
7017.0000000000055
14625.000000000018
8022.750000000009
15469.000000000018
8681.750000000007
14619.000000000013
9307.50000000001
13957.000000000011
9348.00000000001
13857.000000000015
8886.00000000001
13660.000000000015
8926.750000000007
13078.00000000001
9633.000000000011
12533.000000000015
10244.500000000011
12426.000000000013
10381.000000000011
13738.000000000016
10352.500000000011
14125.000000000011
10572.50000000001
13830.000000000016
11432.500000000011
15446.000000000013
12331.000000000013
17621.000000000015
12520.500000000013
17925.000000000022
13044.750000000013
16542.000000000015
13121.500000000013
16434.000000000015
13898.000000000016
15335.000000000015
14161.250000000015
14923.000000000018
14181.500000000015
14622.000000000016
13935.500000000015
14401.000000000016
13713.000000000015
14615.000000000015
14485.750000000011
14639.000000000013
16726.000000000015
14544.000000000016
18808.750000000015
14494.000000000015
18803.50000000002
14392.000000000013
18156.50000000002
14305.000000000016
16404.75000000002
14273.000000000013
15415.500000000013
14307.000000000016
14454.500000000015
14407.000000000016
13439.000000000015
14443.000000000015
12896.750000000013
14544.000000000018
12567.750000000011
14723.000000000015
12475.250000000013
14840.000000000015
12397.500000000015
14837.000000000013
12355.000000000013
14773.000000000016
12310.50000000001
14614.000000000016
12310.250000000013
14338.000000000011
12372.750000000015
13997.000000000016
12482.250000000016
13693.000000000016
12641.250000000013
13391.000000000015
12801.75000000001
13127.000000000013
12915.250000000013
12915.000000000007
13045.500000000013
12782.000000000015
13173.000000000016
12698.00000000001