15815.000000000015
15120.000000000018
16105.250000000016
15382.000000000016
16106.250000000016
15903.000000000016
16430.75000000002
16231.000000000018
16193.750000000016
16292.000000000015
15785.000000000015
16289.000000000016
16145.250000000015
16433.000000000015
16830.50000000002
16271.000000000015
16668.25000000002
16180.000000000016
15849.750000000016
16234.000000000018
15269.250000000016
16338.000000000018
14742.000000000016
16311.000000000018
14447.500000000016
16167.000000000016
14318.500000000015
16006.000000000018
14135.000000000013
15953.000000000016
13978.250000000013
15709.000000000016
13953.000000000013
15564.000000000016
14015.250000000016
15245.000000000016
13979.250000000015
14956.000000000018
14377.750000000015
14599.000000000015
14645.750000000013
14349.000000000013
13799.250000000015
14242.000000000013
12879.750000000013
14431.000000000016
12782.500000000013
14293.000000000011
13198.750000000013
14110.000000000011
13441.250000000015
13804.000000000015
13377.500000000013
13292.00000000001
13577.250000000015
13119.000000000011
14704.500000000013
12826.000000000013
14992.250000000013
12541.000000000011
13678.250000000013
12434.000000000011
11708.250000000011
12364.000000000015
9580.75000000001
11879.000000000007
8182.500000000007
11458.000000000013
8055.250000000007
11021.000000000011
7212.500000000006
10201.00000000001
6899.000000000006
9767.00000000001
7479.500000000006
9916.000000000007
7418.000000000006
10282.000000000007
7953.750000000006
9635.00000000001
7959.500000000008
10347.000000000011
8730.00000000001
10252.000000000013
8965.75000000001
9998.000000000011
8734.50000000001
9194.000000000004
9164.00000000001
10487.000000000007
8971.500000000007
12571.000000000011
9155.00000000001
11423.000000000011
9466.000000000011
11516.000000000013
9708.25000000001
11939.000000000007
9505.500000000011
11095.000000000011
9679.50000000001
10880.000000000013
10168.750000000011
10460.00000000001
10372.000000000011
10347.000000000013
10467.500000000011
10465.000000000013
10795.00000000001
10559.00000000001
10812.000000000011
10721.000000000011
10527.50000000001
10802.000000000013
10951.750000000011
10976.000000000013
10765.000000000013
11587.00000000001
10458.00000000001
11557.000000000011
10725.500000000013
11372.000000000011
11303.750000000011
9800.000000000011
11680.500000000011
8556.000000000005
11677.500000000011
7815.000000000008
12278.250000000013
6773.0000000000055
13013.500000000013
7680.000000000008
13549.000000000013
8563.00000000001
13525.000000000013
8593.00000000001
13937.500000000015
8524.00000000001
17311.500000000015
8823.00000000001
18599.500000000015
8509.00000000001
18155.25000000002
8008.000000000008
18007.50000000002
7715.000000000009
17121.50000000002
7853.000000000008
15484.500000000015
7886.000000000008
15439.250000000015
8171.000000000008
15751.750000000015
8299.000000000005
15564.000000000016
7829.000000000008
15275.250000000015
7774.000000000009
15017.250000000015
8940.000000000011
14721.750000000015
9672.000000000007
14774.750000000016
10033.00000000001
15118.500000000016
10191.00000000001
15555.750000000015
10509.000000000011
16988.25000000002
10899.00000000001
17485.50000000002
10384.00000000001
16127.750000000018
10141.000000000011
15495.250000000018
10280.000000000011
15377.250000000016
10299.000000000011
15197.500000000016
10411.000000000007