24752.50000000003
24284.00000000003
24863.000000000025
24256.000000000022
24834.250000000025
24312.000000000022
24837.000000000025
24384.000000000025
24015.500000000025
24360.00000000002
22811.500000000022
24324.000000000025
22238.000000000025
24414.000000000022
21788.25000000002
24407.00000000002
21746.25000000002
24345.00000000002
21355.250000000022
24408.00000000003
20407.750000000025
24401.00000000003
20061.500000000022
23972.000000000033
19230.250000000025
18043.00000000001
18110.75000000002
13634.000000000013
17344.750000000015
12915.000000000007
16014.250000000016
13754.000000000007
14821.750000000011
14216.000000000011
14375.750000000013
12780.000000000013
14318.000000000016
12834.00000000001
13396.750000000013
11686.000000000011
11771.750000000011
10155.00000000001
10477.750000000011
10502.000000000011
10198.750000000011
11303.000000000011
9459.000000000007
9936.000000000005
8656.250000000007
11653.000000000013
8038.000000000007
13788.000000000015
7475.500000000007
14913.000000000013
7209.500000000006
15114.000000000015
7183.500000000008
16363.000000000016
6736.750000000006
16878.000000000015
6338.0000000000055
16544.00000000002
5989.000000000007
16058.000000000015
5849.250000000007
15239.000000000016
6106.250000000005
14948.000000000011
6253.750000000006
15913.000000000015
6154.500000000006
16148.000000000016
5883.500000000006
15992.000000000016
5806.5000000000055
15549.000000000016
5617.7500000000055
15009.000000000011
5647.000000000006
15858.000000000015
7055.250000000006
16018.000000000018
7567.250000000007
16623.00000000002
7124.000000000006
17226.000000000015
7096.750000000008
16974.00000000002
7245.5000000000055
17132.000000000022
7313.500000000008
16606.00000000002
7505.750000000008
17139.00000000002
7360.000000000008
19276.00000000002
7087.000000000009
19368.000000000022
6938.500000000006
19370.000000000022
6966.250000000007
19417.000000000022
6767.250000000006
19461.00000000001
6952.2500000000055
19418.000000000022
7143.750000000007
19281.000000000022
7011.000000000006
19382.00000000002
7034.000000000006
19311.000000000022
7289.500000000008
19134.00000000002
7416.250000000007
19067.000000000022
7567.250000000008
19168.00000000002
7725.250000000006
19135.000000000022
8286.750000000007
19121.00000000002
8775.50000000001
19243.00000000002
9120.00000000001
19232.00000000001
9460.00000000001
19233.000000000022
9813.500000000011
19298.000000000015
10292.000000000013
19471.00000000002
10539.500000000011
19478.000000000022
10769.250000000011
19595.00000000002
11285.500000000011
19573.000000000015
11851.500000000013
19635.000000000015
12791.000000000015
19591.000000000022
13471.000000000015
19646.000000000022
14641.000000000015
19685.00000000002
15346.750000000015
19664.000000000015
16301.250000000016
19683.000000000022
17157.750000000015
19682.00000000002
18046.75000000002
19675.000000000022
18770.75000000002
19798.000000000022
19913.500000000022
19860.000000000022
20815.750000000022
20105.000000000022
21971.750000000022
20427.000000000015
22663.00000000003
20572.00000000001
22872.000000000022
20844.00000000002
23133.500000000025
20887.000000000025
23673.00000000002
21203.000000000015
24148.50000000003
21876.000000000022
24558.00000000003
22241.000000000025
24826.75000000002
22733.000000000022
24997.500000000025
23532.000000000033
25052.750000000025
24132.00000000003