23056.750000000022
19503.00000000002
23111.250000000025
21055.000000000025
23259.75000000003
21954.000000000025
23551.250000000025
20879.000000000022
22635.750000000022
20012.000000000022
21514.250000000022
20886.000000000022
21472.250000000022
21220.000000000022
21582.250000000025
21375.000000000025
21801.250000000025
21584.000000000015
22170.500000000025
20945.000000000022
22359.750000000025
19568.000000000022
22661.500000000022
19461.00000000001
21997.250000000022
20822.000000000015
21552.250000000022
20177.000000000022
21766.750000000025
16688.00000000001
21799.750000000022
14605.000000000016
20932.000000000022
17632.00000000001
19669.75000000002
19399.00000000001
19651.00000000002
18433.00000000002
19303.500000000022
19787.000000000015
18894.00000000002
21287.000000000022
18360.750000000022
21018.00000000002
17737.75000000002
17955.000000000022
16894.00000000002
17129.00000000001
16178.000000000016
18846.000000000022
16006.750000000018
20390.000000000022
14910.500000000015
21268.000000000025
13865.750000000015
22813.000000000025
12831.250000000011
22543.000000000022
12147.000000000013
19968.000000000022
12041.000000000013
14722.000000000015
11838.000000000015
14285.000000000013
13242.250000000015
17538.00000000002
13870.500000000011
21114.00000000002
13862.250000000013
21436.000000000025
13875.500000000015
21961.000000000025
13870.000000000013
23646.00000000001
14718.750000000018
23906.00000000003
15338.250000000015
23321.000000000025
15285.750000000013
23622.000000000022
15918.500000000015
23681.000000000015
15169.750000000015
23609.00000000003
14904.500000000013
23209.000000000022
14760.750000000015
22806.000000000022
14473.750000000015
21554.000000000025
13529.250000000013
20877.00000000001
13309.750000000013
20488.000000000015
14135.000000000013
21014.000000000022
14046.750000000015
21122.000000000022
13415.250000000015
20746.000000000015
13193.500000000013
21049.000000000022
13802.750000000013
21254.000000000022
14503.250000000016
21261.000000000022
14418.750000000018
22220.000000000025
15223.250000000015
22871.000000000025
18037.500000000022
22159.000000000022
19733.500000000022
21356.000000000015
20182.500000000022
20249.00000000002
21112.750000000022
20128.00000000002
21449.75000000002
20012.000000000022
22098.750000000022
20206.00000000001
22174.500000000025
19383.000000000022
22247.750000000025
18872.000000000015
22730.250000000025
17666.00000000002
22541.750000000025
18398.000000000022
22230.00000000002
21415.000000000025
22364.00000000002
22197.000000000022
22508.50000000002
21221.000000000022
21872.500000000025
18107.000000000022
20576.250000000022
13522.000000000013
19596.75000000002
13279.000000000015
19787.500000000022
11414.000000000013
19208.250000000022
10872.000000000013
18686.250000000022
13301.000000000015
18341.250000000022
15145.000000000015
17736.50000000002
16126.000000000015
16213.000000000015
19037.000000000022
14696.250000000015
19364.000000000022
13613.000000000013
20132.00000000002
13721.750000000016
21178.000000000022
13620.000000000015
21683.000000000025
12905.250000000011
22638.000000000025
13462.250000000013
23301.000000000022
14223.500000000015
23792.000000000015
13343.500000000013
24189.00000000002
12874.750000000013
24247.000000000033
12637.000000000013
24434.000000000025
11979.000000000013
24742.000000000033
11294.25000000001
24854.000000000015
10848.50000000001
25182.00000000002