14160.500000000015
21767.000000000015
13501.500000000013
23554.00000000003
13040.000000000013
23345.000000000015
14166.750000000011
24906.000000000036
15289.250000000015
25471.00000000002
16324.250000000016
25254.000000000015
17605.00000000002
24876.00000000002
17677.00000000002
24904.00000000003
17251.00000000002
25177.000000000025
17994.250000000022
25044.000000000025
18618.25000000002
25042.000000000025
18639.75000000002
25484.00000000002
17896.50000000002
24268.00000000002
17784.000000000022
24457.000000000022
17570.750000000015
25115.000000000015
17172.00000000002
25155.000000000022
16981.75000000002
25215.000000000033
17315.750000000015
25054.00000000003
17163.750000000015
25891.000000000022
16742.75000000002
26316.000000000033
16164.250000000016
25917.000000000022
15361.250000000016
25227.00000000002
15214.500000000016
25054.00000000003
15156.250000000015
24399.000000000022
14995.250000000011
23996.00000000002
14224.500000000015
23628.00000000002
14101.750000000013
24267.000000000025
13627.750000000013
24575.00000000003
13769.750000000015
24406.00000000003
13565.750000000013
24289.00000000003
12944.500000000015
24407.00000000002
12727.250000000015
25409.00000000002
12579.500000000015
25937.000000000033
12255.750000000013
26210.000000000022
11634.250000000013
26898.000000000033
10676.50000000001
27434.00000000003
8792.50000000001
27588.00000000002
8277.00000000001
27852.00000000003
8588.25000000001
28155.000000000025
8166.25000000001
28083.000000000022
6936.000000000007
27942.000000000033
5657.2500000000055
26983.000000000033
5647.7500000000055
25557.00000000003
5648.7500000000055
24214.000000000033
5642.2500000000055
20855.00000000002
5166.5000000000055
18783.000000000025
5102.0000000000055
21668.00000000002
5519.000000000006
20401.000000000025
6369.000000000007
18913.00000000001
7179.500000000007
18367.000000000022
7126.250000000007
18408.00000000001
6821.000000000009
18787.00000000002
6945.000000000006
18533.000000000022
6573.000000000006
18554.000000000022
6438.5000000000055
19621.000000000025
6835.000000000007
21506.00000000002
7455.500000000008
24054.00000000002
8504.25000000001
24349.000000000025
9280.50000000001
25063.00000000003
10021.500000000011
25843.000000000025
10799.500000000013
25081.00000000003
9858.750000000013
23756.00000000003
9250.00000000001
23967.00000000001
8795.00000000001
25090.00000000002
8337.250000000007
25235.000000000033
8273.75000000001
24187.00000000003
8588.00000000001
24595.000000000033
9027.50000000001
24467.00000000002
9619.00000000001
24255.00000000002
10108.750000000011
23982.000000000022
10449.50000000001
23567.000000000025
10882.250000000013
23229.000000000015
11302.000000000011
23100.000000000025
11950.000000000013
23231.000000000025
12181.250000000013
23510.000000000025
12225.250000000011
23639.000000000025
12057.500000000011
23378.000000000022
11557.250000000011
23581.00000000002
11205.750000000013
23654.00000000003
11210.75000000001
23615.00000000002
10985.750000000013
23266.000000000025
10769.250000000011
23273.000000000025
10869.000000000011
22953.000000000022
11316.50000000001
22749.000000000022
12008.250000000013
22746.000000000022
12450.250000000011
22226.000000000022
12961.750000000011
22004.00000000001
13521.500000000016
22319.000000000025
13932.250000000015
22680.000000000022
14216.250000000013
22583.000000000022