80.75000000000007
99.00000000000006
54.25000000000004
2.0000000000000004
3095.250000000003
6435.000000000008
5363.250000000005
11936.00000000001
6090.7500000000055
13614.000000000015
6230.250000000006
12866.00000000001
6294.750000000006
11464.000000000013
6475.500000000007
10127.000000000011
6796.750000000006
8421.000000000011
7369.000000000007
6269.000000000007
8212.00000000001
4914.000000000005
9461.00000000001
5869.000000000005
11562.250000000013
6547.000000000005
13313.750000000015
6577.000000000005
14389.250000000016
6822.000000000006
15278.000000000016
7369.000000000007
15707.500000000015
7929.000000000008
16033.250000000016
8409.000000000004
15709.750000000013
8876.00000000001
12789.000000000015
9079.000000000007
10077.250000000011
9025.000000000007
10643.750000000007
8788.000000000007
9786.500000000007
8524.00000000001
9487.75000000001
8318.00000000001
9211.00000000001
8158.000000000008
9050.250000000007
8087.000000000009
8373.25000000001
7928.000000000009
8050.250000000009
7812.000000000006
8621.25000000001
7684.000000000008
8623.000000000007
7618.000000000008
8579.500000000007
7452.000000000006
9240.750000000007
7134.000000000007
9230.750000000011
6778.000000000008
9568.50000000001
6633.000000000008
10297.75000000001
6740.000000000006
10528.50000000001
6887.0000000000055
10605.75000000001
6728.000000000007
11004.000000000011
8470.00000000001
10689.000000000011
10810.000000000011
10730.750000000011
9945.000000000011
10732.500000000011
9688.000000000007
10356.500000000011
10432.000000000013
9979.750000000011
11227.000000000011
9339.75000000001
12082.000000000005
8573.750000000007
10408.000000000005
8382.250000000007
9461.000000000013
7946.000000000007
9140.000000000013
7385.7500000000055
8699.00000000001
6794.0000000000055
8585.00000000001
6042.0000000000055
9553.00000000001
5309.250000000006
10794.000000000013
4632.7500000000055
11410.000000000013
4483.750000000005
10826.00000000001
4716.2500000000055
12144.000000000005
4390.750000000004
13586.000000000016
4248.750000000004
13826.000000000015
4853.2500000000055
14676.000000000015
4834.5000000000055
15596.000000000016
4787.000000000005
16250.000000000018
4670.250000000005
17206.000000000022
4617.250000000005
16331.000000000016
4918.5000000000055
14928.000000000013
6771.250000000007
11739.00000000001
7184.0000000000055
9102.000000000011
6738.500000000006
7151.000000000009
6184.250000000007
5014.000000000006
5159.250000000005
4216.0000000000055
5913.2500000000055
3999.000000000004
5824.500000000006
4500.0000000000055
5555.750000000006
4958.000000000004
6169.000000000006
5137.000000000004
6664.000000000006
4688.000000000002
6728.750000000006
3767.000000000004
6636.250000000006
2759.000000000003
7029.750000000006
2385.0000000000014
6892.5000000000055
2497.0000000000023
7051.500000000006
2759.000000000003
6895.500000000008
2887.000000000003
6871.0000000000055
2986.000000000004
5109.250000000005
3064.0000000000023
4328.500000000005
3030.0000000000023
4052.000000000004
2816.0000000000027
4107.750000000004
2700.000000000003
4821.750000000005
3242.0000000000027
5764.7500000000055
4426.000000000005
5296.250000000005
5271.000000000005
3352.2500000000027
4829.000000000005
1805.000000000002
2802.0000000000027
44.75000000000004
38.000000000000036
57.25000000000004
104.00000000000006