20510.000000000022
22264.000000000022
20388.00000000002
22442.000000000022
20414.75000000002
22849.000000000022
20314.50000000002
23247.00000000002
20102.000000000022
23329.000000000022
20401.25000000002
23419.000000000022
20607.000000000022
23666.000000000015
20441.50000000002
23677.00000000002
20758.250000000022
23552.000000000025
20973.500000000025
23650.000000000022
21044.750000000022
23686.00000000002
20980.00000000002
23967.000000000022
21130.750000000022
24095.00000000003
21047.250000000022
24184.000000000033
20545.750000000022
24430.000000000025
20642.75000000002
24866.000000000022
20868.00000000002
24983.00000000002
20956.25000000002
24888.000000000025
20576.75000000002
24811.000000000015
20245.00000000002
24767.00000000003
20438.000000000022
24910.00000000003
20322.750000000022
24730.000000000025
20390.000000000022
24464.000000000025
20220.00000000002
23603.000000000022
20497.500000000022
23431.00000000002
20366.75000000002
24233.000000000015
20039.25000000002
24323.000000000015
20019.500000000022
24025.00000000003
19838.00000000002
23754.000000000025
19990.75000000002
23449.000000000022
19710.000000000015
23277.00000000002
18622.25000000002
23111.000000000025
16735.25000000002
23023.000000000025
14811.750000000018
23023.000000000025
13227.500000000013
22152.000000000025
12247.750000000011
21774.000000000022
9594.000000000011
21480.00000000002
6938.000000000006
21420.000000000025
6332.000000000005
19989.000000000025
6582.0000000000055
15560.000000000018
6293.750000000006
14197.000000000013
6663.250000000007
12720.000000000013
6914.000000000008
11454.000000000007
7089.750000000008
10777.000000000007
7623.000000000008
11613.000000000011
7551.250000000006
10904.000000000011
7483.250000000008
11273.000000000013
7046.000000000007
12065.000000000013
6588.750000000006
12862.000000000011
6060.250000000007
11678.00000000001
5837.750000000006
13863.000000000016
5762.000000000006
16959.00000000002
5945.2500000000055
17788.000000000022
6129.500000000006
19501.000000000022
6679.750000000007
19719.000000000022
6772.5000000000055
21632.000000000025
6520.000000000006
22414.000000000022
6389.250000000006
22921.000000000025
6355.500000000006
23033.000000000025
6469.2500000000055
23112.000000000025
6662.2500000000055
22470.000000000025
7012.250000000007
22214.000000000025
7097.750000000006
22103.00000000002
7589.750000000008
22851.000000000022
8378.75000000001
23294.00000000002
8823.50000000001
23066.000000000025
9089.750000000011
22179.000000000025
9131.00000000001
22064.000000000025
9845.50000000001
22632.000000000022
10861.500000000013
22591.000000000022
12001.500000000011
22419.000000000022
12957.500000000015
22694.000000000022
13850.000000000015
22564.000000000022
15358.500000000016
22868.000000000022
16585.75000000002
23499.000000000033
17659.75000000002
23884.000000000025
17328.25000000002
23384.00000000002
18516.75000000002
22669.000000000025
18316.25000000002
22663.000000000025
18876.50000000002
22644.000000000025
19444.000000000022
22563.000000000025
19451.75000000002
22716.000000000022
19149.750000000022
22383.00000000002
18964.000000000015
22511.000000000022
18986.000000000022
22517.000000000022
18988.50000000002
22038.000000000022
18837.25000000002
22095.000000000022
18454.750000000015
22090.000000000025
18285.75000000002
22239.000000000015
18401.00000000002
22497.000000000022