18285.50000000002
16033.000000000015
17066.500000000015
15130.000000000016
17474.250000000015
14752.000000000016
18212.50000000002
12653.00000000001
18706.75000000002
13390.000000000013
18924.25000000002
12786.000000000015
18812.50000000002
13035.000000000015
19201.25000000002
15161.000000000011
19089.500000000022
15476.000000000018
18274.25000000002
14656.000000000016
17928.250000000015
14799.000000000018
18082.250000000015
14924.000000000015
18945.75000000002
13935.000000000016
18773.750000000022
11935.00000000001
18176.00000000002
11324.000000000011
18549.50000000002
13953.000000000013
18472.25000000002
16760.00000000002
17927.75000000002
19255.000000000022
17320.75000000002
18252.00000000002
16945.00000000002
16039.000000000016
17307.50000000002
16394.00000000002
18238.250000000022
16462.000000000022
18345.25000000002
17374.00000000001
17309.250000000022
19237.000000000015
17289.75000000002
18663.00000000002
17711.50000000002
19646.000000000022
16974.25000000002
19247.000000000022
16870.750000000022
17454.000000000015
16688.000000000015
18491.000000000015
16729.750000000015
19961.00000000002
15687.000000000018
18694.000000000022
14796.750000000015
18935.000000000025
13957.500000000013
17784.00000000001
12720.250000000013
16447.000000000022
11994.750000000013
15776.000000000018
11838.000000000011
15315.000000000016
10926.000000000011
15711.000000000015
9877.000000000011
16954.000000000015
9514.750000000011
17840.00000000002
9834.750000000011
16200.000000000018
10064.250000000007
15647.000000000016
10124.25000000001
16787.000000000015
9630.250000000007
15722.000000000015
10096.25000000001
15489.000000000016
10463.000000000011
16572.000000000015
10561.500000000011
16541.000000000015
10860.500000000013
16376.000000000018
10497.250000000011
14380.000000000013
9746.75000000001
14868.000000000016
9932.500000000011
14871.000000000015
10556.000000000011
13917.00000000001
10270.500000000011
11385.000000000011
9898.500000000011
8823.000000000005
11147.75000000001
7384.000000000007
11127.000000000013
5556.000000000004
10859.000000000011
4362.000000000003
10640.750000000007
3802.000000000004
10536.25000000001
3419.000000000004
10517.750000000011
3607.0000000000036
11187.000000000011
3727.0000000000036
11579.000000000011
3760.0000000000036
12084.000000000015
3697.000000000003
11609.50000000001
3833.0000000000036
11475.000000000011
4219.000000000004
12197.000000000013
3869.000000000004
12431.250000000013
3838.0000000000045
13238.250000000013
4052.000000000004
13647.000000000013
4169.000000000004
13184.000000000015
4540.000000000005
13137.000000000013
4571.000000000005
14218.000000000015
4866.0000000000055
15593.250000000015
6603.000000000006
15732.750000000016
8906.00000000001
15584.250000000013
10183.000000000013
15584.500000000013
12516.00000000001
15539.500000000018
14852.000000000013
13970.750000000013
15486.000000000018
13806.750000000013
16393.00000000002
14522.000000000016
16710.000000000015
15456.000000000013
17190.00000000001
17054.750000000015
18011.00000000001
18261.25000000002
18847.00000000002
19677.250000000015
18828.000000000015
20159.75000000002
17405.00000000001
18824.25000000002
18502.000000000022
18341.250000000022
20676.00000000002
18900.250000000022
20445.000000000025
18595.50000000002
18774.00000000001
18955.00000000002
18939.00000000002
19145.50000000002
19277.000000000025