16034.500000000016
15445.000000000013
16039.250000000018
15302.000000000018
16129.500000000016
15233.000000000013
16119.000000000016
15067.000000000011
16057.250000000016
14944.000000000016
15932.000000000016
15235.000000000016
15782.250000000018
15930.000000000016
15766.750000000015
16526.000000000015
15941.750000000013
16766.000000000022
16341.250000000013
16793.00000000002
16558.50000000002
16691.000000000022
16630.250000000022
16517.00000000002
16641.75000000002
16262.000000000015
16596.000000000022
15567.000000000018
16470.750000000015
14513.000000000015
16412.50000000002
14033.000000000011
16210.250000000016
13900.000000000015
16138.000000000015
13885.000000000013
16457.750000000015
14088.000000000007
16855.000000000015
14853.000000000016
17346.50000000002
15909.000000000015
17949.50000000002
16946.00000000001
18682.50000000002
18050.000000000015
18991.250000000022
18891.000000000022
19568.50000000002
19574.000000000015
21161.500000000022
20072.000000000022
22334.000000000025
20056.000000000022
21975.750000000022
19816.000000000015
21548.250000000022
19412.00000000002
21843.500000000022
18886.000000000015
21326.000000000022
18394.00000000001
20766.750000000015
17923.000000000022
20800.000000000022
17572.000000000022
19394.00000000002
17202.00000000002
17350.250000000015
17070.00000000001
16469.50000000002
17191.00000000001
15317.750000000016
16129.000000000016
13468.750000000013
15545.000000000018
12482.000000000015
17162.000000000022
12224.000000000013
18834.00000000001
12326.500000000013
18430.000000000015
11996.500000000013
18358.000000000022
11955.250000000013
18837.000000000022
12241.750000000013
19690.00000000002
12450.250000000011
19675.000000000022
12478.000000000011
18901.00000000002
12729.250000000013
20644.000000000022
13437.250000000013
22725.000000000025
13808.000000000015
23334.000000000015
13091.250000000011
23564.00000000002
11631.750000000011
22760.000000000025
12579.500000000015
22864.000000000025
14067.500000000016
19813.000000000022
14527.000000000015
17956.000000000022
15216.750000000015
18432.000000000015
16773.25000000001
18794.000000000022
17225.75000000002
17898.000000000015
17231.00000000002
17085.00000000001
17392.25000000002
19955.000000000015
17484.25000000002
20911.000000000022
17463.000000000015
19362.000000000022
16366.000000000016
20429.000000000022
15010.250000000016
22912.000000000025
15150.000000000015
24029.000000000022
14683.000000000018
25064.000000000025
14466.000000000015
24145.000000000025
13963.250000000016
22920.000000000022
13729.500000000011
20336.00000000002
14119.000000000013
20225.000000000022
15441.000000000015
18646.000000000007
16100.000000000016
18224.00000000002
17522.00000000002
15538.000000000016
19914.500000000022
15115.000000000015
21733.750000000022
16964.00000000002
23277.500000000022
18692.000000000022
22918.750000000025
19025.000000000015
21202.500000000022
18912.000000000022
19362.25000000002
19086.000000000015
18848.25000000002
17849.000000000022
19012.25000000002
16525.000000000015
19423.00000000002
16288.000000000016
18585.75000000002
15488.000000000016
19489.00000000002
14037.000000000018
19440.25000000002
13032.00000000001
19327.250000000022
13164.000000000016
19643.000000000022
13393.000000000011
19032.50000000002
13980.000000000015
18468.500000000022
12529.00000000001
18079.00000000002
13318.000000000011
18456.25000000002
13268.000000000013