23472.250000000022
24163.00000000002
22892.000000000025
25982.000000000015
23209.500000000022
25742.000000000025
23563.000000000022
24391.00000000003
23700.750000000025
23753.00000000001
23775.750000000025
24126.000000000025
24433.00000000003
24120.000000000025
24815.000000000025
21538.000000000015
24550.25000000003
20188.00000000002
24358.50000000003
21846.000000000025
24943.750000000025
22193.000000000022
24840.250000000022
21187.000000000022
24201.500000000025
19985.000000000015
23705.000000000025
19621.000000000022
23409.250000000022
19109.00000000001
22693.000000000022
20040.000000000022
21742.250000000022
21011.00000000002
22159.750000000025
23281.00000000002
23239.500000000022
26042.000000000015
24402.250000000022
26237.000000000025
24119.250000000025
25729.000000000025
22712.75000000002
24304.00000000003
23332.000000000022
23604.000000000015
24313.250000000033
24357.000000000025
24076.500000000025
24308.000000000025
24200.000000000022
25023.000000000033
22206.250000000022
24095.00000000003
20486.500000000022
22891.000000000022
19268.000000000022
21114.000000000022
17650.75000000002
19893.000000000015
16646.00000000002
19258.00000000002
15691.500000000013
19806.00000000002
15287.250000000015
17445.00000000002
15126.250000000016
17388.00000000001
14383.750000000015
18295.000000000015
13247.250000000015
17900.000000000022
12181.750000000011
19669.00000000002
11490.500000000011
17955.000000000022
11777.500000000015
18118.00000000002
11457.750000000013
17840.00000000002
11080.500000000011
18123.000000000015
10682.250000000011
19748.00000000002
10815.750000000011
19228.00000000002
10921.750000000011
17829.00000000002
11130.750000000013
18269.00000000002
11775.750000000011
18301.00000000002
11843.000000000013
18335.000000000022
12062.50000000001
19058.000000000022
12797.000000000015
20294.00000000002
12794.250000000013
20091.000000000015
13058.250000000013
20647.00000000002
14059.500000000015
19445.00000000001
14407.500000000011
17352.00000000002
14161.500000000016
17527.00000000001
13649.500000000015
18619.00000000002
14009.000000000013
18123.000000000022
14166.250000000013
20033.000000000025
15016.750000000016
21753.000000000022
15046.500000000016
20699.000000000022
15031.500000000015
20370.000000000022
15797.750000000015
19804.000000000022
16249.250000000018
20862.000000000022
16584.50000000002
21279.000000000015
16443.500000000015
21713.000000000025
16580.25000000002
22740.000000000025
18170.25000000002
24153.000000000022
22201.750000000022
23996.00000000002
23439.50000000002
23272.000000000015
22630.750000000022
20338.000000000022
22014.000000000025
18207.00000000002
19963.50000000002
18449.00000000002
21536.250000000022
20333.00000000002
23024.250000000022
22238.000000000022
22796.000000000025
22261.00000000003
22168.50000000002
21588.000000000025
22064.500000000022
21728.000000000022
22311.000000000022
21261.000000000022
21997.250000000025
20206.000000000022
21265.00000000002
19099.000000000022
20153.500000000022
19076.00000000002
19934.25000000002
19652.00000000002
20261.250000000022
21028.000000000022
20904.750000000025
19717.00000000002
21679.000000000022
17709.00000000001
22061.750000000025
19538.000000000022
21748.50000000002
19362.00000000002
21473.500000000022
19264.000000000022
22448.500000000025
19268.000000000015
22460.750000000022
19135.00000000002
21400.75000000002
20389.00000000001