14038.250000000015
21846.000000000025
13458.500000000013
23402.00000000001
13041.000000000015
23350.00000000003
14085.250000000013
24782.00000000003
15184.750000000015
25329.000000000015
16293.750000000018
25075.00000000002
17483.25000000002
24735.000000000033
17584.75000000002
24817.000000000033
17248.250000000015
24916.000000000033
17961.00000000002
24832.00000000003
18521.000000000022
24954.00000000003
18534.50000000002
25273.000000000025
17884.25000000002
24256.000000000022
17718.00000000002
24512.00000000002
17524.750000000022
25066.00000000003
17164.75000000002
25127.000000000022
16965.00000000002
25039.000000000025
17235.00000000002
25047.00000000002
17111.750000000015
25857.000000000022
16707.500000000015
26177.000000000025
16116.000000000016
25813.000000000033
15324.000000000016
25172.00000000001
15115.250000000016
24864.000000000033
15087.750000000015
24254.000000000033
14897.000000000013
23824.000000000025
14186.000000000016
23504.00000000002
14014.500000000015
24109.000000000015
13605.000000000015
24368.000000000015
13722.000000000016
24219.00000000002
13537.250000000013
24245.000000000022
12926.000000000015
24379.000000000025
12681.750000000011
25198.00000000003
12503.750000000011
25840.00000000003
12208.000000000013
26051.00000000002
11552.750000000013
26776.000000000015
10620.000000000011
27353.000000000022
8793.50000000001
27570.000000000025
8194.000000000007
27817.000000000036
8504.000000000007
28026.000000000015
8101.500000000007
27794.000000000022
6948.250000000008
27741.000000000033
5671.500000000005
26760.000000000033
5575.750000000006
25247.000000000022
5591.0000000000055
24132.000000000033
5544.2500000000055
21072.00000000002
5110.750000000005
18700.000000000022
5060.750000000006
21189.000000000025
5455.750000000006
20243.000000000015
6265.000000000006
18759.00000000001
7037.500000000006
18073.000000000022
7048.000000000006
18177.00000000002
6780.0000000000055
18449.000000000022
6883.750000000008
18287.000000000022
6563.250000000007
18258.00000000001
6391.000000000007
19419.000000000022
6811.250000000008
21181.000000000022
7371.750000000007
23627.000000000025
8316.000000000007
24183.000000000022
9193.750000000011
24819.00000000003
9859.250000000007
25520.00000000003
10657.750000000013
24949.000000000025
9852.25000000001
23689.000000000025
9191.25000000001
23884.000000000022
8745.250000000011
24877.000000000025
8300.75000000001
25074.000000000025
8198.00000000001
24086.00000000002
8467.500000000007
24330.00000000002
8929.250000000007
24260.000000000022
9522.25000000001
24072.00000000003
9966.250000000011
23834.000000000022
10326.50000000001
23502.00000000003
10790.750000000013
23087.000000000022
11192.500000000015
22953.000000000025
11780.250000000011
23093.000000000022
12074.500000000015
23287.000000000015
12145.000000000011
23475.000000000025
12023.500000000013
23351.000000000025
11564.750000000013
23458.000000000025
11178.500000000011
23455.00000000003
11122.250000000011
23440.000000000025
10947.750000000011
23058.000000000022
10748.250000000011
23095.000000000025
10777.750000000011
22734.000000000025
11215.50000000001
22645.000000000022
11863.500000000015
22483.000000000025
12368.500000000013
22036.000000000022
12838.000000000013
21952.000000000025
13374.750000000016
22132.000000000022
13813.000000000016
22533.000000000025
14106.500000000015
22422.000000000015