17921.250000000015
17856.00000000002
17917.00000000002
17912.000000000015
17941.00000000002
17998.00000000001
17991.500000000015
18105.00000000001
18045.000000000015
18129.000000000022
18088.00000000002
18135.000000000022
18152.50000000002
18097.000000000015
18224.750000000022
18086.00000000002
18232.250000000022
18070.00000000002
18250.500000000022
18085.00000000002
18347.00000000002
18076.000000000022
18463.50000000002
18118.00000000001
19130.75000000002
18144.000000000022
19470.00000000002
18222.00000000002
19865.50000000002
18258.00000000001
20034.75000000002
18314.00000000002
19955.250000000022
18368.000000000015
18714.00000000002
18434.000000000022
18104.75000000002
18569.000000000015
17614.500000000015
18698.000000000022
17812.00000000002
18822.000000000022
17855.250000000015
18988.00000000001
16623.75000000002
19094.000000000022
16825.25000000002
19209.000000000025
17127.250000000022
19270.000000000022
16591.500000000015
19305.00000000002
15887.250000000013
19326.000000000022
16233.750000000013
19361.000000000015
16307.250000000015
19375.000000000015
15763.750000000016
19383.00000000001
15287.250000000015
19392.000000000022
15417.250000000011
19414.00000000001
15177.000000000015
19429.000000000025
14678.250000000016
19449.000000000022
14578.500000000013
19466.000000000015
14950.500000000013
19514.000000000022
14728.000000000016
19561.000000000022
14556.500000000015
19582.00000000001
15031.250000000015
19588.000000000015
14473.000000000015
19561.000000000022
15109.250000000015
19567.000000000022
14118.750000000015
19563.00000000002
11926.250000000015
19573.000000000015
12570.750000000015
19609.00000000002
14058.500000000015
19626.00000000002
14420.000000000013
19608.000000000022
13799.500000000015
19608.000000000022
14050.750000000013
19583.000000000022
13831.500000000013
19573.000000000015
13739.250000000015
19543.000000000015
13945.500000000013
19497.000000000015
13530.750000000013
19432.000000000022
13152.750000000015
19401.000000000022
12429.500000000013
19375.000000000015
12170.500000000013
19230.00000000002
12648.750000000013
18268.00000000002
12980.250000000013
17167.000000000015
13364.250000000015
16165.000000000016
13666.750000000015
15415.000000000018
13525.000000000016
15390.000000000016
13545.250000000013
15401.000000000016
13887.000000000013
15337.000000000018
14491.750000000013
15355.000000000013
14218.500000000016
15516.000000000018
14266.250000000015
15255.000000000018
14769.500000000015
15311.000000000016
15711.750000000015
14859.000000000013
15899.500000000016
15393.000000000015
16771.50000000002
16689.00000000001
17174.500000000015
17741.000000000022
18710.00000000002
17950.00000000001
20864.000000000022
17860.00000000001
21740.250000000022
17795.00000000002
21276.500000000022
17694.00000000001
21244.500000000022
17622.000000000015
20963.000000000025
17508.00000000001
19927.250000000022
17314.00000000001
18681.50000000002
17079.000000000007
18545.75000000002
16898.00000000002
19273.75000000002
16632.000000000015
19485.00000000002
16420.000000000015
19061.75000000002
16196.000000000015
18820.750000000022
16026.000000000016
18417.00000000002
15859.000000000016
17812.25000000002
15633.000000000016
17371.000000000015
15373.000000000016
17295.75000000002
15109.000000000018
17156.75000000002
14841.00000000002
16976.00000000002
14571.00000000001
16909.50000000001
14331.000000000016