18058.250000000015
19500.000000000022
18249.50000000002
20078.000000000025
18656.500000000022
20438.000000000022
19309.50000000002
20486.000000000022
19440.500000000022
20851.000000000022
18935.00000000002
21006.000000000025
18514.50000000002
20499.000000000022
18449.00000000002
20959.000000000015
18819.750000000015
20353.000000000022
19182.00000000002
20602.00000000001
19041.500000000022
21345.000000000022
19033.00000000002
19997.000000000022
18732.75000000002
18243.00000000001
18134.50000000002
17198.000000000015
18094.000000000022
17163.000000000022
19180.00000000002
18316.00000000001
19697.00000000002
19849.000000000025
19575.500000000022
20426.000000000015
19787.00000000002
19779.000000000022
19609.25000000002
18111.000000000015
19156.50000000002
18569.000000000015
19370.50000000002
18228.000000000022
19275.25000000002
18077.00000000002
18973.00000000002
17907.000000000022
18697.500000000022
16639.00000000002
17848.25000000002
15820.000000000015
17121.50000000002
16142.000000000015
16869.500000000015
17625.000000000015
16324.750000000016
17734.00000000002
14878.500000000016
17408.000000000015
14520.750000000015
17628.00000000002
14343.250000000015
19313.000000000015
14342.500000000015
20672.000000000025
14424.000000000013
19938.000000000015
13891.500000000013
20217.000000000022
13033.750000000013
21106.000000000022
13042.250000000013
22105.000000000025
12500.000000000013
23266.000000000025
12110.750000000011
23974.000000000025
12113.250000000013
23393.000000000022
12432.750000000013
23066.000000000025
12564.500000000015
23400.000000000025
12506.000000000013
21572.000000000025
12358.750000000013
20193.000000000022
11911.000000000011
19177.000000000015
11333.000000000013
20254.000000000022
10187.000000000011
19810.000000000025
9151.75000000001
19096.00000000002
9049.00000000001
19991.00000000002
9506.750000000007
19961.00000000002
9463.000000000011
19094.00000000001
9068.00000000001
19413.00000000002
8166.000000000008
18606.000000000022
7131.000000000007
18294.000000000015
7076.250000000007
17895.000000000022
7765.000000000007
16949.00000000002
7360.000000000008
16410.00000000002
6867.250000000007
15325.000000000016
7258.750000000006
14634.000000000013
7051.500000000008
13156.000000000015
7058.250000000007
13632.000000000016
8117.500000000008
15670.000000000015
8198.50000000001
16783.000000000015
7396.750000000007
17582.00000000002
7237.000000000007
17779.00000000002
7833.250000000009
17602.000000000022
10048.00000000001
16210.000000000016
11105.50000000001
15858.000000000018
11291.000000000011
18146.00000000002
11551.000000000013
18269.00000000002
12627.250000000013
18365.000000000022
12301.000000000013
18474.000000000022
13699.000000000015
18805.000000000022
15099.750000000018
18181.000000000022
16158.250000000015
17753.00000000001
16263.250000000015
17640.000000000015
16740.75000000002
17021.00000000001
18631.000000000022
16684.00000000002
20111.00000000002
17302.000000000015
19826.25000000002
17227.000000000015
18747.000000000015
16546.00000000002
18530.25000000002
16166.000000000015
17987.50000000002
15152.000000000015
18701.250000000022
15294.000000000013
17971.75000000002
16574.000000000015
17768.25000000002
16909.000000000015
17255.50000000002
16510.000000000015
17178.50000000002
18003.000000000015
16476.500000000015
17845.00000000001
16690.250000000015
18269.00000000002