19309.750000000022
18496.00000000002
18596.75000000002
18819.00000000002
18006.75000000002
17999.00000000001
17322.75000000002
16207.000000000018
16972.250000000015
16026.000000000016
17261.500000000015
16582.00000000001
18063.25000000002
16999.000000000015
18684.25000000002
16312.000000000013
19137.750000000022
16463.000000000015
19592.250000000022
16632.000000000015
19837.750000000022
17077.00000000002
20207.25000000002
18177.00000000002
20335.500000000025
17921.00000000001
20161.500000000022
17350.000000000015
20360.250000000015
18130.00000000002
20862.25000000002
17370.00000000002
20298.000000000022
17789.000000000015
19116.250000000022
17751.00000000002
19750.750000000022
17724.00000000001
19541.250000000022
17574.000000000022
18256.00000000002
15940.000000000016
16398.000000000015
15105.000000000018
14824.000000000016
12711.000000000015
14214.250000000013
11256.000000000011
14031.250000000016
11819.000000000007
13868.250000000015
11858.00000000001
13746.250000000015
11181.000000000013
13273.750000000015
10041.00000000001
12985.750000000013
8093.000000000009
12821.000000000013
9335.000000000011
12474.000000000013
9503.000000000011
12277.500000000013
9788.000000000013
12293.000000000011
11776.000000000013
12150.250000000013
14069.00000000001
12379.250000000013
15033.000000000016
12621.00000000001
15045.000000000013
12994.500000000013
14139.000000000015
13473.250000000011
13814.000000000016
13067.750000000011
13409.000000000011
12852.750000000011
12962.000000000007
12757.750000000013
12568.000000000013
13054.750000000015
13391.000000000015
13568.500000000011
13792.000000000015
13694.750000000011
14057.000000000018
14069.500000000015
14008.000000000018
14856.750000000018
14171.000000000011
15114.750000000015
13850.000000000015
15681.000000000015
13132.000000000016
16169.500000000016
11431.000000000013
16423.75000000002
10501.000000000011
16193.500000000018
10352.000000000011
16273.75000000002
9340.00000000001
16152.750000000018
8564.00000000001
16218.500000000016
8255.000000000007
16375.750000000016
7791.000000000009
16193.50000000002
6698.000000000008
16009.250000000018
6514.0000000000055
15525.750000000018
7311.000000000008
15523.250000000016
6921.000000000007
16081.750000000013
6786.000000000006
15965.250000000016
7670.000000000008
15785.000000000016
7038.000000000008
16610.750000000015
6995.000000000008
16829.500000000015
7862.000000000008
17309.75000000002
8322.000000000005
17760.25000000002
7761.000000000008
17131.750000000015
7015.000000000006
17110.00000000002
6314.000000000006
17174.000000000015
7235.000000000008
17361.00000000002
8914.000000000005
17898.250000000015
9921.000000000005
16857.00000000002
11773.000000000007
16100.500000000018
15335.000000000015
16370.750000000016
16961.00000000001
17328.75000000002
16408.00000000002
17836.00000000002
15967.000000000015
17316.00000000002
16970.000000000015
16978.25000000002
17842.00000000002
17698.000000000015
17676.00000000001
18341.50000000002
17042.000000000015
19060.25000000002
18527.00000000002
19373.75000000002
20748.000000000025
19139.00000000002
22136.000000000025
19391.500000000022
20108.00000000002
19299.500000000022
20172.000000000025
19107.50000000002
21293.000000000022
18269.50000000002
20751.00000000002
18082.50000000002
19787.000000000015
18102.25000000002
19365.00000000002
17906.50000000002
20138.000000000025