0.0
0.0
0.0
0.0
3775.7500000000045
3456.0000000000036
16008.750000000016
15126.000000000013
12539.500000000015
12719.000000000013
13012.750000000015
13679.000000000013
13017.750000000013
12196.00000000001
13414.000000000013
12552.000000000013
13947.500000000016
14797.000000000015
13818.250000000016
14652.000000000016
13252.250000000013
13815.000000000016
12232.500000000015
13630.000000000013
12023.250000000013
12973.00000000001
11833.750000000011
14211.000000000007
12982.750000000013
13070.000000000013
12533.500000000011
13191.000000000013
14229.500000000013
15067.000000000016
15361.000000000016
13570.000000000007
16360.750000000016
12780.000000000011
16396.500000000015
12179.00000000001
16174.500000000016
10880.00000000001
16261.000000000018
9342.000000000005
15536.750000000016
8374.000000000005
14499.250000000015
8783.00000000001
13349.500000000016
8740.000000000011
12300.500000000011
9077.00000000001
11877.000000000013
10249.000000000011
12634.250000000011
11942.000000000013
13845.500000000015
13168.000000000015
14468.750000000015
13946.000000000018
14413.000000000016
14584.000000000013
14385.500000000013
15781.000000000018
13011.500000000013
15797.000000000016
11426.500000000013
15697.000000000015
10439.250000000013
16113.000000000018
9058.00000000001
15254.000000000015
8274.750000000007
13238.000000000013
7013.500000000008
11018.000000000013
6291.000000000006
10081.000000000011
6260.0000000000055
11080.000000000013
6487.250000000007
10908.000000000013
6637.7500000000055
10820.000000000013
6085.500000000006
11782.00000000001
5695.2500000000055
13138.000000000018
5617.500000000005
13389.000000000013
5684.2500000000055
11818.000000000007
6180.2500000000055
11613.000000000011
6302.000000000006
14455.000000000016
6682.000000000007
15223.000000000016
7247.500000000007
15352.000000000018
7155.500000000007
16564.00000000001
7419.000000000007
17403.00000000001
7884.750000000008
15141.000000000016
8250.00000000001
13680.000000000016
8785.50000000001
14052.000000000015
8565.75000000001
13869.000000000015
8729.75000000001
13704.00000000001
9180.00000000001
13336.000000000015
8961.250000000011
14817.000000000015
8965.00000000001
15192.000000000015
9282.500000000011
16129.000000000016
9333.50000000001
16572.000000000015
9124.75000000001
16073.000000000016
9485.500000000011
15749.000000000018
10596.000000000011
15964.000000000016
10594.750000000011
16200.000000000018
10483.500000000011
16390.000000000015
11360.750000000013
16416.000000000022
12587.500000000013
16476.00000000001
13493.250000000013
15716.000000000015
15278.750000000015
15520.000000000013
17257.500000000015
16349.000000000016
16871.750000000015
16072.000000000018
15843.750000000015
15235.000000000015
14297.000000000015
14670.000000000015
13117.750000000013
13680.000000000015
12096.250000000013
14019.000000000011
11508.250000000011
14963.000000000011
11270.000000000013
16613.00000000001
11732.500000000013
17130.00000000001
12224.000000000013
16745.00000000002
12552.500000000013
17073.000000000015
12732.500000000015
16646.000000000015
13085.000000000016
15304.000000000018
13662.500000000013
15984.000000000015
13303.000000000015
14942.000000000016
17354.250000000015
16879.00000000002
3711.7500000000036
4717.0000000000055
0.0
6700.000000000007
0.0
2016.0000000000023