23602.250000000022
25391.000000000025
23440.00000000002
25594.00000000003
23166.500000000022
25106.000000000033
23272.750000000022
24907.000000000025
23076.250000000022
24708.000000000025
22664.500000000025
22605.000000000022
22420.250000000022
21946.000000000025
22182.000000000022
21208.00000000002
22359.500000000022
20911.000000000022
21461.000000000022
21504.000000000022
20987.250000000022
20513.000000000022
20960.250000000022
20450.000000000025
20886.750000000022
19373.000000000022
21648.000000000025
19422.000000000015
21911.25000000002
18533.000000000022
21644.000000000025
20285.000000000022
21492.500000000022
23223.000000000015
21069.25000000002
21576.00000000002
21201.750000000025
20816.000000000022
21352.500000000022
20684.000000000022
21355.250000000022
19959.00000000002
21402.500000000022
19850.000000000022
21039.750000000025
21119.000000000022
20535.500000000022
21439.000000000022
20461.750000000022
21128.000000000025
19907.50000000002
19809.00000000002
19068.25000000002
20718.000000000025
17839.25000000002
21563.000000000022
16274.250000000015
21264.000000000015
16703.75000000002
19996.000000000022
17146.000000000015
20517.000000000015
17192.25000000002
20675.000000000022
17073.50000000002
19784.000000000022
17068.75000000002
19489.00000000002
16884.25000000002
20149.000000000022
17235.25000000002
19420.000000000015
16934.25000000002
17900.000000000022
15934.750000000015
18542.00000000002
15737.500000000015
19360.000000000015
15519.500000000016
20509.00000000002
15297.000000000016
20738.00000000002
15121.500000000015
20482.000000000022
14904.750000000015
21807.000000000025
15331.000000000015
22183.000000000022
14697.250000000015
24027.000000000033
13629.500000000015
26275.000000000025
12715.000000000011
27289.000000000022
12263.750000000011
27076.00000000003
12553.750000000015
26319.00000000003
13010.750000000013
26128.00000000002
13498.000000000015
25960.000000000033
13694.000000000016
23500.000000000022
13124.750000000013
22664.000000000022
12729.250000000015
22703.000000000022
12700.750000000011
23626.00000000002
12774.250000000011
22839.000000000025
12294.750000000013
21810.000000000022
12569.500000000013
19680.000000000015
13026.000000000011
19653.000000000022
12737.750000000015
19743.000000000022
12457.250000000013
20508.00000000002
11818.500000000011
19752.000000000022
11273.750000000011
19301.000000000022
11365.750000000011
19622.000000000025
11812.500000000013
18166.00000000001
12441.750000000013
19226.00000000002
13145.000000000013
21372.000000000022
13553.250000000013
20873.000000000025
14306.250000000011
20098.00000000002
15078.500000000015
17618.00000000001
15415.250000000015
16985.000000000015
15801.750000000018
19047.00000000002
15171.250000000018
19376.000000000015
15238.500000000016
17138.000000000022
15902.250000000015
15418.000000000016
17032.000000000015
16000.000000000015
17390.000000000015
17493.00000000001
17616.75000000002
18477.000000000015
17854.25000000002
19114.000000000022
18409.50000000002
19325.000000000022
19280.25000000002
19315.000000000015
18587.750000000022
19275.00000000002
17593.000000000015
19561.000000000022
17333.75000000002
20018.00000000002
17702.75000000002
20846.00000000001
17083.500000000015
19603.000000000015
16189.500000000015
20150.000000000022
16681.75000000002
20312.000000000022
16187.000000000015
19747.00000000002
17108.75000000002
20277.000000000022