8693.000000000007
8558.000000000005
9062.25000000001
8148.000000000008
9208.50000000001
8638.00000000001
9075.75000000001
9622.00000000001
9044.250000000007
10245.000000000011
8825.000000000007
10672.000000000013
8474.00000000001
11516.000000000011
8330.25000000001
12421.000000000015
8262.000000000007
13086.000000000015
8332.750000000007
14134.000000000016
8557.25000000001
15461.000000000018
8589.25000000001
16404.000000000015
8459.500000000007
17219.00000000002
8496.250000000007
16867.00000000002
8799.250000000007
18085.00000000002
9045.75000000001
19087.000000000022
8966.750000000007
18740.00000000002
8932.500000000011
17315.00000000002
9003.50000000001
16889.000000000022
9171.750000000011
16116.000000000016
9342.500000000007
15795.000000000016
9601.75000000001
14332.000000000016
9817.25000000001
13575.000000000016
10303.250000000011
12995.000000000015
10537.750000000011
11942.000000000013
10905.250000000013
11166.000000000013
11329.000000000011
10348.000000000011
11613.500000000013
9671.000000000011
11933.750000000013
9243.000000000011
12088.750000000013
9178.000000000004
12173.000000000011
8380.00000000001
11681.750000000011
7885.000000000007
11148.000000000011
7997.000000000009
10845.250000000013
7794.000000000008
10983.75000000001
7202.000000000005
11542.250000000013
6401.000000000006
11661.750000000013
5981.0000000000055
11563.500000000013
6348.000000000007
11310.00000000001
6926.000000000007
11036.500000000011
7449.000000000006
11131.750000000011
7863.000000000008
10934.000000000011
7981.000000000011
10509.25000000001
8113.000000000007
10378.000000000011
8132.000000000007
9978.00000000001
7638.000000000006
8855.50000000001
7053.000000000006
7896.750000000007
6938.000000000004
7270.750000000008
7320.000000000008
7268.500000000007
7827.000000000007
7184.5000000000055
8119.000000000008
7028.500000000008
8415.000000000007
7159.000000000008
8572.000000000005
7171.500000000007
8616.00000000001
7346.750000000007
8687.000000000005
7481.750000000006
8339.000000000007
8176.500000000009
7814.000000000008
8417.750000000007
7529.000000000009
8181.250000000007
7491.000000000009
8650.500000000007
7549.000000000009
8741.50000000001
7694.000000000008
9005.250000000007
8247.000000000007
9517.75000000001
8700.00000000001
10040.00000000001
8627.000000000011
10668.75000000001
7994.000000000009
11103.750000000011
7428.0000000000055
11469.750000000011
7082.000000000008
11281.500000000011
7239.000000000007
10774.75000000001
7344.000000000008
12409.750000000013
7557.000000000008
13325.500000000015
8148.000000000008
12733.750000000011
8572.00000000001
11619.750000000011
8982.00000000001
11222.750000000011
9285.000000000011
11302.500000000011
9431.00000000001
11085.500000000013
9337.000000000007
10904.500000000011
8983.000000000005
10854.250000000011
8435.000000000005
10737.50000000001
8301.000000000007
10152.000000000011
8579.000000000005
10072.75000000001
9053.000000000005
10214.50000000001
9094.000000000007
10230.750000000011
8954.000000000005
10160.75000000001
9344.000000000007
9604.25000000001
9964.000000000013
9372.00000000001
9757.000000000011
9255.50000000001
8579.000000000005
9217.250000000011
8135.000000000008
8993.500000000007
8668.000000000011
8893.50000000001
8904.000000000011
8845.750000000011
8714.00000000001