23359.25000000003
21884.000000000022
23121.500000000025
21465.000000000025
22871.500000000025
21302.00000000002
22682.250000000025
21021.000000000025
22389.250000000022
20815.00000000002
22061.000000000025
20526.000000000022
21850.500000000022
20941.000000000022
21762.250000000025
21542.00000000002
21577.50000000002
22051.000000000025
21470.000000000025
22562.000000000025
21485.750000000022
22875.000000000022
21549.500000000025
23016.000000000022
21303.250000000022
23106.000000000025
20885.25000000002
23385.000000000025
20710.750000000025
23466.00000000001
20205.750000000022
21217.000000000022
19753.50000000002
16696.000000000015
19384.00000000002
14631.000000000018
18058.750000000022
13921.000000000007
17134.500000000015
13919.000000000013
16456.25000000002
15119.000000000013
15179.500000000018
13413.00000000001
13816.750000000015
13127.000000000015
12614.750000000013
13718.00000000001
12312.00000000001
11950.00000000001
12006.500000000013
10417.000000000011
10792.500000000011
11818.000000000007
10272.00000000001
11394.000000000013
10778.00000000001
12314.000000000016
9939.250000000011
16082.000000000018
9184.000000000011
16500.00000000002
8679.500000000007
16937.000000000015
8722.50000000001
16371.00000000002
8802.000000000011
18754.000000000022
8071.750000000008
21865.000000000025
7537.750000000007
21377.00000000002
7144.500000000006
20512.00000000001
6966.500000000006
20207.000000000022
7575.250000000008
20796.000000000022
7919.500000000008
21167.000000000025
7455.75000000001
22430.000000000025
7417.500000000008
22727.000000000025
7349.000000000008
22827.000000000022
7289.000000000006
22860.000000000025
7775.750000000007
22937.000000000025
8267.250000000007
23199.000000000025
8810.250000000011
23775.000000000025
9784.000000000011
23696.000000000015
10235.000000000011
23744.000000000022
10366.000000000013
23719.000000000025
10543.50000000001
23930.00000000002
10707.750000000011
22560.000000000025
11045.500000000013
19171.00000000001
11453.500000000013
19124.000000000022
11502.000000000013
17799.000000000022
11911.000000000011
18814.000000000022
12248.250000000013
21304.000000000025
11769.250000000011
21727.000000000025
11661.000000000013
21517.000000000022
12245.750000000011
21406.000000000025
12851.750000000016
20559.000000000022
13351.250000000011
18607.00000000001
13783.250000000013
16522.00000000001
13422.500000000013
13560.000000000015
13091.750000000015
11742.000000000007
13376.250000000013
11374.000000000013
13613.250000000013
18890.000000000022
14012.250000000015
27714.000000000025
14493.500000000013
29293.000000000025
15019.000000000016
29334.000000000033
15721.500000000018
29685.000000000033
16106.500000000018
26725.00000000003
15968.000000000015
15980.000000000018
15818.250000000016
11040.000000000011
16190.000000000013
11499.000000000011
16671.00000000002
12196.00000000001
17342.75000000002
12465.000000000011
18041.25000000002
12380.000000000013
19410.250000000022
11561.000000000011
20930.000000000022
10263.000000000011
22099.250000000022
9381.000000000011
21575.00000000002
9606.000000000011
20094.250000000015
10290.000000000013
19065.50000000002
10618.00000000001
17470.75000000002
10232.000000000011
16137.000000000016
9735.00000000001
15732.000000000016
10129.000000000007
15860.000000000015
10607.000000000011
15739.500000000016
7932.000000000009
15382.500000000015
5597.0000000000055