24247.500000000022
12046.000000000007
24470.000000000022
12030.000000000013
24688.75000000003
12100.000000000011
24596.250000000022
12298.000000000011
24593.50000000003
12576.00000000001
24739.750000000025
12957.00000000001
24763.750000000025
13328.000000000013
25278.000000000025
13789.000000000016
26520.250000000033
14410.000000000013
26793.750000000033
15145.000000000015
26688.25000000003
15920.000000000016
27084.25000000003
16635.000000000015
27023.750000000036
17227.000000000015
26823.50000000003
17694.00000000001
26550.000000000025
18135.000000000022
26983.000000000022
18525.000000000022
26932.75000000003
18921.000000000022
26891.500000000025
19440.000000000025
26894.500000000025
19935.000000000022
26905.750000000025
20375.00000000001
26986.25000000003
20720.000000000025
26756.250000000025
21013.000000000025
26727.500000000025
21312.000000000022
27068.50000000003
21502.000000000025
26991.50000000003
21459.000000000022
26977.000000000033
21203.000000000015
27170.500000000025
20873.00000000002
27190.75000000003
20608.000000000022
26918.250000000025
20368.000000000022
26745.25000000003
20142.00000000002
26573.250000000033
19955.000000000015
26547.25000000003
19809.00000000002
26063.500000000025
19550.00000000002
26334.250000000025
19163.000000000015
26222.000000000025
18752.000000000022
26292.25000000003
18318.000000000025
23727.750000000025
17839.00000000002
18729.00000000002
17259.000000000015
16228.500000000018
16660.00000000002
13432.000000000016
16130.000000000018
12037.00000000001
15677.000000000016
11687.000000000011
15298.000000000011
11664.750000000011
14811.000000000011
11700.750000000011
14161.000000000018
12204.500000000013
13446.000000000015
12022.75000000001
12908.000000000015
12667.500000000011
12537.000000000013
12494.750000000013
12278.000000000013
13190.500000000013
11915.000000000011
14311.250000000015
11484.000000000011
14538.500000000016
11093.000000000011
15014.000000000015
10911.000000000011
15180.500000000022
10900.000000000011
15693.250000000016
10877.000000000013
16327.000000000013
10697.000000000013
16746.25000000002
10468.00000000001
16800.50000000002
10241.000000000011
17277.25000000002
10197.000000000011
17712.50000000002
10382.000000000011
18568.75000000002
10722.000000000011
18406.25000000002
10962.000000000011
17844.00000000002
11231.000000000011
18475.50000000002
11711.000000000007
19221.50000000002
12378.00000000001
20004.00000000002
12898.000000000013
21122.750000000022
13196.000000000011
22803.250000000022
13534.000000000013
23980.000000000022
14150.000000000018
25664.000000000025
14967.000000000015
25661.25000000003
15832.000000000016
25053.000000000025
16685.00000000002
24953.750000000022
17249.00000000001
24883.250000000025
17365.000000000015
24357.750000000022
17419.00000000001
24678.500000000025
17614.00000000002
24769.50000000003
17898.000000000015
24958.500000000025
18030.000000000022
24819.25000000003
18005.000000000007
24207.750000000022
17740.00000000001
23770.750000000022
17503.000000000015
23476.500000000022
17052.00000000001
22940.500000000022
16280.000000000016
21529.750000000022
15683.000000000018
21289.000000000025
15538.000000000016
20774.250000000022
15457.000000000015
20552.50000000002
15480.000000000016
20480.250000000025
15491.000000000016
20253.250000000022
15207.000000000011
19516.500000000022
14708.000000000015
19060.00000000002
14049.000000000011