15549.500000000015
15828.000000000016
15183.000000000015
11958.000000000013
15279.500000000015
10975.000000000011
14403.000000000015
12034.000000000013
13091.750000000013
11243.000000000013
12005.750000000015
11127.000000000013
12215.500000000013
11869.000000000011
13140.000000000013
12674.000000000013
13909.000000000015
11119.00000000001
13921.250000000015
10699.000000000011
13930.750000000016
12422.00000000001
13980.750000000015
12563.000000000015
14265.000000000015
14846.000000000018
14473.750000000015
15474.000000000016
14091.000000000013
15158.000000000015
15546.500000000016
14889.000000000016
16674.000000000015
15051.000000000016
16175.000000000016
13196.000000000011
14715.750000000015
13417.000000000013
13053.500000000015
14399.000000000011
12330.000000000015
13338.00000000001
12049.250000000013
11275.00000000001
12416.250000000016
10536.00000000001
14172.000000000015
11182.000000000013
13765.250000000015
12526.000000000011
13017.750000000011
15375.000000000016
12186.000000000013
14188.000000000015
12036.750000000013
12604.000000000015
12846.500000000013
12527.000000000015
12810.500000000013
14760.000000000018
11593.750000000011
15883.000000000018
11683.750000000011
15265.000000000015
11963.250000000015
15477.000000000016
10633.00000000001
13409.000000000011
9854.25000000001
12642.000000000007
9343.25000000001
14666.000000000018
8838.000000000011
17682.000000000015
8979.50000000001
20522.000000000022
9128.250000000007
18969.00000000002
8497.75000000001
17936.000000000022
8168.250000000008
18288.00000000001
8404.750000000007
19688.00000000001
8142.000000000008
19034.00000000001
8053.000000000007
19067.000000000022
7578.500000000008
17218.00000000002
6613.250000000006
16710.000000000015
6466.5000000000055
16723.000000000015
6810.250000000007
15125.000000000016
6830.000000000006
15662.000000000016
6742.250000000006
16119.000000000016
6965.000000000006
13106.000000000016
7401.000000000007
12592.00000000001
7557.750000000006
12623.000000000015
6146.000000000006
11535.000000000015
5292.7500000000055
13919.000000000015
4649.2500000000055
14990.000000000016
5376.750000000005
16340.000000000018
5418.5000000000055
15644.000000000016
5446.0000000000055
11920.00000000001
5894.5000000000055
12357.000000000005
6087.250000000006
13388.000000000016
6689.250000000006
11731.000000000015
7315.500000000007
9617.000000000011
7696.250000000008
11672.000000000011
8310.25000000001
13475.00000000001
8605.750000000007
13652.000000000011
7680.500000000007
12752.000000000016
7488.250000000007
12510.000000000011
7554.25000000001
15154.000000000013
6923.750000000007
13357.000000000016
7241.500000000006
13706.000000000016
7215.500000000007
12459.000000000007
6568.000000000007
8915.000000000005
7321.000000000008
11487.000000000013
8523.75000000001
14401.000000000016
9623.250000000011
16305.000000000016
8786.50000000001
17124.00000000002
10069.250000000011
16755.000000000015
10829.750000000011
15086.000000000016
10722.500000000013
14187.000000000013
10304.000000000013
12111.000000000013
9810.250000000011
10107.000000000011
9754.25000000001
9851.00000000001
9329.500000000007
10413.000000000011
8537.75000000001
10332.000000000005
8817.75000000001
9420.000000000011
9980.500000000011
9941.000000000011
10762.750000000011
11756.000000000007
11603.000000000013
12532.000000000013
10068.750000000011
12877.000000000011