11026.250000000013
8171.000000000008
11129.000000000013
8275.000000000005
11195.500000000013
8347.000000000007
11239.250000000013
8424.000000000007
11259.750000000015
8421.000000000005
11274.000000000013
8436.000000000005
11307.500000000011
8386.000000000007
11380.250000000013
8444.000000000011
11470.00000000001
8436.000000000005
11371.250000000011
8375.000000000005
11437.25000000001
8431.000000000007
11442.500000000013
8418.00000000001
11427.500000000013
8458.000000000005
11456.500000000013
8465.000000000005
11480.00000000001
8502.00000000001
11495.500000000011
8530.000000000007
11512.250000000013
8530.000000000007
11505.750000000013
8526.000000000005
11521.750000000013
8595.000000000005
11512.500000000015
8686.000000000005
11503.500000000011
8750.000000000007
11477.000000000015
8756.000000000005
11598.750000000011
8854.000000000005
12388.500000000013
10056.00000000001
12623.500000000015
11428.000000000013
12393.500000000015
15093.000000000016
12009.250000000015
18275.000000000022
11048.25000000001
19723.000000000022
10438.250000000011
20656.000000000022
10217.500000000011
19662.000000000022
10085.00000000001
19089.00000000002
9952.25000000001
18534.00000000002
10240.000000000011
20321.000000000022
9694.25000000001
21670.000000000025
9160.500000000011
22141.000000000022
9269.00000000001
21949.000000000022
8987.000000000011
20847.000000000022
8446.75000000001
17982.00000000001
8988.75000000001
16957.00000000002
9193.25000000001
18257.000000000022
8783.25000000001
17249.00000000001
8744.25000000001
17586.00000000001
8828.750000000007
18127.000000000015
8983.50000000001
18502.00000000002
9354.00000000001
19557.000000000015
9757.250000000011
19887.00000000001
10067.500000000011
18762.000000000022
9955.500000000011
18224.000000000015
9622.75000000001
16485.00000000002
9300.00000000001
14987.000000000016
10269.250000000011
18328.000000000022
10241.000000000011
19253.000000000015
10248.50000000001
18024.00000000002
10664.750000000011
18726.00000000002
10935.000000000013
19030.00000000002
10529.00000000001
18878.00000000002
10132.50000000001
18094.000000000015
10367.250000000011
16808.00000000002
10583.750000000011
17853.000000000015
10501.250000000011
18970.00000000002
10793.750000000011
19446.00000000001
11051.750000000011
19527.000000000015
11293.000000000011
19401.000000000022
12082.250000000013
17935.00000000001
13510.000000000013
19537.00000000001
14232.500000000013
20989.000000000022
14164.500000000015
21397.000000000022
14087.250000000013
20492.000000000022
14975.000000000016
19199.00000000002
15513.750000000015
18759.00000000001
15506.750000000016
18103.00000000002
15692.500000000018
18908.00000000002
16256.750000000015
18405.00000000002
17723.25000000002
19469.000000000022
19571.750000000022
19352.00000000002
18335.25000000002
20211.000000000022
18488.50000000002
20379.000000000022
19759.25000000002
20107.000000000015
19730.00000000002
18864.00000000002
20312.25000000002
19856.000000000022
20416.000000000022
21772.000000000025
19706.50000000002
20923.00000000001
20196.750000000022
20093.00000000002
21524.250000000022
17002.00000000002
20923.250000000022
15264.000000000016
20114.750000000022
15076.000000000015
20286.250000000022
13464.000000000016
19728.00000000002
14520.000000000015
19672.25000000002
13479.000000000016
19683.750000000022
12140.000000000013