20947.25000000002
16168.00000000002
21190.75000000002
16328.000000000016
21089.500000000025
16576.00000000002
20956.250000000022
16564.00000000002
20434.000000000022
16360.000000000016
20602.500000000022
16736.000000000022
20741.250000000025
17048.00000000002
20729.250000000022
16748.00000000002
20718.500000000022
17048.000000000022
20797.750000000022
17108.000000000022
20875.000000000025
16804.00000000002
20640.50000000002
16888.000000000022
20449.50000000002
17256.000000000015
20468.50000000002
17444.00000000002
20521.250000000022
17616.00000000001
20616.00000000002
17471.000000000015
20713.250000000022
18209.00000000001
20462.750000000022
18482.00000000002
20572.75000000002
18634.00000000002
20958.000000000022
18704.000000000015
20613.250000000022
18809.000000000022
20527.25000000002
18921.000000000022
20925.75000000002
18662.000000000022
21211.25000000002
18748.000000000022
21158.00000000002
18980.000000000015
20706.750000000022
18155.000000000015
20001.500000000022
14711.000000000016
18513.75000000002
14578.000000000013
17312.250000000015
15247.000000000016
16178.000000000016
15328.000000000015
14150.500000000016
17039.00000000001
11598.750000000013
16402.000000000015
9525.00000000001
14869.000000000016
7885.750000000006
14626.000000000016
6275.0000000000055
14294.000000000015
5648.2500000000055
13267.000000000013
5161.500000000005
12427.000000000007
5326.2500000000055
13317.000000000011
5361.7500000000055
15079.000000000016
5317.500000000006
16308.000000000018
5498.000000000006
16784.000000000015
5468.500000000005
18493.000000000015
5174.0000000000055
19473.00000000002
5485.500000000006
19052.000000000022
5459.000000000006
17376.000000000022
5637.5000000000055
15970.000000000016
5825.250000000007
15247.000000000016
5415.5000000000055
17134.000000000015
6652.250000000006
18158.000000000015
7392.00000000001
17853.000000000015
7050.000000000007
16817.000000000015
7165.000000000006
16766.000000000022
7825.750000000009
17692.00000000002
8512.000000000011
18427.000000000022
8795.25000000001
19217.00000000001
8838.250000000011
19939.000000000015
8734.000000000007
19617.00000000002
8317.500000000007
19452.000000000015
8794.500000000007
19411.00000000002
9690.750000000011
18823.000000000022
10644.25000000001
17755.00000000001
10715.500000000011
17160.000000000022
11076.750000000013
16833.000000000015
11794.000000000015
18019.000000000015
12467.500000000013
17955.000000000022
13041.500000000013
18298.00000000002
13292.250000000013
18542.00000000002
14236.500000000015
18279.000000000015
14509.500000000016
18684.00000000001
14438.250000000015
19387.000000000022
14890.250000000016
19370.00000000001
15629.250000000016
19530.00000000002
15501.500000000015
19763.00000000002
16338.000000000018
19837.000000000022
17457.50000000002
19442.00000000002
17728.000000000015
20032.000000000022
18800.750000000022
20641.00000000002
20416.500000000022
20004.00000000002
21820.75000000002
20065.000000000022
23835.50000000003
19946.00000000002
23772.00000000003
19676.000000000022
23184.750000000022
19213.00000000002
22506.250000000022
19162.000000000015
21010.00000000002
19079.00000000001
20243.75000000002
19070.000000000015
20235.25000000002
19193.000000000015
19859.50000000002
18803.00000000002
19848.250000000022
18663.00000000002
19687.750000000022
18940.00000000002
19590.75000000002
18981.000000000022