13248.500000000015
15718.000000000016
13388.750000000015
16759.00000000002
13809.250000000016
16485.000000000007
13662.750000000015
15637.000000000015
13799.500000000015
16022.000000000016
13553.750000000013
16849.00000000002
13947.250000000015
16907.000000000015
14702.750000000015
16395.00000000002
15179.500000000013
16033.000000000015
15504.500000000016
15972.000000000018
15809.000000000018
16236.000000000016
15934.250000000018
16366.000000000016
15970.000000000016
16110.000000000015
16057.500000000018
15584.000000000018
16421.250000000015
15461.000000000016
16526.25000000002
14770.00000000001
16830.000000000015
15083.000000000016
16575.50000000002
15607.000000000015
17099.25000000002
15080.000000000016
17760.750000000015
14956.000000000016
17759.50000000002
15077.000000000016
17589.000000000022
14636.000000000016
17309.75000000002
14195.000000000007
17482.750000000015
14748.000000000016
17173.500000000015
14460.000000000011
17888.75000000002
14208.000000000015
18350.00000000002
13581.000000000018
18022.50000000002
13535.00000000001
17967.500000000015
13340.000000000015
18274.000000000015
13515.000000000011
18025.500000000015
13906.000000000016
17620.50000000002
13442.000000000016
17603.00000000002
12492.000000000013
16854.00000000002
12629.000000000005
16578.75000000002
12946.000000000016
16859.750000000015
13331.000000000016
17005.00000000002
13047.00000000001
17008.750000000015
12940.000000000015
16260.250000000016
12222.000000000011
14180.250000000015
11803.000000000016
12464.750000000013
12653.00000000001
11652.000000000013
13181.000000000011
11636.750000000015
12749.000000000007
11902.250000000011
12959.000000000015
12227.500000000011
12932.000000000013
13141.500000000015
12408.00000000001
13448.250000000015
12752.000000000015
13610.750000000013
13065.000000000015
13721.250000000013
13823.000000000016
14262.500000000016
14478.000000000013
14840.500000000013
14498.000000000016
15286.750000000016
14910.000000000016
15009.750000000018
15235.000000000015
15713.000000000018
15680.000000000016
16112.000000000015
17781.00000000002
17461.50000000002
18128.000000000025
19581.25000000002
17686.00000000002
19609.50000000002
17463.00000000001
18772.25000000002
17514.000000000022
18943.500000000022
18480.000000000022
19174.000000000022
19886.000000000022
19284.500000000022
20531.000000000022
19256.00000000002
20791.000000000022
19180.50000000002
21155.000000000022
19057.000000000022
22229.000000000025
18356.75000000002
21974.00000000001
17990.50000000002
22758.000000000025
18192.500000000022
23217.00000000002
17687.75000000002
23300.00000000003
17406.50000000002
23130.000000000025
17581.75000000002
23162.00000000003
18175.500000000022
23372.000000000022
18395.50000000002
23251.00000000003
18290.00000000002
22539.000000000025
18667.50000000002
21321.000000000022
18972.25000000002
21741.000000000022
19049.25000000002
21764.000000000022
18886.75000000002
22010.000000000025
18927.000000000022
22132.000000000022
18474.50000000002
22068.000000000025
18377.500000000015
22009.000000000022
18785.25000000002
21940.000000000025
18701.75000000002
20436.00000000001
18788.250000000022
18491.000000000015
18810.750000000015
17830.00000000001
19093.500000000022
16800.000000000015
18885.00000000002
16640.00000000001
18728.75000000002
16888.000000000022
18642.25000000002
15987.000000000018
18504.75000000002
15768.000000000018