13564.250000000015
6125.0000000000055
14268.500000000016
4647.000000000005
14733.500000000015
4202.000000000003
15414.500000000016
6628.0000000000055
15752.500000000018
8137.000000000008
15927.750000000016
7227.000000000008
16149.750000000018
6739.000000000008
16084.500000000015
6445.0000000000055
16316.750000000015
6448.000000000005
16278.25000000002
6564.000000000008
16354.500000000016
6837.000000000006
17229.500000000015
7637.000000000007
17210.25000000002
7245.000000000007
16683.250000000015
8016.000000000007
16173.500000000016
8669.00000000001
15656.500000000015
6306.000000000006
14385.250000000011
6356.000000000005
14089.000000000016
7739.000000000008
14930.750000000015
8458.000000000005
15085.750000000015
7140.000000000007
15220.000000000016
7622.000000000008
14807.750000000015
8381.000000000005
15706.500000000015
7921.000000000008
15410.500000000015
8417.00000000001
15797.000000000016
10820.000000000011
15728.250000000016
10099.000000000007
14590.250000000018
11064.000000000013
14007.250000000015
8773.000000000007
14533.250000000016
7665.000000000008
15169.750000000016
6520.000000000006
14358.750000000018
4968.000000000003
13656.250000000015
3819.000000000004
13526.750000000011
2616.0000000000027
11938.750000000011
3180.000000000003
11941.750000000011
2889.000000000003
12071.000000000013
2835.0000000000027
11334.250000000013
2940.000000000003
10200.250000000011
3813.0000000000036
9432.50000000001
3511.000000000003
9318.500000000011
3192.0000000000027
8320.750000000007
3896.000000000004
7300.500000000007
5144.0000000000055
7099.250000000006
5050.000000000005
7391.000000000008
5184.000000000006
7317.500000000008
4981.000000000004
8151.750000000008
4489.0000000000055
8280.50000000001
4522.000000000005
8677.50000000001
3626.0000000000036
8331.000000000007
3762.0000000000045
7698.500000000008
4426.000000000005
7681.750000000008
4096.0000000000055
8239.25000000001
4356.000000000004
8360.250000000007
4247.000000000005
8485.25000000001
4497.000000000004
8572.25000000001
5155.0000000000055
8969.000000000011
6509.000000000005
9411.500000000011
7867.000000000008
9766.000000000011
7927.000000000009
9696.000000000011
7129.000000000006
10610.250000000011
8651.000000000007
10765.000000000011
7302.000000000007
10310.750000000011
7471.000000000009
10569.500000000013
8326.00000000001
10397.000000000011
7562.000000000008
10717.750000000011
7949.000000000009
8714.00000000001
9505.000000000007
7149.750000000007
8716.000000000005
8086.000000000007
8563.00000000001
8411.50000000001
6769.000000000006
8785.750000000011
7076.000000000007
9968.00000000001
9664.000000000007
11933.750000000013
10828.000000000011
14529.000000000018
13929.000000000015
16195.750000000018
15017.000000000018
17005.500000000015
14442.000000000016
13520.00000000001
12407.00000000001
14229.750000000015
11295.000000000011
14913.250000000018
11286.000000000013
14935.750000000016
12901.000000000013
14775.500000000015
15442.000000000018
13228.000000000015
12922.000000000011
13111.000000000015
13137.000000000015
12875.000000000011
10459.00000000001
11855.250000000011
12925.00000000001
12333.750000000007
13341.000000000016
11970.750000000015
13561.000000000011
12249.500000000013
14504.000000000016
13160.750000000015
15586.000000000015
13726.500000000013
14336.000000000016
11967.750000000011
13488.000000000016