17435.00000000002
14176.00000000001
15733.500000000015
12372.000000000005
15665.500000000013
9627.000000000007
14883.000000000015
12245.000000000007
14481.250000000013
15911.000000000018
15628.000000000016
16323.000000000018
16656.50000000002
16350.000000000015
16540.75000000002
16522.00000000001
16342.500000000016
15704.000000000013
15865.750000000013
15119.00000000002
16727.50000000001
15585.000000000016
17563.000000000015
15079.000000000018
18070.00000000002
16775.00000000002
18948.000000000022
16118.000000000016
19103.50000000002
16071.000000000016
19622.75000000002
15872.000000000016
19319.750000000022
14905.000000000015
18618.25000000002
13493.000000000016
18594.25000000002
11546.000000000011
18804.50000000002
10619.000000000013
18998.00000000002
9515.00000000001
18260.00000000002
8262.000000000007
18825.00000000002
8364.00000000001
21501.500000000022
11079.000000000011
23294.500000000022
11755.000000000015
23252.750000000022
13217.000000000015
23422.750000000025
15668.000000000018
23376.25000000003
16624.00000000001
21023.250000000022
17149.000000000015
15562.750000000016
17853.000000000015
12777.750000000015
17365.000000000015
11258.750000000011
15558.000000000016
8957.00000000001
13214.000000000015
6731.500000000008
11757.000000000007
6463.000000000006
11726.000000000007
6700.7500000000055
11471.000000000013
6868.500000000008
10709.000000000013
6872.750000000006
10700.000000000011
7080.7500000000055
11739.00000000001
6938.750000000007
11641.000000000011
6670.2500000000055
10899.000000000013
7177.000000000008
12341.000000000015
6761.000000000007
12038.000000000011
6969.5000000000055
13893.000000000013
7763.000000000007
18662.000000000022
7684.500000000008
19387.000000000022
8276.000000000007
19877.000000000015
8604.500000000011
20175.00000000002
9283.00000000001
19836.000000000025
9641.500000000013
19173.000000000022
9528.500000000011
18217.000000000015
10354.750000000013
17945.000000000022
10578.000000000011
18181.00000000001
10994.750000000013
19230.00000000002
11331.250000000013
19937.000000000022
12307.750000000011
19477.000000000022
12651.500000000011
19328.000000000015
12681.500000000013
19078.00000000001
13137.750000000013
18427.000000000022
13284.750000000013
17431.00000000002
13096.500000000015
17779.00000000002
12994.500000000013
18100.00000000002
13746.000000000013
17408.000000000015
14418.000000000013
17536.00000000002
14039.250000000013
16182.000000000016
12897.750000000013
14332.000000000016
13464.750000000015
14312.00000000001
14344.000000000015
14462.000000000015
15089.500000000015
13755.000000000013
15849.750000000018
13186.00000000001
16106.250000000015
13306.00000000001
16359.750000000015
14332.000000000016
18138.75000000002
14634.000000000015
21078.750000000022
14511.00000000001
23933.500000000025
14131.000000000013
24855.50000000003
15544.000000000016
23890.500000000033
16123.000000000015
23049.000000000025
16324.000000000015
22837.000000000025
15988.000000000015
23356.000000000025
15936.000000000016
24186.750000000025
16952.000000000015
24411.750000000025
15872.000000000016
24076.75000000002
15527.000000000011
24121.00000000003
16823.00000000002
23931.750000000022
16455.00000000002
24116.50000000003
16066.000000000018
24457.250000000025
15866.000000000018
24503.750000000022
16228.000000000016
24338.250000000022
15389.000000000016
24208.25000000002
15182.000000000018