14562.500000000015
14384.000000000011
14593.500000000018
14064.000000000011
14638.750000000015
14065.000000000011
14573.250000000016
13835.000000000011
14452.500000000015
14298.000000000015
14285.250000000015
14407.000000000016
14321.500000000015
14283.000000000018
14240.000000000013
15375.000000000015
14313.500000000016
15222.000000000011
14371.500000000016
14586.000000000015
14035.250000000015
14262.000000000011
13972.000000000015
14130.00000000001
14506.500000000016
15554.000000000018
14827.250000000015
17148.000000000022
13935.250000000013
17807.000000000015
13182.000000000015
19929.00000000002
12577.000000000013
20297.000000000022
11553.750000000011
21630.000000000015
11151.250000000013
22378.000000000025
10831.50000000001
24935.000000000025
11069.250000000013
26758.000000000022
11824.750000000015
26185.000000000025
11786.250000000013
24903.000000000015
12114.750000000015
23179.000000000022
13332.250000000016
22056.000000000022
13689.750000000011
19162.000000000015
13749.250000000013
14710.000000000015
13738.000000000016
12509.000000000011
13364.000000000011
10117.00000000001
13028.000000000015
10201.00000000001
12241.00000000001
11438.000000000011
10494.25000000001
12276.000000000013
9337.750000000011
12411.000000000015
8715.50000000001
12210.00000000001
8273.25000000001
12474.000000000007
8306.25000000001
12690.000000000013
8228.75000000001
12906.000000000011
7868.750000000007
12724.000000000011
7848.000000000008
12383.000000000007
7741.250000000008
11989.000000000013
7793.500000000008
12777.000000000016
8189.750000000008
13996.000000000016
7934.250000000008
13043.000000000011
6979.0000000000055
12221.000000000011
6912.750000000008
12112.000000000015
6913.000000000006
12168.000000000007
7094.750000000008
11450.000000000013
6833.250000000006
11779.000000000011
6370.750000000006
10407.00000000001
5923.000000000005
11733.000000000005
6000.500000000006
13015.000000000015
6156.500000000007
13021.000000000016
6125.250000000007
14223.000000000013
6270.000000000007
14458.000000000015
6635.5000000000055
14397.000000000016
6540.750000000007
13723.000000000016
6078.000000000006
12710.000000000015
5790.2500000000055
11562.000000000013
6107.000000000006
11283.000000000015
6169.750000000006
13142.000000000015
6451.0000000000055
14285.000000000016
6882.7500000000055
14871.000000000015
6780.500000000007
14033.000000000011
6695.750000000006
12960.000000000007
6909.500000000007
13214.000000000015
7195.250000000007
13680.000000000011
7393.000000000006
13059.000000000011
7409.750000000007
13102.000000000016
6772.250000000007
12972.00000000001
6458.250000000006
12345.000000000015
8261.000000000011
13660.000000000015
9582.250000000007
13924.000000000016
11460.000000000011
14663.00000000001
13475.500000000015
16609.00000000001
14844.500000000016
16992.00000000001
15129.750000000015
14871.000000000016
14744.750000000016
13841.00000000001
13305.250000000015
14472.000000000016
13253.750000000011
14948.000000000011
12061.500000000011
14769.000000000015
12267.500000000013
15160.000000000016
13466.500000000015
16138.00000000002
14877.000000000018
16583.00000000001
14479.250000000015
17312.00000000001
15268.000000000016
20423.00000000002
16732.25000000002
21158.000000000015
16829.75000000002
20968.000000000025
17038.00000000002
19233.00000000002
17224.75000000002
17467.000000000022
17110.250000000015
17119.000000000015