3288.750000000003
3733.000000000004
5919.250000000006
7881.000000000008
5209.750000000006
7962.000000000007
5588.500000000006
8607.00000000001
5657.2500000000055
8573.000000000005
6133.500000000005
7059.000000000006
7228.000000000006
8453.000000000007
7458.750000000008
9374.000000000011
8277.500000000007
7844.000000000004
8708.500000000007
7036.000000000008
8244.750000000007
8425.00000000001
8206.500000000007
9023.00000000001
7876.750000000006
8328.00000000001
7143.000000000008
7583.000000000007
7081.000000000007
8163.000000000008
6705.750000000006
8539.000000000011
6264.250000000008
8765.000000000007
6018.500000000007
8742.000000000007
6252.000000000006
9245.000000000007
6466.000000000006
8983.00000000001
6664.500000000008
8159.000000000007
6671.500000000006
8784.00000000001
7103.750000000007
8826.000000000007
7164.250000000008
8814.00000000001
7417.750000000007
8606.000000000007
7397.000000000007
8787.000000000011
7597.500000000009
8748.000000000005
6273.250000000007
8624.00000000001
6120.7500000000055
8734.000000000011
5396.500000000005
8780.000000000007
5965.5000000000055
8829.00000000001
5617.250000000005
8257.00000000001
5637.750000000006
8508.000000000011
6280.250000000008
9443.000000000007
5838.500000000005
8089.000000000008
9970.50000000001
5698.0000000000055
14831.500000000015
4329.000000000004
16507.50000000002
4332.000000000003
17945.50000000002
4354.000000000005
18116.750000000022
7312.000000000006
16762.500000000022
10301.000000000005
14169.250000000013
11692.00000000001
11251.750000000013
9392.000000000011
7985.500000000007
4364.000000000004
6426.750000000007
3062.0000000000014
6625.250000000007
2960.0000000000027
6731.000000000006
2591.0000000000027
6345.250000000006
2039.000000000002
5667.2500000000055
1881.000000000002
5524.000000000006
1608.0000000000011
4679.0000000000055
1501.0000000000014
3941.750000000004
2376.000000000002
3931.5000000000036
3955.0000000000045
3779.000000000003
4117.000000000005
4373.500000000005
3723.0000000000036
4850.000000000004
3268.0000000000036
4813.2500000000055
2604.0000000000027
4469.000000000004
1825.0000000000023
4026.250000000004
1930.0000000000011
3719.500000000003
2232.0000000000023
2951.7500000000027
2335.0000000000023
2233.0000000000023
2778.000000000002
2286.0000000000023
3385.000000000002
3009.7500000000036
4667.0000000000055
3166.0000000000036
6949.000000000008
3727.250000000004
7838.000000000009
4611.000000000004
7352.0000000000055
4534.5000000000055
7225.000000000009
5045.7500000000055
7376.000000000008
5552.750000000006
7182.000000000006
5688.750000000006
6978.000000000008
5862.5000000000055
7269.000000000008
5778.2500000000055
7421.000000000006
5373.0000000000055
8563.00000000001
5516.2500000000055
9752.00000000001
5593.250000000006
8995.000000000007
5954.750000000007
7789.000000000009
6346.250000000006
7323.000000000007
6064.5000000000055
6889.000000000006
6156.750000000006
6112.000000000005
5917.250000000006
4801.000000000005
5417.750000000006
3878.0000000000036
4719.250000000005
3160.000000000004
4803.500000000005
2299.0000000000023
4858.2500000000055
2245.000000000002
4948.000000000005
2432.000000000003
5090.500000000005
3177.0000000000027
5101.2500000000055
4155.0000000000055
5204.500000000005
4966.0000000000055
2265.5000000000027
2272.0000000000023