11139.500000000011
17133.000000000022
10986.000000000015
17044.000000000015
11089.250000000013
16855.00000000001
11110.500000000013
16538.000000000022
10996.000000000011
16319.000000000016
10867.750000000013
16097.000000000018
10801.250000000011
15735.000000000018
10799.250000000011
15323.000000000016
10832.750000000011
14748.000000000015
10995.500000000011
14031.000000000016
10998.250000000011
13316.000000000016
10742.250000000011
12598.000000000013
10271.500000000013
11805.000000000013
10120.75000000001
11017.000000000013
10609.50000000001
10365.000000000011
10732.25000000001
9776.000000000005
10947.500000000015
9123.000000000007
10838.00000000001
8381.000000000005
10575.500000000011
8355.000000000004
10155.500000000011
8058.000000000008
9870.75000000001
7494.000000000008
9980.25000000001
9013.00000000001
10226.00000000001
12020.000000000015
10468.000000000011
12822.000000000015
10822.500000000011
11934.000000000013
11164.750000000011
12777.000000000007
11724.750000000013
12459.000000000013
11103.50000000001
13575.000000000016
10869.500000000011
12205.000000000005
10911.750000000013
12119.00000000001
11043.750000000013
13614.000000000015
10529.250000000011
14778.000000000016
10657.250000000011
14943.000000000013
11201.500000000011
15547.000000000015
11133.75000000001
15361.000000000015
10688.500000000011
15692.000000000016
10009.250000000011
14568.000000000016
9811.250000000011
15218.000000000016
9560.50000000001
15947.000000000018
9758.750000000007
15991.000000000016
9214.75000000001
15213.000000000015
8416.25000000001
14984.000000000015
7683.000000000009
15393.000000000015
7735.500000000007
15363.000000000015
8753.000000000007
14180.000000000016
9317.000000000007
13382.000000000018
10413.000000000011
13200.00000000001
9551.50000000001
12702.000000000007
8074.500000000008
10969.00000000001
8822.25000000001
10118.000000000011
9324.50000000001
8601.00000000001
9185.250000000007
8121.000000000008
8882.00000000001
7261.000000000007
8288.00000000001
7141.000000000005
7493.750000000007
7417.000000000008
6184.000000000006
8681.000000000007
6312.250000000007
6901.000000000007
6638.000000000007
5516.000000000006
6442.750000000007
7449.000000000006
6737.000000000006
11019.000000000011
6832.250000000006
13431.000000000015
6605.750000000008
14212.000000000013
6890.2500000000055
13909.000000000016
6746.7500000000055
13325.000000000015
6338.7500000000055
13166.000000000011
6011.000000000007
13111.000000000015
5684.0000000000055
13291.00000000001
5583.250000000006
13667.000000000015
5568.0000000000055
14059.000000000013
5469.0000000000055
14428.000000000015
5484.0000000000055
14518.000000000015
5539.5000000000055
14137.000000000016
5308.000000000006
13735.000000000015
5026.0000000000055
13343.000000000013
5036.0000000000055
12974.000000000015
5148.750000000006
12759.00000000001
5286.750000000006
12566.000000000007
5415.5000000000055
12297.000000000011
5543.7500000000055
11846.00000000001
5776.750000000006
11626.000000000011
5865.250000000006
11486.000000000013
6017.0000000000055
11340.000000000013
6222.250000000006
11345.000000000011
6292.500000000007
11244.000000000013
6387.750000000007
11499.000000000013
6561.250000000006
11299.000000000011
6575.750000000006
11410.000000000013
6564.2500000000055
11597.000000000011
6572.0000000000055
11289.000000000013
6705.250000000008
11462.000000000013