21640.000000000022
22707.000000000022
21367.750000000022
22656.000000000025
21047.75000000002
22450.000000000022
20724.500000000022
22155.000000000025
20429.250000000022
21776.000000000022
20151.750000000022
21303.000000000022
19857.750000000022
20716.000000000015
19545.25000000002
20132.000000000022
19225.75000000002
19551.000000000025
18883.00000000002
18917.000000000015
18562.50000000002
18339.000000000015
18293.25000000002
17984.00000000001
18007.50000000002
17715.000000000015
17711.000000000015
17345.00000000002
17391.25000000002
16840.00000000001
17082.25000000002
16267.000000000016
16825.000000000015
15922.000000000016
16594.750000000015
15707.000000000016
16389.75000000002
15509.000000000016
16216.000000000018
15343.000000000016
16035.000000000015
15299.000000000015
15899.500000000016
15392.000000000018
15817.250000000015
15522.000000000013
15797.250000000016
15738.000000000016
15566.000000000016
16005.000000000018
14544.750000000015
16269.000000000018
13699.250000000011
15981.000000000016
13139.250000000011
15575.000000000015
12742.000000000013
14829.000000000013
12405.250000000015
13519.000000000015
12658.000000000013
12638.00000000001
12114.000000000015
13004.000000000015
11688.000000000011
16325.000000000015
11400.250000000011
18187.000000000015
12539.250000000013
17840.00000000002
14050.250000000015
14517.000000000013
15049.000000000013
13797.000000000015
14267.750000000016
12679.000000000011
13622.000000000011
12697.00000000001
13112.250000000015
14125.000000000011
13268.500000000015
16023.000000000016
13535.500000000015
16393.000000000007
13682.250000000013
16341.000000000018
14066.000000000015
16333.00000000002
14024.250000000015
16246.000000000015
13291.000000000015
16089.00000000002
13119.750000000015
15962.000000000018
12155.750000000011
15793.000000000018
12759.000000000013
15591.000000000018
12508.750000000015
15332.000000000018
11729.750000000011
15090.000000000018
11771.250000000013
14933.000000000011
12399.250000000013
14770.00000000001
12608.250000000013
14653.000000000016
12768.250000000011
14576.000000000007
11592.250000000015
14488.000000000016
11219.750000000011
14348.000000000007
11357.250000000011
14168.000000000016
13798.250000000013
13947.00000000001
16531.500000000015
13768.000000000016
16868.25000000002
13544.000000000016
16547.50000000002
13282.000000000013
15507.750000000016
13018.00000000001
14780.000000000015
12684.000000000013
14320.750000000015
12365.000000000015
15227.750000000013
12121.000000000013
14705.500000000018
11872.000000000011
14448.000000000013
11546.000000000011
15061.250000000015
11270.000000000011
15824.500000000016
11091.000000000013
16772.75000000002
10905.000000000011
18211.25000000002
10745.000000000011
17973.00000000002
10621.000000000013
17042.75000000002
10532.000000000011
15815.500000000018
10477.000000000011
14988.500000000018
10425.000000000011
14789.000000000016
10415.000000000011
15114.250000000018
10417.000000000011
15480.250000000013
10432.000000000011
15657.750000000015
10350.000000000007
15351.000000000013
10302.000000000011
15044.250000000016
10342.000000000011
14877.500000000015
10461.000000000013
14278.250000000015
10562.000000000011
13995.750000000016
10688.000000000011
13952.250000000013
10790.000000000011
14015.500000000013
10855.000000000011
14037.750000000013
10893.000000000013
14038.000000000015
10991.000000000011
14149.250000000015
11073.000000000011