7472.250000000007
8942.000000000011
6864.250000000006
9102.000000000011
6282.250000000007
9068.000000000005
5824.250000000005
8877.000000000011
5526.500000000005
8374.000000000005
5574.250000000005
7925.000000000009
5684.500000000006
8349.00000000001
5716.500000000006
8860.00000000001
5753.0000000000055
8974.00000000001
5912.750000000006
8378.000000000007
6093.750000000006
7651.000000000009
6355.750000000006
7728.000000000007
6684.750000000007
8375.000000000005
6765.250000000007
9170.000000000007
7013.000000000006
9799.000000000005
6967.750000000007
10475.00000000001
7207.000000000007
12035.000000000013
7032.000000000007
13015.000000000015
6594.000000000007
14108.000000000016
8844.750000000007
15439.000000000018
12583.250000000016
18272.00000000001
12957.000000000013
15678.000000000016
12671.000000000011
13503.000000000015
10738.500000000011
13618.000000000013
9038.25000000001
12298.000000000011
9145.500000000011
11885.000000000011
8865.000000000011
12836.00000000001
8727.50000000001
13850.000000000015
8610.250000000007
14138.000000000016
8063.000000000007
13594.000000000016
7298.750000000006
12323.000000000013
7369.250000000007
11499.000000000011
7724.500000000007
11220.000000000013
8332.500000000007
11790.000000000013
8685.75000000001
11556.000000000013
7977.750000000008
10311.000000000011
8172.250000000009
9940.000000000013
7798.750000000006
9723.000000000005
7538.000000000007
9240.00000000001
8111.500000000006
8574.00000000001
8595.75000000001
8310.00000000001
9305.250000000007
8662.00000000001
8908.50000000001
9644.000000000013
8693.50000000001
10523.000000000011
8982.00000000001
10879.00000000001
9115.25000000001
11028.000000000011
10655.250000000011
11123.000000000013
11749.750000000015
11909.000000000007
11725.500000000011
12393.00000000001
11132.500000000011
12158.000000000015
11231.250000000011
11558.000000000015
11397.750000000013
10892.000000000011
11387.500000000011
10602.000000000011
11285.750000000011
12491.000000000013
11425.000000000011
14010.000000000015
11168.250000000013
14753.000000000015
11453.250000000013
15080.000000000016
11698.500000000013
14814.000000000018
12055.750000000013
14358.000000000018
12212.000000000011
13635.000000000015
11976.250000000013
12650.000000000013
11787.750000000011
12138.000000000007
11258.250000000013
13161.000000000013
10699.000000000011
13988.000000000011
10721.750000000011
14441.000000000013
10380.750000000011
14222.000000000015
9915.50000000001
14242.000000000013
9352.25000000001
13651.000000000015
8583.25000000001
12465.000000000011
8530.75000000001
11086.000000000015
8189.250000000009
10978.00000000001
8083.500000000007
9881.00000000001
7600.750000000009
8069.000000000007
7038.500000000007
8341.000000000004
6786.750000000006
7944.000000000006
7157.000000000007
7682.000000000007
7650.500000000007
8404.000000000005
7938.000000000008
9364.000000000005
8335.50000000001
9500.00000000001
8239.500000000007
9362.00000000001
7880.500000000007
10526.000000000013
7472.500000000007
10830.000000000007
7525.750000000007
9725.000000000007
7357.500000000006
10597.00000000001
7189.500000000008
11007.000000000011
7105.250000000007
11454.000000000011
7071.500000000008
12880.00000000001
6838.500000000006
12588.000000000013
6617.2500000000055
11855.000000000011
6411.7500000000055
11941.000000000007