14502.000000000016
15652.000000000015
14395.000000000016
15546.000000000018
14417.250000000015
15694.000000000016
14596.750000000015
15673.000000000016
14740.750000000016
15154.000000000013
14742.250000000013
15056.000000000016
14812.750000000013
14254.000000000015
14834.500000000015
12621.00000000001
14840.750000000018
12129.000000000011
14898.000000000016
11326.000000000013
14807.500000000013
9927.00000000001
14623.750000000016
9749.000000000007
14470.000000000016
9985.000000000007
14286.500000000015
10559.00000000001
14311.500000000013
11004.000000000011
14549.500000000015
11501.00000000001
14940.500000000016
12496.000000000011
15013.250000000016
12831.000000000011
15036.750000000016
12827.000000000013
15133.250000000015
12307.000000000007
15210.000000000018
12337.000000000007
15182.000000000013
12723.000000000011
15250.750000000015
13547.000000000011
15293.75000000002
13873.000000000015
15187.250000000016
13432.000000000016
15131.500000000016
13266.000000000016
15126.000000000016
13605.000000000016
15092.500000000016
13595.000000000015
14694.250000000015
13051.000000000015
14022.000000000015
12700.000000000013
13538.500000000015
12675.000000000015
12636.500000000013
12606.00000000001
12023.500000000013
11646.00000000001
11859.500000000013
10650.00000000001
11059.750000000011
10285.00000000001
11089.250000000011
11670.000000000015
11054.00000000001
11543.000000000011
10863.00000000001
10497.00000000001
11188.250000000011
9597.000000000013
11803.500000000011
9669.000000000005
11722.750000000013
10191.000000000013
11684.500000000013
9596.000000000007
11892.500000000015
9858.00000000001
11030.000000000011
9919.00000000001
10957.500000000011
9834.00000000001
10838.500000000011
9775.00000000001
10162.00000000001
9783.000000000005
9839.75000000001
9697.00000000001
9734.000000000011
9605.000000000011
10442.250000000011
9631.000000000005
10055.250000000011
9728.00000000001
9765.250000000011
9995.00000000001
9824.25000000001
10082.000000000011
9932.750000000011
10197.000000000011
10338.750000000013
10485.000000000013
10521.00000000001
11940.000000000007
10427.250000000011
14755.000000000015
9662.75000000001
15724.000000000016
9189.250000000007
15307.000000000018
9222.50000000001
14605.000000000016
10881.000000000011
14006.000000000015
11325.500000000011
13306.00000000001
10807.750000000013
12150.00000000001
10285.000000000011
11150.000000000007
10008.250000000011
9978.000000000011
11112.750000000011
8751.000000000007
11514.000000000011
7069.000000000009
11509.500000000013
5998.000000000005
10701.000000000013
4766.000000000003
9272.00000000001
3375.0000000000027
6996.250000000007
2507.0000000000027
5932.2500000000055
2422.000000000002
6217.500000000007
2415.0000000000023
6959.0000000000055
2397.000000000002
7209.750000000007
2381.000000000003
7781.500000000007
2381.0000000000014
7928.750000000009
2361.000000000002
8613.00000000001
2342.000000000002
8825.25000000001
2358.0000000000023
8377.25000000001
2343.0000000000014
8202.75000000001
2349.0000000000027
7870.750000000008
2396.0000000000023
7507.750000000008
2511.0000000000027
6973.250000000007
2462.000000000002
6287.250000000006
2372.0000000000027
5732.000000000006
2312.0000000000023
5144.0000000000055
2310.0000000000023
4884.500000000005
2312.0000000000023
4918.5000000000055
2319.000000000002
4727.000000000005
2300.000000000002