32171.75000000003
32001.000000000033
32031.000000000033
31993.00000000003
29817.75000000003
31973.000000000033
28218.500000000033
31985.00000000003
27825.50000000003
31996.000000000033
27476.000000000025
32001.000000000033
26547.500000000025
32019.000000000036
26010.50000000003
32334.000000000033
26509.00000000003
26566.000000000025
26515.25000000003
16791.00000000002
25787.75000000003
11817.000000000007
24807.000000000025
10251.000000000007
24722.500000000022
9995.00000000001
24905.250000000022
8605.000000000007
24726.250000000025
11048.000000000011
23080.750000000025
12708.000000000011
21799.500000000022
12116.000000000015
21908.000000000025
9788.000000000013
21826.750000000025
12130.000000000011
19842.50000000002
14600.000000000018
19464.250000000022
15499.000000000018
19397.50000000002
12354.000000000013
19082.25000000002
14209.000000000016
18079.00000000002
16862.000000000015
16602.25000000002
15222.000000000011
17331.750000000015
14092.000000000016
17789.50000000002
17297.000000000022
17333.250000000015
18027.00000000001
15264.500000000015
17750.00000000002
15157.000000000013
15622.000000000015
16592.00000000002
16858.000000000022
16583.00000000002
18360.00000000002
14392.750000000015
19063.00000000001
13976.750000000016
19099.000000000022
14325.250000000016
18399.000000000015
13486.250000000015
19074.00000000002
11946.000000000011
20927.000000000022
12071.250000000015
21260.000000000022
12222.500000000013
21118.00000000002
10668.75000000001
20350.000000000025
10572.750000000011
20553.000000000022
11103.750000000011
22323.000000000025
12149.250000000015
22964.000000000022
12760.250000000015
23552.000000000025
12806.250000000015
23867.000000000015
13707.750000000015
23107.000000000022
14108.250000000016
24697.00000000003
14125.250000000016
26261.000000000025
14386.000000000013
26613.000000000025
13835.250000000016
27100.00000000002
12249.000000000015
27535.000000000022
11058.000000000011
27996.000000000025
9794.250000000011
27926.00000000003
8958.50000000001
27230.000000000025
8237.000000000007
26527.000000000022
8862.000000000011
25991.00000000002
9509.75000000001
25837.00000000002
9994.250000000011
26548.00000000003
10087.000000000011
27254.00000000002
9945.500000000011
26516.00000000003
10857.500000000011
25630.000000000022
12102.000000000013
25371.000000000022
13233.750000000016
26830.00000000003
13546.500000000011
28436.000000000033
13655.750000000015
28743.000000000025
13950.500000000015
28616.000000000022
14459.750000000018
28114.000000000033
15278.500000000018
27636.00000000003
15744.500000000018
27572.000000000025
16389.50000000002
28443.00000000003
16984.000000000015
29121.000000000033
17505.75000000002
29021.00000000003
17743.50000000002
28940.000000000033
17496.50000000002
28783.000000000022
17207.25000000002
28690.00000000003
17078.000000000015
28706.000000000033
17125.750000000022
28497.000000000033
17945.75000000002
27318.00000000003
18705.00000000002
26061.000000000015
19750.750000000025
24683.000000000025
20594.500000000022
23454.000000000015
21625.000000000022
22618.000000000022
22289.00000000002
22400.000000000025
22985.500000000025
22269.000000000022
24164.000000000022
21853.000000000022
25530.000000000025
21309.000000000022
26068.000000000025
21746.000000000022
26203.75000000003
24385.000000000025
26169.50000000003
25162.000000000025
26169.000000000033
24736.000000000025