8667.500000000007
8287.000000000007
8998.25000000001
8165.000000000008
9274.000000000011
7978.000000000009
9398.250000000011
7822.000000000008
9329.000000000011
7708.000000000007
9084.00000000001
7606.000000000007
8851.00000000001
7516.000000000006
8680.50000000001
7446.000000000007
8639.50000000001
7427.000000000008
8697.75000000001
7412.000000000007
8853.00000000001
7432.000000000008
8945.00000000001
7359.000000000008
8986.50000000001
7288.000000000008
9085.000000000007
7199.000000000008
9214.75000000001
7168.000000000007
9411.25000000001
7162.000000000008
9534.25000000001
7202.000000000005
9520.50000000001
7238.0000000000055
9345.25000000001
7340.000000000007
9488.50000000001
7362.000000000009
9214.75000000001
7441.000000000008
8966.750000000007
7561.000000000007
8474.750000000007
7698.000000000007
8403.50000000001
7930.000000000007
8756.25000000001
8262.000000000007
9706.000000000011
8596.000000000005
9700.000000000011
8890.00000000001
8604.000000000007
9065.00000000001
7268.500000000007
9142.00000000001
7489.250000000008
9143.00000000001
7947.250000000008
9074.00000000001
8327.250000000007
8780.000000000007
8661.50000000001
8402.000000000011
8818.250000000007
8059.000000000008
9390.00000000001
7840.00000000001
11371.000000000013
7834.000000000009
11712.750000000011
7731.000000000008
11654.000000000013
7277.000000000007
12525.000000000011
7136.000000000006
13614.750000000013
6343.000000000008
14005.500000000011
7442.000000000007
12803.750000000013
13626.00000000001
11111.500000000013
15897.000000000018
10108.000000000011
14518.000000000016
9365.500000000011
8910.000000000007
9228.75000000001
6896.000000000008
9517.000000000011
6992.000000000006
9653.750000000011
7248.000000000007
9786.00000000001
7596.000000000007
9643.000000000011
8864.000000000007
9775.50000000001
9541.000000000011
9623.000000000011
9787.000000000007
9548.000000000011
10029.000000000011
9273.750000000011
10148.00000000001
9560.00000000001
10144.000000000011
9918.00000000001
10025.000000000013
10292.750000000007
9805.00000000001
10594.000000000013
9505.000000000007
10688.500000000007
9182.000000000011
11308.000000000011
8851.00000000001
12056.000000000015
8689.000000000007
11902.75000000001
8688.000000000011
10852.750000000011
8827.000000000007
9944.750000000011
8999.000000000005
9734.250000000011
9113.000000000005
9753.750000000011
9216.000000000007
9841.50000000001
9319.000000000011
9768.250000000011
9339.00000000001
10007.50000000001
9346.000000000011
10822.25000000001
9333.00000000001
10879.000000000011
9300.00000000001
10436.000000000011
9250.000000000005
10321.00000000001
9148.000000000004
9484.00000000001
9019.00000000001
9703.25000000001
8946.000000000011
10063.750000000011
8948.000000000007
10052.500000000011
8991.000000000011
10210.75000000001
9094.000000000007
10775.500000000013
9234.00000000001
11008.25000000001
9344.000000000007
11267.500000000011
9391.000000000004
11525.750000000013
9424.00000000001
11480.500000000011
9461.000000000011
11823.000000000011
9519.000000000011
11459.500000000011
9590.000000000011
11132.500000000011
9615.00000000001
9982.000000000011
9679.000000000011
9564.75000000001
9672.000000000007
9277.00000000001
9699.000000000011
9371.50000000001
9819.000000000011