5390.2500000000055
4470.0000000000055
5510.5000000000055
4436.000000000004
5527.5000000000055
4349.000000000004
5605.750000000006
4368.000000000004
5639.2500000000055
4305.000000000003
5697.0000000000055
4262.000000000005
5737.5000000000055
4208.000000000004
5808.000000000005
4237.000000000003
5916.000000000006
4180.000000000003
5981.7500000000055
4249.000000000005
6071.250000000006
4190.000000000005
6355.250000000006
4291.000000000004
6654.250000000007
4321.000000000005
7039.250000000006
4347.000000000003
7279.000000000007
4504.0000000000055
7650.000000000008
4588.0000000000055
8020.000000000006
4700.000000000005
8317.75000000001
4750.000000000005
8628.00000000001
4807.000000000005
8844.750000000007
4933.000000000005
9242.25000000001
4876.000000000005
9537.75000000001
4907.0000000000055
9724.75000000001
4467.000000000004
9598.75000000001
3288.0000000000036
9471.75000000001
3109.0000000000036
9226.50000000001
2772.000000000003
8986.50000000001
3092.000000000003
8607.75000000001
6233.0000000000055
8745.500000000007
9696.000000000013
8348.750000000011
9334.000000000011
7077.250000000007
7739.000000000008
5340.0000000000055
6726.000000000008
5161.500000000006
5082.000000000006
5037.5000000000055
3291.000000000004
4816.0000000000055
2980.0000000000023
4827.0000000000055
3664.000000000004
5305.7500000000055
3445.0000000000023
6629.000000000007
4266.000000000005
7413.500000000008
4259.000000000003
8911.75000000001
4621.000000000005
9645.50000000001
5360.0000000000055
10579.25000000001
5299.0000000000055
9721.75000000001
5436.0000000000055
8496.75000000001
5606.000000000006
7836.000000000006
5940.000000000004
6211.7500000000055
6268.000000000006
5375.5000000000055
6442.000000000004
5144.0000000000055
6584.000000000007
4891.5000000000055
6684.000000000009
5958.750000000006
7003.000000000007
6810.750000000006
7524.000000000008
7177.250000000008
7676.000000000008
6802.750000000007
7820.000000000009
6933.750000000006
7862.000000000008
7977.750000000008
7541.000000000007
8174.500000000007
7577.000000000008
8335.00000000001
7746.000000000006
8596.000000000011
7842.000000000009
8711.00000000001
7912.000000000009
8901.25000000001
8069.00000000001
8673.50000000001
8237.000000000005
8088.000000000008
8352.000000000005
8574.25000000001
8374.000000000005
7624.500000000008
8521.000000000007
6944.750000000007
8628.000000000007
6923.250000000006
8742.000000000007
6952.750000000007
8774.000000000007
7087.750000000007
8812.000000000007
7546.750000000006
8879.000000000011
7497.500000000007
8955.000000000011
7543.2500000000055
9147.000000000007
7436.000000000008
9372.000000000013
7245.000000000007
9600.000000000011
7359.750000000008
9836.00000000001
7476.000000000009
10075.000000000011
7830.500000000008
10421.00000000001
8103.250000000007
10778.000000000011
7895.500000000007
11229.000000000011
7832.500000000008
11476.000000000013
7674.750000000008
11665.000000000015
7726.250000000008
11966.00000000001
7624.500000000008
11905.00000000001
7516.500000000008
11794.000000000005
7398.250000000008
11467.000000000011
7786.000000000008
12406.000000000013
7964.500000000007
16286.000000000015
7471.750000000007
11932.000000000011
7148.000000000009
9098.000000000005
7103.500000000007
8361.000000000007
7015.000000000006
7748.000000000008