16478.000000000015
16025.000000000016
16033.500000000016
12069.000000000011
16530.50000000002
9894.000000000011
16811.250000000015
9623.000000000005
15861.500000000013
11843.00000000001
15783.000000000018
17041.000000000022
15512.000000000016
17133.000000000022
15575.000000000015
15999.000000000015
16480.75000000002
15232.000000000016
17115.00000000001
15245.000000000016
17359.50000000002
16615.00000000002
16126.250000000016
16251.000000000016
15856.000000000013
14063.000000000015
16572.500000000015
11667.000000000007
17080.50000000002
10392.00000000001
16581.25000000002
9364.000000000005
15494.250000000016
8126.000000000009
15568.250000000018
7631.000000000009
15973.000000000015
6636.0000000000055
14989.000000000016
6028.000000000007
13459.750000000013
6477.000000000007
12784.500000000013
6358.000000000007
12922.250000000013
6919.000000000007
13489.000000000013
7808.000000000008
14690.000000000016
9047.000000000007
15854.250000000018
10404.000000000011
15499.250000000015
8726.000000000011
14246.000000000015
7959.000000000009
13035.250000000015
9175.000000000011
11534.750000000013
10319.000000000011
11349.750000000011
12104.00000000001
10803.50000000001
11802.000000000007
10553.750000000011
12527.000000000015
10393.500000000011
10387.00000000001
10575.750000000013
9161.000000000007
13532.750000000015
9547.000000000011
14224.000000000013
10981.000000000011
12379.500000000011
9847.000000000007
9170.250000000011
6837.000000000007
8054.000000000009
5929.000000000005
8830.750000000007
5260.000000000005
9187.75000000001
6244.000000000004
8846.000000000007
6462.000000000006
8458.75000000001
7016.000000000008
8802.75000000001
8002.000000000009
9590.750000000011
7501.000000000008
8968.75000000001
11802.000000000015
8880.75000000001
13902.00000000001
8935.50000000001
13492.000000000015
9947.750000000007
12363.00000000001
10348.50000000001
14984.000000000015
10717.250000000011
17016.000000000022
10413.500000000011
17097.00000000001
11301.250000000011
15619.000000000016
11987.000000000011
14665.000000000015
12288.250000000013
13334.000000000011
13129.750000000015
13444.000000000018
13190.500000000015
14274.000000000015
12442.50000000001
14554.000000000015
12368.250000000013
12717.000000000007
12291.250000000013
11501.000000000013
11852.000000000011
11129.000000000013
11617.500000000011
11608.000000000013
11434.000000000011
12768.000000000011
10754.75000000001
11825.000000000011
10823.000000000013
12840.000000000007
11505.250000000011
10569.000000000011
12079.500000000013
9049.00000000001
12884.250000000013
10344.000000000011
12353.000000000011
11914.000000000015
9777.75000000001
11358.000000000013
8182.000000000008
10443.000000000011
9173.00000000001
10181.000000000011
10857.000000000011
9872.000000000013
12989.500000000015
10711.000000000013
13288.250000000015
13040.000000000013
12201.000000000013
14343.00000000001
11057.25000000001
14602.00000000001
11724.500000000015
15154.000000000016
12779.250000000013
15843.000000000018
13312.000000000013
16766.000000000022
14965.000000000016
17551.000000000022
15436.750000000015
16208.000000000018
14363.750000000016
17790.000000000015
13537.000000000013
19039.000000000015
12587.000000000015
18674.000000000015
12942.750000000016
19824.00000000002
13727.500000000013
17444.000000000022
12350.250000000015
14644.000000000015
11636.250000000013
12910.00000000001