15589.750000000018
20153.00000000002
15523.750000000015
19242.000000000022
15482.750000000018
17560.000000000015
15681.250000000015
16944.00000000001
15524.750000000015
18278.000000000015
15724.000000000016
18964.000000000015
16602.25000000002
19008.000000000015
17467.750000000015
19545.000000000022
17457.00000000002
20418.00000000002
18286.250000000015
20673.000000000025
19365.75000000002
20935.00000000002
19368.50000000002
21385.000000000022
19186.000000000022
22298.000000000022
18539.75000000002
22723.000000000022
18088.25000000002
22903.000000000025
17885.500000000022
22718.00000000003
17664.25000000002
22522.00000000002
17131.50000000002
22164.000000000025
16572.50000000002
21706.000000000015
15918.750000000015
21325.000000000015
15697.000000000015
20732.000000000025
15932.000000000016
20308.000000000025
15925.000000000018
20035.00000000002
15900.000000000016
20096.000000000022
16431.50000000002
19969.000000000015
16537.75000000002
19887.000000000025
16209.250000000016
19956.000000000025
16096.500000000016
19868.00000000002
16549.25000000002
19855.000000000025
16214.25000000002
19810.000000000022
16233.000000000018
19830.000000000022
15782.000000000016
19840.00000000001
15470.250000000016
19991.00000000002
15559.250000000016
20161.00000000001
13903.750000000011
20263.000000000025
12292.250000000011
20242.000000000025
10941.750000000013
20137.000000000015
11446.750000000013
19474.00000000001
11594.250000000013
17447.00000000001
10571.750000000011
17172.00000000002
8340.50000000001
17587.00000000001
7706.250000000007
17176.00000000001
8630.750000000011
16841.00000000001
8770.500000000011
16787.000000000015
9606.25000000001
16969.000000000015
9733.250000000011
16532.00000000002
9752.250000000007
14846.000000000018
10763.750000000011
13946.00000000001
10529.000000000011
13935.000000000016
10369.750000000011
13743.000000000015
9152.25000000001
13395.000000000011
8611.500000000007
12922.000000000011
8430.500000000007
12456.000000000015
8240.50000000001
12805.00000000001
8349.250000000007
12579.000000000007
9444.000000000007
12784.000000000011
10243.500000000011
13404.000000000013
10747.50000000001
13498.000000000015
10232.750000000011
13764.00000000001
9119.00000000001
13868.000000000015
8676.000000000007
14164.000000000016
9198.500000000011
14299.000000000015
9300.00000000001
13975.000000000016
10087.00000000001
13870.00000000001
10570.750000000011
14525.000000000015
10480.000000000011
14989.000000000013
10290.750000000011
15005.000000000016
10488.250000000011
14307.000000000015
10661.25000000001
14875.000000000018
10514.250000000011
15742.000000000015
10430.250000000013
15780.000000000016
10091.250000000011
15635.000000000015
9857.75000000001
16011.000000000016
10091.500000000013
16460.00000000001
10400.500000000011
16280.000000000013
10678.000000000007
15986.000000000018
10855.500000000011
16131.000000000016
10943.500000000013
15673.000000000016
10896.250000000013
15349.000000000018
10766.500000000011
14980.000000000016
10458.750000000011
14669.000000000013
10219.000000000011
15105.000000000018
10534.500000000011
15965.000000000018
10782.500000000011
15452.000000000016
10316.250000000011
14392.000000000016
9969.25000000001
14644.000000000015
9622.25000000001
15375.000000000015
9246.250000000011
15043.000000000015
8741.25000000001
13420.000000000013
8377.250000000007
13597.00000000001