12507.000000000013
10178.00000000001
12047.500000000015
9876.000000000011
11726.250000000013
8940.000000000011
11833.500000000015
7632.000000000008
11907.000000000013
6592.000000000005
12307.750000000015
5952.000000000005
12471.000000000011
5557.0000000000055
12151.000000000013
5444.000000000003
11734.000000000015
5508.000000000005
12858.000000000015
5632.0000000000055
14142.250000000015
5839.000000000005
14347.500000000015
5978.000000000004
14039.750000000013
6018.000000000007
13985.250000000016
6053.000000000006
14100.750000000013
6075.000000000005
13691.750000000015
6107.000000000008
13011.500000000013
6037.000000000005
13324.250000000015
5941.000000000006
13355.750000000016
6042.0000000000055
12794.500000000013
6545.0000000000055
11322.250000000011
8990.00000000001
9540.500000000011
8517.00000000001
8723.750000000007
8623.000000000011
7953.000000000008
9257.000000000005
7968.000000000008
8623.000000000011
8451.00000000001
8569.000000000011
8631.00000000001
10066.000000000013
8337.75000000001
10150.000000000011
8140.2500000000055
9518.000000000011
8014.250000000008
9529.000000000011
8799.00000000001
13439.000000000011
12618.250000000015
20887.00000000002
16013.00000000002
25777.00000000002
17236.50000000002
27553.000000000033
18206.75000000002
25489.00000000003
19614.75000000002
19372.000000000022
20525.500000000025
13800.000000000013
20194.50000000002
11153.000000000013
18443.500000000015
10834.000000000013
17526.00000000002
10234.00000000001
16764.00000000002
11177.000000000011
15121.750000000016
12981.000000000005
13495.000000000013
13218.000000000015
11700.250000000011
13398.00000000001
9692.250000000011
13249.000000000015
9035.50000000001
12573.000000000015
8365.500000000007
11394.000000000013
8123.500000000007
10155.00000000001
8395.50000000001
9269.000000000007
9011.50000000001
8828.000000000011
9503.000000000007
8488.000000000005
9721.75000000001
7979.000000000009
10195.50000000001
7900.000000000008
10201.25000000001
8075.000000000008
10550.250000000011
8205.00000000001
11078.500000000011
8201.000000000007
11287.250000000011
8169.000000000009
11738.500000000011
8184.00000000001
11519.500000000011
8193.00000000001
11640.500000000013
8197.00000000001
12432.750000000015
8294.000000000007
11856.250000000013
8673.000000000011
11169.250000000011
9582.000000000011
9740.000000000011
10484.000000000013
8288.250000000007
11058.000000000011
7611.250000000006
11175.000000000013
7009.500000000007
11097.000000000013
6587.000000000006
11295.000000000013
6382.500000000006
11402.000000000015
6584.500000000007
11482.000000000011
6609.7500000000055
10980.000000000011
6632.000000000006
10414.00000000001
6291.750000000007
9988.00000000001
6481.750000000006
10001.000000000011
6680.000000000006
10179.000000000005
6671.250000000007
10359.00000000001
6800.750000000006
10557.00000000001
6894.250000000006
10578.000000000011
7018.000000000006
10315.00000000001
7261.000000000007
10071.00000000001
7416.250000000007
9853.00000000001
7287.750000000007
9930.000000000011
7021.000000000006
10067.000000000011
7099.750000000006
10146.000000000013
7250.000000000008
10523.000000000011
7543.750000000006
11182.000000000013
7786.500000000007
11749.000000000011
8031.50000000001
11916.000000000011
8482.250000000007
11620.000000000007
8825.50000000001
11105.000000000013