5618.500000000006
6354.0000000000055
5491.500000000006
5117.000000000006
5103.0000000000055
4366.0000000000055
4503.750000000004
4043.0000000000036
4476.000000000005
3459.0000000000027
5085.7500000000055
2408.0000000000027
5797.0000000000055
2228.0000000000023
6573.500000000007
3842.000000000004
6975.500000000006
4290.000000000003
6943.000000000007
3102.0000000000023
6770.250000000006
2197.000000000002
6667.750000000006
1729.0000000000016
6995.250000000008
1817.0000000000014
7293.750000000008
2127.0000000000027
7099.250000000007
2448.0000000000027
6564.750000000008
2591.0000000000027
6107.750000000006
2429.0000000000027
6230.750000000005
2733.0000000000027
6974.750000000007
4262.0000000000055
7803.750000000008
5379.0000000000055
8409.50000000001
4774.0000000000055
9197.75000000001
4039.0000000000045
8923.25000000001
4298.000000000003
7835.750000000007
5443.0000000000055
7298.000000000007
6956.0000000000055
7450.500000000008
8013.000000000008
7548.250000000007
7838.000000000007
6564.000000000008
7037.000000000008
6597.000000000008
6201.000000000003
7402.000000000008
5431.000000000006
7694.750000000008
4818.0000000000055
7452.750000000009
4956.000000000005
8131.250000000008
5335.000000000004
8944.25000000001
4846.0000000000055
9063.00000000001
4241.000000000005
9079.00000000001
4820.0000000000055
9158.75000000001
5184.0000000000055
8442.75000000001
5455.000000000006
8340.000000000007
5947.000000000004
8247.000000000007
5667.0000000000055
8547.00000000001
4872.000000000005
8626.25000000001
4043.000000000005
8056.750000000006
3593.0000000000036
7885.250000000008
4283.000000000005
8826.00000000001
5241.000000000006
9754.500000000007
5810.000000000008
10221.750000000011
5613.0000000000055
10440.500000000011
5163.0000000000055
10469.000000000011
5194.000000000004
10509.75000000001
5229.0000000000055
9914.50000000001
5083.0000000000055
9130.25000000001
4595.000000000003
8236.750000000007
3996.0000000000036
7844.250000000007
3790.0000000000036
7725.750000000006
4292.000000000004
7295.250000000008
4574.0000000000055
7039.500000000007
4357.0000000000055
7644.7500000000055
4161.000000000003
7993.500000000009
3962.000000000004
9274.50000000001
3641.000000000004
11615.750000000011
3604.000000000004
12124.750000000011
3746.0000000000036
11432.250000000011
4151.000000000004
10054.75000000001
4857.000000000005
7936.250000000007
5269.0000000000055
7672.000000000007
4935.000000000004
8486.00000000001
5561.000000000006
9157.250000000007
6399.000000000008
9222.75000000001
5438.000000000005
9271.25000000001
3967.0000000000036
9641.000000000011
4783.000000000004
9619.250000000011
6520.000000000006
9093.000000000007
7440.000000000006
8813.50000000001
7835.000000000007
8491.25000000001
7866.000000000009
8278.000000000007
7413.0000000000055
8311.750000000007
4834.000000000005
8395.00000000001
3408.000000000004
8887.50000000001
3797.000000000004
9112.75000000001
4970.0000000000055
8727.25000000001
5991.000000000005
8354.25000000001
7219.000000000008
8289.250000000007
7672.0000000000055
7731.250000000009
6488.000000000004
6847.750000000007
5988.0000000000055
7271.000000000006
5917.000000000004
8031.750000000007
5375.0000000000055
6989.000000000006
5059.000000000005
6219.750000000007
5098.000000000006
6394.7500000000055
5076.000000000004