15300.750000000015
16608.00000000002
15565.500000000016
16165.000000000016
16040.000000000013
15490.000000000016
16638.50000000002
15065.000000000013
17114.25000000002
15084.000000000016
17466.25000000002
14952.00000000001
17549.00000000002
14695.000000000015
17854.75000000002
14689.000000000011
18034.75000000002
14749.000000000016
18137.50000000002
14745.000000000013
18252.25000000002
14862.000000000018
18194.00000000002
14635.000000000016
17914.25000000002
14979.000000000016
17892.75000000002
15719.000000000018
17336.75000000002
15777.000000000016
16333.250000000016
15127.000000000016
15566.000000000018
12119.00000000001
14060.000000000013
10658.00000000001
12831.250000000011
11844.00000000001
12433.250000000013
10739.000000000013
11850.000000000013
9849.000000000011
11657.500000000013
12212.000000000013
11384.000000000011
13347.000000000016
10686.000000000011
15904.000000000016
10083.000000000011
17428.00000000002
9585.250000000011
17869.00000000002
9955.250000000011
17980.00000000002
10385.250000000011
16116.000000000013
11203.750000000013
13579.000000000013
11922.250000000013
11441.000000000013
12230.250000000013
9983.000000000011
13016.500000000013
8953.000000000005
13338.500000000015
10764.000000000011
13264.000000000013
11748.000000000011
13701.500000000016
12140.000000000013
13756.500000000015
11630.00000000001
14221.250000000015
12045.000000000015
13523.750000000013
13044.000000000011
10860.250000000011
12771.000000000015
9837.500000000011
14340.000000000015
9970.75000000001
14845.000000000015
9977.750000000011
14249.000000000016
10457.25000000001
15323.000000000016
11071.000000000011
16286.00000000002
10837.500000000011
16566.000000000022
10821.500000000011
16816.000000000015
10797.250000000013
16769.000000000015
11524.250000000011
16467.000000000015
12801.750000000015
16446.000000000022
13608.250000000016
16607.00000000002
13315.250000000016
16621.00000000002
12736.750000000013
16494.000000000015
12062.500000000011
16338.000000000013
11704.500000000011
16386.00000000002
12305.250000000013
16176.000000000016
12907.000000000011
15856.000000000018
13386.250000000015
15908.000000000016
13556.500000000015
16125.000000000018
13690.000000000013
16337.000000000018
13594.250000000015
16359.000000000016
13183.750000000013
16423.00000000002
13286.250000000016
16476.00000000001
13888.000000000015
16374.000000000016
13707.750000000015
16012.00000000002
13178.250000000016
15887.000000000016
13279.500000000015
16135.000000000016
13316.000000000011
16390.000000000015
13446.500000000011
16263.000000000015
13230.750000000016
16125.000000000015
13451.000000000016
16180.000000000016
14324.250000000015
16009.000000000013
14608.750000000015
15655.000000000015
14590.250000000013
15465.000000000016
14417.250000000016
15522.000000000013
14529.750000000015
15714.00000000001
14377.000000000016
15746.000000000015
14119.000000000016
15491.000000000016
14001.000000000011
15366.000000000016
13865.500000000013
15262.000000000018
13688.000000000015
15124.000000000016
13427.500000000011
15050.000000000013
13142.500000000016
15029.000000000015
13018.250000000015
14963.000000000011
12595.500000000015
14927.000000000018
12143.500000000015
14974.000000000013
12034.000000000013
15273.000000000015
12157.250000000013
15337.000000000016
12346.750000000013
15139.000000000016
12333.250000000015
14794.000000000015
12112.500000000013
14356.000000000016