13400.000000000015
8521.000000000007
13271.750000000013
8757.000000000011
12911.000000000013
9912.00000000001
12598.750000000015
10779.000000000013
12033.750000000011
9067.000000000005
12123.50000000001
8249.000000000007
12298.500000000013
8885.000000000005
11842.500000000011
8519.000000000005
11795.250000000013
8311.000000000004
11526.250000000013
8494.00000000001
11241.000000000011
9040.000000000007
11190.250000000011
9809.000000000007
11122.000000000015
10196.000000000011
11656.000000000011
10586.000000000011
12095.250000000015
10966.000000000011
12073.750000000013
10623.000000000011
12019.250000000013
10589.00000000001
11895.750000000011
10745.000000000011
11857.250000000011
10224.00000000001
11445.750000000011
9036.00000000001
11160.000000000013
9459.000000000007
11017.500000000011
10810.000000000011
11226.750000000011
11749.000000000011
10567.000000000011
14920.000000000015
10040.000000000011
18673.000000000015
9048.500000000007
19477.000000000022
9541.75000000001
17366.000000000015
10401.500000000011
14511.00000000001
11013.000000000011
12912.00000000001
11108.00000000001
11869.000000000011
12032.500000000015
10293.000000000011
13939.000000000015
10625.000000000011
16468.250000000015
10785.000000000013
21406.250000000022
10492.000000000013
23625.25000000003
10393.000000000005
21820.750000000025
10091.000000000007
18956.00000000002
10482.000000000013
15695.750000000015
10906.000000000013
13857.750000000016
11286.000000000011
12121.000000000013
11587.00000000001
9636.25000000001
11529.000000000015
8732.500000000011
12072.00000000001
8418.50000000001
12168.000000000007
9066.00000000001
12213.000000000015
9569.250000000011
12298.000000000011
9258.000000000011
12376.000000000015
9014.500000000011
11726.000000000007
9502.25000000001
10692.000000000011
10063.500000000011
9572.000000000011
10330.000000000011
9247.000000000011
10879.000000000011
8614.000000000007
10842.500000000011
8312.00000000001
11448.250000000013
8078.000000000009
11759.750000000015
7928.000000000009
11123.000000000011
7631.000000000009
10898.25000000001
7630.000000000008
10982.750000000011
7807.000000000008
11912.000000000011
8067.000000000008
11493.000000000013
7847.000000000008
11323.250000000011
7565.000000000008
11586.000000000015
7380.000000000008
12101.750000000013
6934.000000000008
11846.750000000013
6350.000000000006
13109.750000000013
6150.000000000005
14113.000000000015
5569.000000000005
13274.000000000013
5957.000000000007
12763.000000000013
7366.000000000008
12485.500000000015
7834.000000000007
12069.00000000001
7862.000000000008
11904.250000000011
8115.000000000007
12350.250000000013
7563.000000000006
12873.750000000015
6733.000000000006
13569.000000000013
6634.000000000006
13589.000000000016
7023.000000000008
12468.750000000013
6958.000000000009
12144.750000000013
6231.000000000007
13064.000000000015
4057.000000000004
13846.500000000013
2086.0000000000027
13768.000000000013
2263.0000000000027
13783.750000000011
2552.000000000003
13650.000000000011
2860.000000000003
13241.000000000015
2844.0000000000027
12275.000000000007
2654.0000000000027
11629.750000000013
2798.000000000003
10992.000000000013
2749.0000000000027
10996.000000000011
2617.000000000003
11351.750000000013
5539.000000000006
9889.75000000001
9189.000000000011
8150.500000000007
4373.000000000005
7638.250000000007
2509.0000000000027