2939.250000000003
8580.000000000005
2905.250000000003
7780.000000000007
2923.750000000003
5812.000000000003
3147.2500000000023
4089.000000000004
3319.5000000000036
1769.000000000002
3373.750000000003
1897.000000000002
3415.250000000004
1871.0000000000011
3465.7500000000036
1832.000000000002
3620.5000000000036
1882.0000000000016
3676.0000000000036
1695.0000000000018
3648.5000000000036
2388.0000000000027
3864.2500000000036
3512.0000000000027
4164.5000000000055
3496.000000000003
4525.500000000004
3777.000000000004
4909.000000000006
3480.000000000004
5130.000000000005
3387.0000000000036
6477.000000000006
3612.0000000000036
6416.2500000000055
3654.0000000000036
6159.000000000006
3759.000000000004
6362.500000000006
3786.000000000004
6446.0000000000055
3912.0000000000036
5670.000000000006
4268.000000000005
5570.0000000000055
4025.000000000003
5146.000000000005
3873.000000000003
5022.750000000004
3896.0000000000036
5031.250000000005
3874.000000000004
4726.500000000005
3780.0000000000023
4729.0000000000055
3839.0000000000027
5281.750000000006
4217.000000000003
4992.000000000005
3491.0000000000036
5182.2500000000055
3181.0000000000027
4819.7500000000055
3423.000000000002
5509.250000000006
3543.000000000003
6124.750000000007
3492.000000000003
5755.500000000005
3361.0000000000023
5541.000000000006
4334.000000000005
5431.5000000000055
4201.000000000002
5261.7500000000055
3183.000000000002
4842.7500000000055
3525.000000000003
5264.000000000005
3821.0000000000036
5384.250000000006
3864.0000000000036
5607.0000000000055
4221.000000000005
6139.250000000007
3985.000000000004
5636.250000000006
3641.000000000004
5370.2500000000055
3331.000000000003
5378.500000000005
3671.000000000003
5245.7500000000055
4323.000000000005
5028.250000000005
4744.0000000000055
4833.500000000005
4390.000000000004
4776.500000000005
3547.0000000000036
4969.000000000005
3304.0000000000023
5317.7500000000055
3714.0000000000027
5486.0000000000055
3517.0000000000045
5493.0000000000055
3453.0000000000036
5399.500000000006
3188.0000000000036
5211.7500000000055
3511.000000000003
4353.750000000004
4104.0000000000055
3684.250000000003
3586.0000000000036
3686.7500000000036
3606.000000000002
3449.0000000000027
3611.0000000000036
3715.7500000000036
3628.0000000000036
3983.500000000004
3212.0000000000036
4042.5000000000045
2213.0000000000023
4288.000000000005
1919.000000000002
6228.2500000000055
2532.0000000000027
7764.250000000006
2890.0000000000027
6963.000000000007
3828.000000000005
5439.500000000006
4553.000000000003
4544.500000000005
6484.0000000000055
4267.500000000005
6219.000000000005
3958.5000000000036
5516.000000000005
4252.0000000000055
3886.000000000004
4370.750000000005
4470.0000000000055
3615.0000000000027
4997.000000000002
3604.7500000000036
5335.000000000004
3456.750000000003
6032.000000000006
3141.750000000003
6288.000000000005
2697.0000000000027
6469.0000000000055
2384.2500000000023
6594.000000000007
2320.7500000000023
7029.000000000008
2383.7500000000027
6870.000000000006
2396.0000000000023
6743.0000000000055
2111.5000000000023
6346.0000000000055
1855.7500000000016
5976.000000000005
1793.7500000000018
5467.000000000006
1803.5000000000018
5171.000000000005
1763.2500000000016
5009.000000000005
1854.250000000002
4417.000000000004
1866.250000000002
3491.0000000000036
1878.000000000002
1823.000000000002