7915.5000000000055
5236.000000000004
6936.250000000007
10395.000000000007
6590.000000000007
13072.000000000016
7103.000000000009
13135.000000000011
7790.000000000009
13406.000000000016
8139.000000000009
13454.000000000011
8105.250000000007
13202.000000000013
7885.500000000008
13054.000000000013
6714.750000000008
12630.000000000016
5907.250000000007
12342.000000000005
5980.250000000006
12448.000000000011
6132.750000000007
12031.000000000016
6037.000000000006
11850.000000000007
6831.500000000006
12136.000000000013
8262.25000000001
12760.000000000015
9240.00000000001
13313.000000000013
8869.50000000001
13582.00000000001
8178.000000000008
14546.000000000016
7231.000000000007
10387.000000000011
6483.000000000007
7684.000000000004
6719.750000000006
8754.000000000005
6487.0000000000055
8477.000000000007
6792.000000000007
7182.000000000006
5775.0000000000055
8537.000000000007
4891.7500000000055
15758.000000000018
4497.500000000004
21418.000000000025
4733.250000000004
19033.000000000025
6076.000000000006
17564.000000000015
6490.000000000007
15603.000000000011
6698.000000000007
12324.000000000013
6443.000000000008
11330.000000000011
8107.500000000007
10142.000000000011
8419.750000000007
10990.000000000007
9531.250000000011
10370.000000000011
12998.500000000016
5354.000000000004
19042.75000000002
1608.0000000000011
21895.500000000015
2099.0000000000014
21266.750000000022
1641.000000000002
19077.50000000002
1335.0000000000011
15852.750000000016
3152.0000000000036
11498.500000000013
3459.0000000000027
9623.250000000007
3863.000000000004
7951.000000000008
4054.0000000000045
6006.2500000000055
4165.0000000000055
5846.750000000007
4323.000000000005
5997.000000000006
3977.000000000004
6711.250000000006
3747.000000000004
7061.000000000008
3382.000000000004
7713.250000000007
3869.000000000004
7655.500000000008
4425.000000000004
7449.000000000008
5080.000000000004
7506.250000000007
6317.000000000006
7751.250000000007
6349.000000000005
8830.500000000007
6199.000000000006
10062.750000000011
6697.000000000005
10948.250000000011
7422.000000000009
12255.000000000013
8654.00000000001
12663.250000000011
10008.000000000013
12777.750000000015
11334.000000000013
11830.000000000013
11998.00000000001
11186.500000000013
12910.00000000001
10234.75000000001
13888.000000000015
9274.75000000001
13945.000000000016
8411.250000000007
13474.00000000001
8791.50000000001
14697.000000000016
9726.25000000001
15778.000000000016
10979.500000000011
16636.00000000002
11869.000000000015
16695.000000000007
12827.750000000015
17018.00000000002
14037.500000000013
16349.000000000016
14470.500000000015
14484.000000000018
14104.250000000015
10983.000000000015
13272.000000000015
7544.00000000001
13187.500000000011
8095.000000000009
12764.000000000013
8608.00000000001
12281.750000000013
9012.00000000001
12591.000000000013
8648.000000000005
12591.250000000015
8513.00000000001
12808.000000000013
9362.00000000001
12448.750000000013
8491.000000000007
12359.750000000013
7487.000000000006
11420.25000000001
7839.000000000008
11324.500000000011
7656.000000000007
12594.750000000013
8208.00000000001
13104.500000000016
9330.000000000007
13354.500000000016
13039.000000000013
13386.250000000015
11791.000000000013
13628.500000000016
10680.000000000013
13155.250000000015
9669.000000000011
12868.500000000011
6405.000000000006