17064.75000000002
17716.000000000007
18364.50000000002
17754.00000000001
20014.250000000022
17638.000000000015
21662.75000000002
17406.000000000015
21720.250000000022
17055.000000000022
21488.250000000022
16646.000000000015
21740.250000000022
16177.000000000016
21717.750000000025
15241.000000000018
20528.25000000002
13499.000000000015
18361.750000000022
11678.00000000001
15809.750000000015
10977.000000000011
13980.000000000013
10618.000000000013
13629.500000000015
10775.00000000001
14143.000000000015
11770.00000000001
15564.000000000018
13010.000000000016
17317.50000000002
13471.000000000011
18434.500000000022
13199.000000000015
20046.500000000022
12800.000000000011
20899.000000000025
12414.000000000007
20759.250000000022
11979.000000000013
20461.750000000022
11553.000000000011
19402.000000000022
10823.000000000011
18615.250000000015
9437.000000000011
17735.250000000015
7827.000000000007
16120.250000000016
7026.000000000007
13775.750000000013
6910.0000000000055
9067.00000000001
7262.000000000007
4916.2500000000055
8010.000000000009
3671.5000000000036
8658.000000000011
3250.0000000000023
8728.000000000007
3545.0000000000045
8407.000000000007
3714.7500000000036
8038.000000000008
4150.750000000004
7276.0000000000055
5068.0000000000055
6243.000000000007
5319.0000000000055
5299.0000000000055
5214.000000000006
4486.000000000004
7817.750000000008
3920.0000000000036
14056.250000000013
4022.000000000004
17286.000000000015
5298.0000000000055
17406.500000000015
5586.000000000006
15440.250000000016
3680.000000000004
11270.000000000013
3082.0000000000027
7790.250000000008
2857.0000000000023
5370.750000000005
3222.0000000000027
3154.7500000000023
4194.000000000005
3226.0000000000036
4650.0000000000055
4962.500000000006
4475.000000000005
6034.500000000007
4339.000000000003
7517.250000000006
4144.000000000005
9086.750000000011
3726.0000000000036
9569.00000000001
2992.0000000000036
9794.000000000011
2253.0000000000023
9669.500000000011
1988.000000000002
8844.000000000007
2050.0000000000014
8276.75000000001
2587.0000000000027
8018.000000000006
3370.000000000003
8175.750000000008
3996.0000000000036
8515.500000000007
4201.000000000005
8485.000000000007
4167.000000000005
9081.75000000001
4105.000000000004
9432.25000000001
4114.000000000005
9953.25000000001
4194.000000000005
10804.000000000011
4115.000000000003
11044.000000000013
3715.0000000000045
11242.000000000011
3609.0000000000036
11509.000000000015
4105.000000000004
11593.250000000013
4704.0000000000055
11523.000000000011
5134.000000000006
11197.250000000011
5471.000000000006
11036.75000000001
5540.0000000000055
11716.250000000011
5463.000000000003
12026.000000000013
5770.000000000006
12083.250000000013
6295.000000000005
12112.750000000015
6670.000000000007
12291.750000000011
7127.000000000007
11818.500000000011
7519.000000000008
11688.75000000001
7534.000000000007
12013.500000000011
7258.000000000008
12523.000000000015
7073.000000000007
13311.500000000013
7215.0000000000055
13626.000000000013
7602.000000000008
13954.500000000013
8157.000000000008
13716.250000000011
8658.000000000011
13186.750000000013
9017.000000000007
12919.250000000011
9143.00000000001
12745.750000000011
9405.000000000007
12379.000000000013
9865.000000000011
11659.500000000013
10196.000000000011
10872.50000000001
10036.000000000011
10791.000000000013
9362.000000000011