9798.00000000001
6694.000000000004
9947.75000000001
6483.000000000008
9563.000000000011
6277.000000000008
8938.75000000001
6383.000000000006
9018.50000000001
6467.000000000007
9962.50000000001
6642.0000000000055
11284.000000000013
6581.000000000006
12502.500000000015
6344.000000000006
13238.500000000015
5830.000000000005
13287.000000000015
5909.000000000008
12538.000000000015
6220.000000000005
12052.500000000011
6403.000000000007
11657.000000000011
6711.000000000007
10821.750000000013
7011.000000000007
10846.500000000013
7324.000000000005
11134.000000000013
7708.000000000008
11299.25000000001
7812.000000000007
10682.75000000001
7935.000000000008
10339.75000000001
7675.000000000007
9588.750000000011
7044.000000000008
8399.750000000007
7209.000000000007
8220.25000000001
7665.000000000008
8256.75000000001
8409.000000000011
8654.00000000001
9137.000000000011
9930.250000000011
9612.000000000007
10347.500000000011
9825.000000000007
10660.750000000013
9647.000000000013
9980.000000000011
9053.000000000005
9766.25000000001
7972.000000000009
9249.00000000001
6079.000000000008
9128.750000000011
5096.000000000005
9004.250000000007
4837.0000000000055
8830.25000000001
4676.000000000004
9718.250000000007
4685.000000000005
10369.250000000013
4752.000000000004
10331.75000000001
4880.0000000000055
10100.000000000011
4789.0000000000055
9907.000000000011
4941.0000000000055
9237.25000000001
6419.000000000004
9341.00000000001
6740.000000000004
9336.000000000007
7054.000000000008
9427.25000000001
7544.000000000009
9645.50000000001
7756.000000000008
9301.25000000001
7956.000000000007
8935.50000000001
8344.000000000005
8561.75000000001
8707.00000000001
8758.750000000011
8681.000000000007
8809.00000000001
8449.00000000001
8578.25000000001
8440.000000000004
8272.00000000001
8002.000000000009
8180.750000000009
7903.000000000007
8242.75000000001
8347.000000000007
8349.75000000001
10086.00000000001
8556.00000000001
12824.000000000016
9263.25000000001
14270.000000000016
9415.25000000001
14204.000000000015
9534.25000000001
13021.000000000016
9990.250000000011
12229.000000000007
11920.500000000013
10852.000000000011
11800.25000000001
10773.000000000013
10248.500000000011
9164.000000000011
10212.750000000011
8935.000000000011
9401.75000000001
8480.000000000005
8980.00000000001
9065.00000000001
9125.75000000001
9600.000000000011
9194.00000000001
9480.000000000011
9040.750000000007
9271.00000000001
9153.25000000001
9584.00000000001
9868.750000000011
8919.000000000007
10879.000000000011
7672.0000000000055
11207.000000000011
7156.000000000005
10445.00000000001
7549.000000000008
9326.75000000001
7557.000000000008
9102.50000000001
7839.000000000008
8515.250000000007
8575.000000000007
8230.000000000007
8857.000000000007
8632.250000000007
8788.000000000007
8838.75000000001
8548.00000000001
9087.00000000001
8363.000000000004
9466.500000000011
8355.000000000004
9793.750000000011
8403.00000000001
10831.750000000011
8260.000000000005
12092.750000000011
8354.000000000007
12573.500000000013
8275.000000000005
13044.000000000011
8384.000000000007
13364.250000000015
8582.000000000007
13409.250000000011
7994.000000000009
13589.000000000015
7469.000000000009
13523.500000000015
7089.000000000008
13452.250000000013
6843.000000000007