19881.25000000002
16615.000000000022
19868.750000000022
17090.000000000015
19527.00000000002
16926.00000000002
19315.00000000002
17561.000000000015
19246.500000000022
17727.000000000022
19011.50000000002
18552.000000000015
19391.50000000002
19596.00000000001
19376.25000000002
20063.000000000022
19424.250000000015
20310.00000000002
19734.750000000015
20554.00000000002
19757.500000000022
20867.000000000022
19858.00000000002
21601.000000000025
19573.75000000002
21752.000000000025
19905.00000000002
20556.000000000022
19682.25000000002
19313.000000000015
18464.500000000015
19401.000000000022
18535.750000000022
19375.000000000015
19179.25000000002
20076.000000000015
19275.750000000015
18839.000000000022
17516.25000000002
15267.000000000015
15823.750000000016
14269.000000000015
13643.750000000013
12724.000000000011
11928.250000000013
11147.000000000015
10949.25000000001
13217.000000000015
8496.75000000001
19213.00000000002
6863.500000000007
24684.00000000001
6965.500000000007
24952.000000000025
9031.75000000001
21230.000000000025
11491.500000000011
17260.00000000002
13835.250000000011
14358.000000000018
15439.250000000016
11783.00000000001
16889.50000000002
10250.000000000011
19682.000000000022
11481.000000000013
20271.250000000022
13027.000000000015
17956.00000000002
14896.000000000016
15487.000000000018
16471.00000000002
13902.000000000015
17550.000000000022
15185.250000000018
17412.000000000022
15163.250000000015
17191.00000000001
10609.250000000011
18589.00000000002
9672.75000000001
18764.000000000015
10286.500000000011
18507.000000000015
10627.00000000001
18560.00000000002
10499.250000000011
18426.000000000022
10157.500000000011
18086.00000000002
11154.500000000011
18171.000000000015
12032.250000000013
18210.00000000001
12662.750000000013
17668.000000000015
12734.000000000013
17831.00000000001
11752.25000000001
18255.00000000001
11245.250000000011
18011.00000000002
11723.750000000013
17353.00000000002
11927.250000000013
16524.000000000015
12636.500000000013
15950.000000000016
13983.500000000018
16494.000000000015
14447.000000000015
17461.00000000002
15208.750000000015
17989.000000000015
16638.75000000002
17842.00000000002
16110.750000000016
17599.00000000002
15459.500000000015
17454.000000000015
15180.500000000016
16836.00000000002
13562.000000000015
16837.00000000002
12821.000000000013
16992.00000000001
12217.750000000011
17103.000000000015
10674.500000000011
17710.00000000001
11280.250000000011
17446.00000000002
12451.750000000013
16514.00000000002
13320.000000000013
16668.00000000002
13774.250000000013
17007.00000000001
13811.000000000015
16498.000000000015
14347.250000000015
16206.000000000016
14364.250000000015
15846.000000000016
14127.500000000016
15534.000000000016
14848.500000000015
15164.000000000015
15475.750000000016
15447.000000000016
15212.750000000016
15828.000000000016
15222.000000000015
15959.000000000015
15102.750000000015
16201.000000000015
14740.250000000015
16168.000000000016
14467.750000000013
16265.000000000016
14743.000000000016
16512.000000000015
14989.750000000015
16816.000000000015
14651.250000000018
16482.000000000015
14710.250000000015
15694.000000000015
14849.750000000016
15703.000000000016
14945.500000000015
16010.000000000018
14749.500000000016
15877.000000000016
15547.000000000015
15333.00000000001
15821.750000000016
15076.000000000015
15093.500000000015
14591.000000000007