12965.000000000016
10542.000000000013
13102.000000000016
9644.000000000013
13277.000000000013
8823.000000000005
13394.250000000016
8176.000000000009
13561.750000000015
8053.000000000008
13826.000000000015
8746.00000000001
13418.750000000015
9616.000000000005
13131.750000000015
10237.000000000011
13092.000000000013
9587.000000000011
12717.750000000015
8453.000000000007
12033.500000000013
7541.000000000007
11605.500000000011
7761.000000000008
11208.500000000011
9493.00000000001
10851.500000000011
10790.000000000011
10660.75000000001
11495.000000000013
10655.000000000013
12825.000000000007
10893.750000000013
13857.000000000015
11518.500000000015
14376.000000000016
12481.000000000011
14427.000000000016
12904.750000000013
14417.000000000015
13033.500000000015
13884.000000000015
12966.000000000015
13183.000000000016
12333.250000000015
12037.000000000011
11650.750000000011
10042.000000000005
11747.750000000013
9437.000000000011
12385.500000000013
9229.000000000011
13175.500000000015
9271.00000000001
13688.500000000011
9461.000000000011
13815.250000000013
9646.000000000005
12883.75000000001
10133.00000000001
11519.500000000013
11031.000000000013
10794.000000000011
12146.000000000011
10939.500000000013
13193.000000000016
10270.50000000001
13795.000000000018
9260.25000000001
13926.000000000016
8565.00000000001
13769.000000000016
8365.50000000001
13635.000000000015
8996.25000000001
13746.000000000015
9341.500000000011
13936.000000000007
9719.00000000001
14078.000000000016
9675.50000000001
13895.000000000016
9348.25000000001
13236.000000000007
9804.750000000011
12992.000000000007
10745.250000000011
14647.000000000013
11893.500000000015
15167.000000000015
12445.250000000013
11992.000000000011
12832.250000000015
10179.000000000005
12932.500000000015
9963.00000000001
12634.500000000013
11167.00000000001
12725.250000000015
10944.000000000013
12198.000000000013
10755.000000000013
11648.000000000013
11238.000000000011
11826.250000000011
11877.000000000013
11741.750000000011
12720.000000000013
11412.000000000013
13599.000000000013
11760.750000000011
14125.000000000011
12008.250000000013
13930.000000000015
11766.000000000013
13422.000000000015
11318.000000000011
12675.000000000015
10478.000000000013
11430.000000000013
10479.00000000001
9919.00000000001
11396.250000000013
8855.000000000005
12907.500000000013
8520.000000000005
13697.500000000015
8851.00000000001
13909.750000000013
9468.000000000011
13773.250000000016
9991.000000000011
13502.500000000011
10505.00000000001
12614.250000000013
11280.00000000001
11171.000000000011
12154.000000000013
10118.000000000011
12759.00000000001
10148.75000000001
12965.000000000016
9386.250000000007
12785.000000000011
9335.25000000001
12956.00000000001
9655.25000000001
13054.000000000013
9422.00000000001
13196.000000000011
9534.50000000001
13256.000000000011
9725.00000000001
13465.000000000013
9575.25000000001
13862.000000000013
9039.00000000001
14345.000000000015
9145.75000000001
14085.000000000015
9561.750000000011
13000.000000000015
9867.000000000011
12689.000000000013
9929.500000000011
13847.000000000013
9800.250000000011
14512.000000000015
9707.25000000001
14262.000000000011
9780.750000000011
12843.000000000015
10024.500000000013
11699.000000000013
10107.00000000001
9913.000000000005
10611.250000000011
8588.000000000005
11132.000000000011
8262.000000000007