14425.750000000016
14795.000000000015
14370.000000000015
15796.000000000018
13885.000000000013
16163.000000000016
13970.000000000015
16916.00000000001
14245.000000000015
19288.00000000002
13418.250000000015
20147.000000000022
12989.750000000016
16914.00000000001
13342.000000000013
14962.000000000016
13727.000000000011
15522.000000000016
13871.750000000016
15540.000000000016
13699.000000000015
15802.000000000015
13631.000000000013
16954.000000000015
14080.500000000016
17730.000000000015
15025.750000000015
17544.00000000002
15979.000000000016
17734.00000000002
16166.000000000016
18203.000000000015
16362.500000000018
19089.000000000022
16498.250000000015
20467.000000000025
15947.000000000016
20691.00000000002
15545.250000000016
21432.000000000015
14779.500000000013
22121.000000000022
13079.500000000015
21326.000000000025
11130.500000000011
17946.00000000002
9158.75000000001
14831.000000000015
7967.750000000009
11835.000000000007
7406.500000000008
8897.00000000001
6635.250000000009
8548.00000000001
6315.500000000007
8537.000000000007
8972.250000000005
15102.000000000015
10970.250000000013
19167.00000000002
11230.500000000013
18363.00000000001
11990.750000000015
13884.000000000016
12774.500000000011
10525.000000000011
12400.500000000015
10152.000000000007
12923.250000000015
11481.000000000015
13461.500000000015
13280.000000000016
13164.000000000011
14572.000000000018
11788.000000000011
15725.000000000015
10807.000000000013
16174.000000000016
9795.750000000011
15943.000000000018
9053.75000000001
16402.000000000015
8388.50000000001
16823.00000000002
5866.2500000000055
16776.00000000002
5995.0000000000055
16552.00000000001
6914.250000000007
16654.00000000002
7356.000000000008
17219.00000000002
8454.75000000001
19078.00000000002
9343.00000000001
19998.000000000022
9714.25000000001
20023.00000000001
9958.000000000011
20010.000000000022
10858.750000000011
19792.00000000002
11783.000000000013
19247.000000000022
11692.500000000011
18059.00000000001
12560.250000000015
16529.00000000002
13314.500000000015
14770.00000000001
14351.500000000013
15012.000000000015
14341.000000000015
14619.000000000013
13646.750000000015
12917.000000000013
13547.250000000015
10825.000000000011
12876.000000000015
10624.000000000011
12055.25000000001
11286.000000000011
11467.000000000013
11401.000000000013
12987.000000000015
10037.000000000011
13962.750000000013
9789.000000000011
14229.000000000015
11209.000000000013
14968.750000000016
13806.000000000011
15091.250000000015
13771.000000000013
14790.250000000013
11932.000000000011
14392.250000000015
10614.000000000013
14055.000000000015
10249.000000000011
13571.500000000015
9879.000000000011
13583.500000000011
8739.000000000005
14329.500000000015
8390.000000000005
14092.750000000015
8169.000000000009
13831.750000000015
7861.000000000008
13571.500000000015
8373.00000000001
13671.250000000015
9126.00000000001
14606.500000000015
9372.000000000011
14524.500000000016
10098.000000000011
14614.750000000015
10316.000000000013
14193.750000000013
9820.00000000001
14467.750000000016
10515.000000000011
14876.000000000015
10272.000000000011
14919.750000000015
10034.000000000011
15133.500000000013
10486.000000000011
15142.000000000016
10670.000000000007
15225.750000000013
10628.000000000011
15447.000000000016
11221.000000000013
15348.000000000015
11029.000000000013
15243.250000000016
10679.00000000001