1277.0000000000011
1268.0000000000014
4191.000000000001
4092.000000000002
6710.000000000002
6496.000000000004
17113.000000000004
15784.000000000005
31450.00000000004
28388.000000000033
31698.000000000036
28604.000000000033
31697.000000000033
28600.000000000025
31697.000000000033
28600.000000000025
31697.000000000033
28600.000000000025
31697.000000000033
28600.000000000025
19112.25000000002
19450.000000000015
12348.000000000013
14140.000000000011
13596.750000000013
14502.000000000013
13744.500000000013
14548.000000000018
13377.500000000011
15016.000000000016
12790.750000000011
15477.000000000015
12098.500000000013
15361.000000000016
11575.000000000011
14581.000000000016
11086.00000000001
13444.00000000001
10616.50000000001
12791.000000000015
10434.75000000001
12764.000000000007
10120.25000000001
12945.000000000016
9911.00000000001
12531.00000000001
9769.500000000011
12221.000000000011
9601.000000000011
12397.000000000016
9734.250000000011
12591.00000000001
10243.25000000001
12902.000000000013
10934.750000000011
13422.000000000015
11197.500000000011
13838.000000000016
10766.750000000011
14206.00000000001
9877.00000000001
14462.000000000016
8564.25000000001
14659.00000000002
8041.250000000008
14668.000000000016
7211.750000000007
14377.000000000013
6748.000000000008
14013.000000000016
7068.750000000007
13726.000000000015
7764.250000000008
13288.000000000011
12210.750000000013
12859.000000000016
16711.500000000015
12405.000000000011
18425.50000000002
11878.000000000015
15536.500000000015
12299.000000000013
11329.250000000013
13501.000000000011
9831.25000000001
13825.000000000018
9141.750000000007
14760.000000000013
9058.250000000007
13261.00000000001
8109.500000000009
11532.000000000011
8586.25000000001
11395.000000000011
10306.250000000011
12067.000000000011
11387.000000000013
13039.000000000013
11239.500000000013
12737.000000000015
11233.250000000011
13189.000000000016
11422.250000000011
13577.000000000011
11171.500000000011
13662.000000000007
11519.250000000013
13747.000000000015
11225.25000000001
13884.000000000016
10610.250000000011
14265.000000000015
9668.750000000011
14616.000000000015
9311.75000000001
14888.000000000016
9326.500000000007
14880.000000000018
9402.500000000011
14410.000000000013
9007.000000000011
14090.000000000013
8650.500000000007
14122.000000000016
8773.000000000007
13859.000000000013
8465.25000000001
13470.000000000011
8158.750000000007
13123.00000000001
8614.50000000001
12701.000000000016
9240.750000000011
12098.000000000011
9330.500000000011
11679.000000000011
9445.750000000011
11522.000000000013
9604.50000000001
11471.000000000013
9784.500000000011
11451.000000000013
9767.500000000011
11366.000000000013
9949.000000000011
11321.000000000013
10107.00000000001
11489.000000000015
10042.500000000011
11639.000000000013
10419.250000000011
11759.000000000007
11283.000000000013
11850.000000000007
11245.250000000013
11824.000000000011
10510.75000000001
12268.000000000011
25579.000000000022
24478.00000000003
31697.000000000033
28600.000000000025
31697.000000000033
28600.000000000025
31697.000000000033
28600.000000000025
31697.000000000033
28600.000000000025
31697.000000000033
28600.000000000025
31702.000000000036
28636.000000000033
23291.000000000007
21188.000000000015
6586.000000000004
6384.0000000000055
4191.000000000001
4092.000000000002
1277.0000000000011
1268.0000000000014