5503.500000000005
3392.000000000003
5669.5000000000055
3328.000000000002
5967.500000000006
3295.0000000000027
5738.500000000006
3171.000000000003
5043.250000000005
3411.0000000000027
5389.500000000006
4275.000000000003
6037.500000000006
5152.000000000006
6880.500000000008
5895.0000000000055
7399.750000000007
6195.000000000007
7570.500000000006
5873.000000000007
7416.000000000006
5226.0000000000055
7358.000000000007
4503.000000000003
7690.250000000008
4007.000000000004
8013.250000000009
3756.0000000000027
8612.500000000011
3770.000000000004
8729.250000000011
4075.000000000004
10003.50000000001
4692.000000000005
10879.500000000011
5424.000000000006
11090.500000000013
5886.000000000004
11090.000000000013
6086.000000000006
10716.750000000011
6647.000000000006
10203.75000000001
7582.000000000007
9074.750000000007
8683.000000000007
8439.00000000001
9302.00000000001
7878.750000000009
9626.000000000007
7304.250000000006
9605.000000000011
5636.5000000000055
9715.000000000011
5094.2500000000055
9712.000000000011
4182.750000000005
9358.000000000011
3832.500000000004
8136.000000000008
4897.000000000005
6666.0000000000055
5144.0000000000055
5923.000000000005
5757.5000000000055
5376.0000000000055
6549.250000000006
4759.0000000000055
8030.750000000009
4336.000000000003
10395.00000000001
3706.000000000004
11617.000000000013
3459.0000000000027
12761.25000000001
3603.000000000004
13243.250000000015
3595.000000000003
13643.500000000011
3702.000000000004
13910.750000000015
3563.0000000000023
14258.500000000015
3328.000000000002
14341.500000000011
3131.000000000004
14018.500000000013
4540.0000000000055
13488.000000000015
9273.000000000005
12706.750000000013
11723.00000000001
10118.00000000001
13407.000000000018
7250.000000000008
12551.000000000013
5640.500000000005
7032.0000000000055
5680.0000000000055
3528.000000000004
6164.2500000000055
2800.0000000000023
6057.250000000006
2739.0000000000023
6403.500000000006
2555.0000000000027
6830.2500000000055
2361.000000000002
6739.500000000006
2223.0000000000027
6817.250000000007
2339.0000000000014
7331.500000000009
2308.0000000000023
7082.500000000006
2346.0000000000023
7199.750000000006
2599.000000000002
8618.00000000001
3436.0000000000027
9084.25000000001
4707.000000000004
8646.250000000007
5304.0000000000055
8551.500000000007
5476.000000000004
8626.750000000007
5351.000000000006
7504.500000000008
4908.0000000000055
6488.750000000006
5026.0000000000055
5362.5000000000055
5617.000000000006
4320.000000000005
6126.0000000000055
3803.500000000003
6385.0000000000055
3421.2500000000036
6510.000000000006
3390.000000000004
6586.000000000006
2880.750000000003
6645.000000000006
2877.5000000000023
6656.000000000004
3031.7500000000027
6569.000000000007
3142.0000000000023
6488.000000000008
4102.250000000004
6187.0000000000055
5067.000000000005
5925.000000000004
5571.500000000006
5795.000000000004
5977.000000000006
5545.000000000006
6339.750000000006
5136.000000000006
6673.000000000007
4485.0000000000055
6859.2500000000055
3460.0000000000023
7029.500000000006
2684.0000000000027
7604.250000000008
2268.000000000001
8172.250000000009
2021.0000000000018
8471.75000000001
1835.0000000000018
8741.000000000007
1690.0000000000011
8726.25000000001
1928.0000000000023
8741.75000000001
3317.000000000003
8934.00000000001
4680.000000000004