1399.5000000000014
301.0000000000004
1119.2500000000014
590.0000000000006
1020.500000000001
801.0000000000007
1258.2500000000014
735.0000000000008
1501.0000000000014
537.0000000000007
1794.5000000000016
339.0000000000003
2827.750000000003
274.0000000000001
4428.500000000005
239.00000000000023
5470.2500000000055
255.00000000000023
5651.5000000000055
262.0000000000002
5472.0000000000055
282.0000000000002
5262.750000000005
316.00000000000034
5451.5000000000055
378.0000000000004
5701.000000000006
462.00000000000045
5549.7500000000055
565.0000000000005
5407.5000000000055
568.0000000000006
5241.500000000005
457.0000000000004
5224.250000000006
370.00000000000034
5306.000000000006
438.00000000000045
4961.000000000005
790.0000000000005
4742.750000000005
1176.0000000000014
4806.500000000005
1359.0000000000014
4865.5000000000055
1228.000000000001
4855.7500000000055
1045.0000000000007
4967.7500000000055
799.0000000000003
5097.7500000000055
569.0000000000006
5177.5000000000055
450.00000000000034
5608.0000000000055
434.00000000000045
5723.000000000006
440.00000000000034
4205.000000000005
410.0000000000003
4101.250000000004
353.00000000000034
4144.750000000004
361.00000000000034
3873.750000000004
1384.0000000000014
2355.750000000002
1728.0000000000018
2262.5000000000027
2963.000000000003
1942.250000000002
3285.0000000000023
2063.5000000000027
2319.000000000002
2495.2500000000023
2643.000000000003
3200.0000000000027
3660.000000000004
9353.250000000011
4423.000000000003
17603.750000000015
5661.000000000005
21134.250000000025
11502.000000000013
23148.000000000025
16018.000000000018
22977.750000000025
17999.00000000001
19101.00000000002
19230.00000000002
11727.500000000013
11271.000000000013
4910.250000000005
2005.0000000000023
3840.250000000004
310.00000000000034
4300.000000000005
180.00000000000014
3638.0000000000036
772.000000000001
3994.250000000004
2085.000000000002
4723.750000000005
3287.000000000004
5278.500000000005
3914.000000000004
5721.750000000006
3958.000000000005
5835.0000000000055
4071.0000000000045
7142.500000000006
5056.0000000000055
8417.25000000001
5007.0000000000055
8559.50000000001
4722.000000000004
8761.250000000007
4616.000000000006
8885.75000000001
5144.0000000000055
9285.000000000011
6898.000000000007
9550.00000000001
6790.000000000009
9451.50000000001
5996.0000000000055
9325.50000000001
7823.000000000007
8579.25000000001
11023.000000000011
7571.500000000009
12030.000000000013
6572.500000000006
11908.000000000015
6283.750000000005
11547.000000000013
5867.750000000006
11106.000000000013
5586.000000000006
11992.000000000011
6430.250000000006
11742.000000000007
6119.000000000006
11159.00000000001
6225.000000000007
10741.000000000013
6183.000000000006
11303.000000000013
6367.500000000005
11142.000000000011
6211.250000000006
10509.000000000011
5610.250000000005
10126.000000000011
5510.5000000000055
9459.000000000007
5632.500000000006
9225.000000000011
5596.000000000006
7989.000000000009
5692.500000000007
5880.000000000006
5952.2500000000055
5054.000000000006
6022.750000000007
4772.000000000002
5480.000000000006
4569.0000000000055
5352.000000000005
4427.000000000003
5555.2500000000055
6139.000000000006
5966.0000000000055
8971.000000000007
5480.000000000005
5850.000000000006
5022.2500000000055
3882.000000000004
4871.7500000000055
3354.000000000003