31284.000000000033
31525.000000000033
28257.500000000033
29052.00000000002
25708.500000000025
26973.000000000015
23528.250000000025
25498.000000000025
21327.250000000022
24473.000000000015
19388.750000000022
23384.00000000002
17731.75000000002
22425.000000000022
16314.000000000018
21610.000000000025
14935.000000000015
21126.000000000022
13824.500000000013
20494.00000000002
12713.500000000015
19575.000000000022
11945.750000000013
19267.000000000015
11508.500000000013
18793.000000000022
11225.000000000013
18507.000000000015
11103.500000000013
18088.00000000002
10802.50000000001
17537.00000000002
10677.500000000011
17191.000000000022
10064.00000000001
17612.00000000002
9814.00000000001
17515.000000000015
10136.500000000007
17789.000000000015
10293.500000000011
18833.00000000002
10616.000000000011
19490.000000000022
11455.750000000011
19818.000000000022
12109.250000000013
19710.000000000015
12063.750000000011
19696.000000000015
11616.500000000011
19337.00000000001
11499.250000000013
18334.00000000001
11394.250000000011
18010.00000000002
11570.250000000011
18572.000000000022
11780.250000000011
19279.000000000022
11650.250000000013
20110.00000000002
10181.00000000001
20058.000000000022
7525.750000000006
19069.000000000015
6363.500000000006
18376.00000000002
5995.750000000006
18099.000000000022
6250.500000000006
17544.00000000002
6482.000000000006
16175.000000000016
8855.75000000001
12721.000000000016
15050.750000000011
13479.000000000016
18321.00000000002
14008.000000000018
18747.750000000015
14581.000000000016
16961.25000000002
17827.00000000002
13910.250000000016
18776.00000000001
8351.50000000001
16119.000000000016
7243.500000000006
15986.000000000018
7488.250000000006
16260.000000000015
7791.750000000007
17291.00000000002
8124.000000000009
17841.00000000002
8849.75000000001
18240.00000000001
10027.500000000011
18688.000000000015
10511.250000000011
19013.000000000025
10871.750000000011
19020.000000000025
10678.750000000011
18899.00000000002
10922.750000000011
19159.000000000022
10378.250000000011
19552.000000000022
9573.00000000001
19487.00000000002
9194.25000000001
18308.000000000015
9281.25000000001
16681.00000000002
10153.500000000011
15684.000000000018
11369.000000000013
15274.000000000015
11989.000000000013
14827.000000000016
12160.500000000011
14516.000000000016
12320.000000000011
14773.000000000013
12558.750000000013
15020.000000000013
12790.250000000013
15550.000000000018
12691.000000000011
15981.000000000016
12308.750000000011
16047.000000000013
11959.000000000013
16368.000000000018
12295.750000000013
16625.00000000002
12551.500000000015
16992.00000000001
12096.250000000013
17615.00000000001
11194.250000000013
17720.00000000002
10054.00000000001
19034.000000000022
10351.000000000013
19652.00000000002
10462.750000000011
19570.000000000022
10994.000000000011
19948.000000000025
11871.500000000013
20340.000000000022
12523.500000000013
20708.000000000022
12936.750000000015
21156.000000000022
13725.250000000016
21631.000000000025
14750.500000000016
21875.000000000022
15440.250000000016
22189.000000000022
16484.00000000002
22572.000000000022
17978.25000000002
23069.00000000003
19889.500000000022
23555.00000000002
21620.000000000022
24291.000000000033
23463.750000000022
25398.00000000003
25563.250000000033
26742.000000000025
27916.50000000003
28646.000000000022
30899.25000000003
31136.000000000025