3114.5000000000027
3827.000000000004
3113.500000000003
4308.000000000005
3081.7500000000027
5481.0000000000055
3105.5000000000036
7358.000000000008
3126.2500000000027
7556.000000000008
3168.0000000000027
7162.000000000008
3221.000000000003
8728.000000000007
3302.5000000000036
10381.000000000007
3555.5000000000036
11093.000000000013
3646.5000000000036
11042.000000000011
3660.000000000004
10559.00000000001
3529.000000000003
10250.000000000011
3631.0000000000036
10230.000000000013
3758.250000000003
10447.000000000011
3734.000000000003
10582.00000000001
3722.2500000000036
10490.000000000013
3632.750000000004
10810.000000000011
3670.250000000003
11115.00000000001
3826.0000000000045
11679.000000000013
4266.750000000005
11750.000000000011
4666.250000000005
11365.000000000013
5206.7500000000055
10834.000000000013
5520.7500000000055
10337.000000000011
6149.7500000000055
9396.000000000011
6120.000000000007
8770.000000000011
5790.2500000000055
9128.000000000005
6024.250000000006
11209.00000000001
6107.250000000005
13430.000000000015
6233.250000000006
12921.000000000011
6405.0000000000055
10854.000000000013
6767.250000000006
9791.000000000011
7926.75000000001
10376.00000000001
8255.00000000001
11578.000000000013
8645.00000000001
14619.000000000015
8600.00000000001
15194.000000000018
9251.25000000001
12139.000000000007
10081.000000000011
15248.000000000013
10071.00000000001
16606.00000000002
10391.500000000013
16984.000000000007
10891.250000000011
17066.00000000001
11322.750000000013
16881.00000000002
11366.000000000013
15142.000000000016
11224.750000000011
14340.000000000015
10638.750000000011
14157.000000000015
10007.750000000011
17394.000000000015
10017.750000000011
19124.000000000022
10452.500000000011
19281.000000000022
11701.250000000011
18881.00000000001
12143.750000000013
18383.000000000015
12178.750000000013
16526.000000000015
11863.500000000011
13290.000000000015
12093.750000000011
12850.00000000001
11745.750000000011
14930.000000000015
10048.50000000001
15976.000000000013
8210.500000000007
15611.000000000016
7566.750000000008
14274.000000000015
7830.750000000007
12501.000000000013
8242.250000000007
11678.00000000001
8796.00000000001
10504.000000000011
9240.750000000011
9660.00000000001
9940.50000000001
9984.000000000011
10277.500000000011
10097.000000000011
10165.000000000011
9959.000000000005
9944.75000000001
10548.000000000007
9938.500000000011
12675.000000000015
10096.750000000011
13960.000000000016
10390.250000000013
13722.000000000018
10646.50000000001
14243.000000000011
10684.000000000011
15165.000000000018
10658.25000000001
13024.000000000013
10829.250000000011
10930.000000000011
10897.000000000011
12322.000000000007
10647.75000000001
12982.000000000011
10142.000000000011
12670.000000000013
9501.75000000001
12697.00000000001
9077.75000000001
12443.000000000007
8827.00000000001
12634.000000000015
8238.25000000001
12038.000000000011
7564.000000000008
10955.00000000001
7047.5000000000055
12211.00000000001
6696.750000000006
12586.000000000011
6437.750000000006
12399.000000000013
6284.750000000007
12537.000000000013
6162.750000000006
12999.000000000011
6044.250000000006
13088.000000000015
6039.250000000006
13083.000000000007
6290.500000000006
13227.000000000011
6666.7500000000055
13240.000000000015
7010.000000000007
13342.000000000016
7074.500000000008
13291.00000000001