7188.000000000006
6292.000000000007
7363.750000000007
6686.000000000004
7581.500000000008
6950.000000000007
7875.750000000009
7459.000000000007
8128.000000000008
8951.00000000001
8430.000000000007
9954.000000000013
8565.00000000001
9670.000000000011
8353.25000000001
8843.000000000011
8141.250000000008
8753.00000000001
8382.500000000007
9576.00000000001
8452.50000000001
9473.000000000011
8298.000000000007
8621.000000000007
7506.750000000008
7876.000000000008
7497.250000000006
7457.000000000008
8452.00000000001
7059.000000000008
9276.25000000001
6323.000000000003
9275.75000000001
5583.000000000005
8556.000000000007
4861.000000000003
7879.000000000007
4564.0000000000055
7552.750000000008
4460.0000000000055
7520.750000000008
4273.000000000004
6736.000000000006
4444.000000000004
6917.500000000007
4314.000000000004
7299.250000000008
4423.000000000005
7316.250000000008
4445.000000000005
7209.750000000007
3919.000000000004
7042.000000000006
3708.0000000000036
8051.500000000008
3590.0000000000036
8386.25000000001
3760.0000000000036
7897.000000000009
3527.000000000004
7197.500000000008
3339.000000000003
9193.25000000001
3294.000000000003
11193.75000000001
4073.0000000000036
10997.750000000011
5216.0000000000055
9977.250000000011
5879.000000000006
10711.750000000013
6746.000000000007
12146.500000000013
7168.000000000008
12586.250000000013
7336.000000000008
12442.500000000011
7993.000000000009
11867.750000000015
8207.000000000005
10484.000000000011
7800.000000000008
7547.250000000007
7444.000000000008
6512.000000000006
7072.000000000006
6477.250000000006
6878.000000000006
6766.250000000006
8435.000000000005
6822.500000000008
9672.000000000007
6825.750000000006
11071.000000000011
6897.750000000007
10842.000000000011
8325.750000000007
10405.000000000011
9678.000000000011
10392.00000000001
10471.25000000001
9943.000000000011
10171.750000000011
9987.00000000001
9425.250000000011
9509.000000000011
8572.000000000007
10267.000000000013
7483.250000000008
10190.000000000007
5987.250000000007
9414.000000000007
5212.2500000000055
8791.00000000001
4555.750000000004
8230.000000000005
5089.250000000005
9182.000000000011
6379.500000000006
9948.000000000013
7351.750000000006
8243.00000000001
8061.000000000008
6954.000000000006
9017.250000000007
5881.000000000007
9907.000000000011
6008.000000000008
11325.500000000011
6526.000000000008
12326.500000000013
6588.000000000006
12386.750000000015
7270.000000000009
12164.500000000011
10490.000000000011
12004.500000000013
11543.000000000011
12010.750000000013
11510.000000000011
12171.750000000011
9734.00000000001
13025.000000000013
6677.000000000007
13561.750000000015
6545.0000000000055
14360.750000000013
7575.000000000009
14963.500000000013
9267.000000000011
14902.250000000016
9793.000000000011
14787.250000000015
9697.00000000001
14921.750000000016
9544.000000000011
15285.750000000013
9293.00000000001
15386.750000000016
9554.000000000007
15251.250000000013
9777.000000000011
14793.500000000015
10121.000000000013
14267.250000000015
10155.00000000001
13816.500000000013
9430.000000000013
13385.750000000013
9114.000000000011
12786.00000000001
10358.000000000007
12271.500000000011
11010.000000000011
11549.500000000011
10832.000000000013
10638.000000000013
11243.000000000013
9842.50000000001
11398.000000000013