8152.750000000009
5350.0000000000055
12188.250000000013
7534.000000000008
11753.250000000015
7251.000000000006
11148.000000000013
7780.000000000007
11354.000000000011
8903.000000000007
11276.250000000013
9383.000000000007
11541.750000000011
8822.00000000001
11759.750000000011
8924.000000000011
11454.000000000013
9871.000000000013
11214.250000000007
9511.000000000011
10576.00000000001
9489.000000000007
9996.250000000011
9577.00000000001
10071.500000000013
9506.00000000001
10282.250000000011
9558.000000000007
11092.250000000011
9396.00000000001
11568.000000000013
9241.00000000001
12893.000000000015
9276.000000000007
13849.500000000015
9514.000000000011
14797.250000000016
9792.000000000011
15210.750000000013
10998.000000000011
15901.750000000016
11996.00000000001
16269.500000000018
13519.000000000013
16217.750000000016
13983.000000000013
14922.000000000015
13957.000000000011
14163.250000000015
13900.000000000015
14694.250000000015
11645.00000000001
14176.000000000015
11010.000000000013
13809.250000000015
9276.000000000007
12674.250000000013
9135.00000000001
10966.50000000001
9450.000000000011
10090.250000000011
8921.00000000001
9749.500000000011
8838.000000000005
9308.50000000001
10690.000000000011
9583.50000000001
10808.000000000013
9930.000000000011
10040.00000000001
9687.000000000011
9652.00000000001
10340.250000000013
14508.000000000016
11166.750000000011
20733.00000000002
11729.750000000011
19732.00000000002
13043.750000000015
17938.00000000001
14845.500000000015
13959.000000000013
17479.25000000002
10403.000000000011
17268.75000000002
8057.000000000009
15361.750000000015
8321.000000000005
14038.500000000011
9135.00000000001
12850.250000000015
9984.000000000011
12375.750000000011
10060.000000000011
12125.750000000015
9448.000000000011
8777.25000000001
9379.000000000005
6958.7500000000055
8155.000000000009
6605.000000000007
7866.000000000006
6411.2500000000055
8233.000000000007
6363.2500000000055
8723.00000000001
6126.750000000006
9517.000000000011
5921.000000000006
10358.000000000007
7163.7500000000055
10647.000000000007
8215.500000000011
10755.000000000013
9252.25000000001
10395.000000000011
8768.50000000001
10191.000000000011
7850.500000000008
10157.000000000005
7120.000000000008
10078.000000000011
7437.500000000007
10190.000000000007
7558.500000000007
10304.000000000011
8019.500000000008
10487.000000000007
8402.75000000001
10792.000000000007
9021.750000000011
11267.000000000013
9810.750000000011
11394.000000000013
10506.750000000013
11217.000000000011
10241.25000000001
11041.000000000011
8827.25000000001
11067.000000000013
8448.50000000001
10812.000000000011
8080.000000000009
10286.000000000005
7611.750000000008
9536.000000000011
7993.250000000009
8994.000000000007
8304.500000000007
8953.000000000011
8531.500000000007
8983.000000000005
8859.750000000011
9061.000000000011
9219.250000000011
9130.000000000011
9716.25000000001
9336.00000000001
10083.750000000011
9758.000000000011
10204.750000000011
10341.000000000011
10688.250000000013
10835.000000000011
11327.500000000011
10934.000000000011
11966.000000000013
10695.000000000013
12284.250000000015
10276.000000000011
12566.500000000013
10253.00000000001
12989.250000000013
10508.000000000011
13694.000000000013
10403.000000000011
14563.250000000016
10460.00000000001
9996.25000000001
7119.000000000007