14768.750000000016
14662.000000000015
14685.750000000015
14628.000000000011
14432.000000000015
13967.000000000016
14409.750000000016
13495.000000000016
14509.750000000016
13140.00000000001
14536.500000000016
13404.000000000013
15126.750000000015
14035.000000000016
15487.000000000015
14104.000000000016
15658.250000000018
13346.000000000015
15907.750000000015
13179.000000000016
16027.000000000015
13056.000000000015
16113.750000000018
13112.000000000013
16069.500000000015
12837.000000000015
16203.250000000015
12026.00000000001
16543.75000000002
12008.000000000011
16527.50000000002
11886.000000000011
16332.250000000018
11371.000000000011
16043.000000000016
11037.000000000013
15709.750000000018
10358.000000000007
15705.500000000015
10818.00000000001
15754.500000000016
12053.000000000011
15491.750000000016
12500.00000000001
14305.250000000016
12311.000000000011
13188.500000000011
12502.000000000013
11642.750000000013
12673.000000000013
10561.000000000011
12345.000000000015
9147.750000000011
11127.000000000011
8560.50000000001
9945.000000000011
8204.000000000007
10735.000000000011
8062.750000000007
9480.000000000011
7817.750000000008
9040.000000000007
7576.250000000008
9981.000000000011
7195.500000000006
10289.000000000007
6717.500000000006
10398.000000000013
7076.500000000007
9789.000000000013
11041.25000000001
12696.000000000015
16934.25000000002
14794.000000000016
20364.75000000002
14089.000000000016
20523.000000000022
13645.000000000016
18195.25000000002
11682.000000000007
12890.500000000013
9460.00000000001
7963.750000000008
7990.000000000008
7274.000000000007
8560.000000000007
7599.500000000006
9153.000000000011
7342.250000000007
9957.00000000001
7021.750000000006
10694.00000000001
6726.250000000006
11104.000000000011
6812.000000000006
10986.000000000011
6919.750000000006
11498.000000000013
7162.500000000007
11411.00000000001
7142.000000000007
10383.00000000001
7299.250000000008
9640.00000000001
7886.750000000008
8729.00000000001
7340.500000000006
8289.00000000001
7678.500000000008
7624.000000000006
8993.25000000001
7531.000000000008
9690.00000000001
7395.000000000009
10049.000000000011
7348.000000000006
9832.00000000001
7875.000000000008
9194.25000000001
7649.00000000001
8308.000000000007
8128.00000000001
7767.000000000008
9528.000000000007
7640.500000000008
8023.000000000008
7810.000000000007
8760.00000000001
7614.000000000007
9488.00000000001
7730.000000000008
9150.00000000001
8249.000000000007
8611.000000000005
8487.50000000001
11708.00000000001
8489.75000000001
12631.000000000005
9525.75000000001
12588.000000000013
10196.000000000011
13294.000000000013
10190.75000000001
13307.00000000001
10907.250000000011
12449.000000000011
10934.250000000013
16199.000000000018
11763.75000000001
19934.000000000025
12316.000000000013
21834.00000000002
12466.000000000011
21113.000000000022
12928.000000000013
20576.000000000022
12745.500000000015
19485.000000000025
12661.500000000013
17906.000000000022
13240.250000000013
15136.000000000018
13974.500000000013
12636.00000000001
14118.250000000013
11066.000000000011
13821.750000000013
10745.000000000011
12949.250000000011
10073.000000000011
12665.250000000015
10173.000000000011
13362.750000000015
10652.000000000005
13363.500000000011
11806.000000000013
12522.000000000013
10979.000000000011
10742.75000000001
8750.000000000007