19630.00000000002
14881.000000000016
19807.250000000022
16131.000000000016
19624.750000000022
15818.000000000016
19194.500000000022
14770.00000000001
19188.50000000002
13934.000000000015
19419.75000000002
14675.000000000016
19667.500000000022
14634.000000000015
20358.75000000002
15713.000000000015
19998.250000000022
17468.00000000002
18954.75000000002
18818.00000000002
19345.50000000002
19644.000000000022
19694.75000000002
19510.000000000022
19759.250000000015
19216.000000000022
19248.750000000015
17841.00000000002
18416.250000000015
17176.00000000001
19506.00000000002
17077.000000000025
19886.50000000002
17078.000000000022
19817.000000000022
17807.000000000015
19574.75000000002
17585.00000000001
18598.00000000002
17058.000000000015
17710.50000000002
17845.00000000001
17121.75000000002
18721.000000000015
17860.00000000002
19659.000000000022
17275.250000000022
18350.000000000022
17535.500000000022
17330.000000000022
17836.50000000002
16852.00000000002
16560.250000000015
17782.00000000002
15629.750000000015
17121.000000000007
15461.500000000015
17196.000000000015
15982.000000000016
17974.000000000015
15548.500000000016
17699.000000000015
15758.250000000016
19000.00000000002
16387.50000000002
17802.000000000022
16583.75000000002
15479.00000000002
16434.00000000002
12267.000000000011
16589.75000000002
14090.000000000013
16151.500000000016
13644.000000000013
15812.500000000015
14262.000000000011
15666.000000000018
16613.00000000001
15858.750000000015
15891.000000000016
15718.750000000016
15679.000000000011
15213.500000000015
16644.00000000001
13981.000000000016
16652.00000000002
12754.000000000015
17219.00000000001
12759.500000000011
17837.000000000015
12356.000000000015
19231.000000000022
11875.750000000011
19865.000000000025
11665.750000000013
18216.000000000015
11891.500000000011
17629.00000000002
12771.000000000015
16499.00000000002
12648.000000000011
15589.000000000013
11066.750000000013
15596.00000000002
11418.000000000011
17462.00000000002
11468.50000000001
17823.000000000022
11311.750000000011
16814.000000000015
11727.000000000013
18619.00000000002
13054.750000000015
17009.00000000001
13962.250000000015
15801.000000000011
15129.250000000018
15442.000000000016
16521.50000000002
15794.000000000013
17506.00000000002
17834.000000000022
17968.750000000015
18694.000000000022
19173.250000000022
20181.000000000022
20536.500000000022
16393.00000000002
20786.00000000002
14174.000000000015
20257.250000000022
12171.000000000013
20286.750000000022
12852.000000000015
20246.50000000002
13691.000000000016
20419.500000000022
13642.00000000001
19689.000000000022
13131.000000000013
18858.750000000022
12877.000000000011
18221.250000000022
12872.000000000013
18430.25000000002
12094.000000000013
18126.250000000022
13478.000000000007
17991.500000000022
15877.00000000002
18427.250000000022
16721.00000000002
19178.500000000022
16197.00000000002
19405.50000000002
15212.000000000015
20061.500000000022
14082.000000000015
20576.50000000002
13556.000000000016
20244.50000000002
15407.000000000016
20065.250000000015
16852.00000000002
20275.500000000022
18423.00000000002
20420.00000000002
18660.000000000015
20676.50000000002
19149.00000000002
20841.00000000002
18723.00000000002
21198.250000000022
18094.000000000015
21402.250000000022
19338.000000000022
20834.250000000022
20210.000000000022
20001.00000000002
19867.000000000022