21230.500000000022
20758.000000000022
20828.500000000025
19932.00000000001
20378.50000000002
20341.00000000002
20365.000000000022
21611.000000000022
20113.00000000002
20815.000000000022
19811.50000000002
20444.000000000025
19555.25000000002
20472.000000000015
19284.000000000022
19821.000000000022
19099.75000000002
18920.000000000022
18798.00000000002
17775.000000000015
18407.25000000002
15662.000000000016
17641.000000000022
14878.000000000015
17042.750000000015
14716.000000000016
16771.50000000002
15118.000000000018
16649.75000000002
15875.00000000002
16421.250000000022
16212.000000000016
16175.500000000016
15565.000000000013
16438.000000000015
14832.000000000015
16861.000000000015
15036.000000000015
16643.00000000002
15793.000000000016
15250.250000000016
13879.000000000015
13894.250000000016
11733.000000000011
12635.000000000013
10492.000000000011
11460.250000000013
9537.00000000001
10291.000000000011
9356.000000000005
10740.250000000011
10331.000000000013
10658.500000000011
10133.000000000013
9950.250000000011
9477.00000000001
9161.500000000011
14790.000000000018
9580.25000000001
19242.000000000022
10256.000000000011
19846.00000000002
10857.750000000013
18040.00000000002
12543.500000000016
15206.000000000016
13528.000000000015
11672.000000000011
14331.250000000013
9854.000000000011
14995.250000000015
9038.000000000011
13530.250000000013
10062.000000000013
12829.750000000013
11397.000000000013
11369.000000000011
13151.000000000011
8959.250000000007
14525.000000000018
8418.50000000001
15773.000000000018
8271.00000000001
16390.000000000015
8132.750000000008
15899.000000000018
8618.75000000001
15313.000000000015
9038.500000000007
14435.000000000018
9238.250000000007
13952.000000000016
9248.250000000011
14237.00000000001
9753.25000000001
14913.000000000013
10904.750000000013
15454.000000000018
11061.500000000013
15935.000000000016
10981.500000000015
16501.00000000002
10205.750000000011
17382.000000000022
10415.250000000013
17429.00000000002
10788.000000000015
18090.000000000022
10611.750000000013
19100.000000000015
11054.500000000011
18752.000000000022
10575.500000000011
17921.000000000022
10660.500000000011
17203.00000000002
10684.250000000011
16699.00000000002
11234.250000000011
17184.00000000002
12992.500000000015
17135.000000000015
11608.250000000011
15865.000000000015
10622.25000000001
15164.000000000015
10755.750000000011
14753.000000000018
10682.750000000013
14322.000000000016
9490.00000000001
14887.000000000011
9008.750000000007
16493.00000000002
8773.75000000001
17197.000000000015
9232.250000000011
17221.00000000001
9976.50000000001
17082.00000000001
10608.50000000001
16551.00000000001
11240.000000000011
15669.000000000018
11113.000000000013
14908.000000000015
11501.750000000011
14696.000000000018
12319.250000000013
14547.000000000013
12641.250000000015
14348.000000000016
12869.750000000011
14029.000000000013
12878.000000000015
13637.000000000011
12789.250000000011
13078.00000000001
12685.750000000013
12586.000000000011
12687.750000000015
12297.000000000011
12624.500000000015
11826.000000000011
12533.250000000013
11346.000000000011
12364.500000000011
10988.000000000011
12124.500000000013
11086.000000000013
11776.250000000011
11146.000000000011
11210.250000000011
11282.000000000011
10732.000000000013
11417.000000000011
10532.500000000011
11236.000000000011
10458.750000000011
10872.000000000013