25817.750000000025
22959.000000000022
25722.250000000025
22901.000000000025
25446.500000000022
22775.000000000025
24967.250000000025
22703.000000000022
24637.250000000025
22608.00000000002
24513.250000000025
22453.000000000022
24253.500000000022
22320.000000000022
23774.50000000003
22081.000000000025
23381.75000000002
21872.000000000022
22999.75000000002
21661.000000000025
22341.250000000022
21406.00000000002
22042.75000000002
21167.000000000022
21816.25000000002
20905.00000000002
21357.250000000022
20621.000000000022
20904.750000000022
20336.000000000022
20522.750000000022
20113.00000000002
19893.500000000022
19860.000000000022
18687.50000000002
19520.000000000022
18188.000000000022
19358.000000000022
16692.250000000015
19107.00000000002
16888.25000000002
19035.000000000022
16803.00000000002
19087.000000000022
15990.250000000015
19231.000000000022
15872.500000000018
19450.000000000015
15838.000000000016
19816.000000000015
15234.750000000015
20249.00000000002
14685.250000000016
20729.000000000022
14614.750000000015
21229.000000000022
13640.500000000013
21718.000000000022
12770.250000000015
22125.000000000022
12299.750000000013
22490.000000000025
11071.750000000011
22883.000000000025
11548.250000000013
23297.000000000022
12154.000000000013
23578.000000000015
11801.250000000013
23903.00000000003
11138.000000000011
24309.00000000003
11218.750000000011
24642.000000000033
11714.750000000015
25036.00000000003
11476.250000000015
25371.000000000022
11258.000000000011
25587.000000000025
10993.500000000011
25854.00000000002
10557.500000000011
26169.00000000003
10623.000000000011
25725.000000000015
10099.00000000001
24970.00000000002
9906.25000000001
24445.000000000015
11258.750000000013
23986.000000000022
12325.50000000001
23653.000000000015
12448.000000000015
23312.000000000022
13460.750000000013
23362.000000000015
14244.750000000016
23869.000000000025
12730.500000000015
24162.00000000001
10604.500000000013
24042.00000000003
10933.750000000011
23981.00000000002
11479.750000000011
24521.00000000003
12949.250000000011
23485.000000000022
14019.750000000013
25627.000000000025
14023.750000000016
30434.000000000033
14595.250000000016
30841.000000000033
15355.250000000016
31013.00000000003
16011.750000000016
31184.000000000036
16814.00000000002
31296.00000000004
16647.25000000002
31453.000000000033
16308.500000000015
31477.00000000003
16495.50000000002
31495.000000000033
17153.250000000015
31265.000000000036
17576.00000000002
30977.000000000022
16837.500000000015
30798.000000000033
17010.75000000002
30577.00000000003
17015.50000000002
30606.00000000002
16393.000000000015
31142.00000000003
15940.500000000016
31446.000000000033
16878.000000000022
31472.00000000003
17295.00000000002
31421.000000000036
17514.00000000002
30908.000000000036
16897.75000000002
30362.00000000002
15531.500000000016
31127.000000000033
14271.000000000016
31343.000000000022
13327.500000000013
31346.000000000036
13424.500000000013
30428.000000000033
13399.250000000015
29191.000000000036
13350.750000000013
27968.000000000025
13682.750000000013
26802.00000000003
13819.250000000013
23473.000000000025
13874.250000000015
19493.00000000002
13642.250000000015
19506.000000000022
12393.500000000015
19887.00000000001
12043.500000000015
20175.000000000025
11828.750000000011
20140.000000000022
10918.000000000013
19833.000000000015
11330.500000000011
19715.00000000002