17974.25000000002
13916.00000000001
19210.00000000002
13430.000000000015
19677.00000000002
13361.000000000005
19624.500000000015
15362.000000000018
19061.500000000022
16957.00000000002
18122.75000000002
17477.00000000002
17161.25000000002
17870.00000000002
17056.25000000001
17481.00000000001
18332.50000000002
17700.000000000015
18711.25000000002
17863.00000000002
18826.75000000002
16283.000000000018
19750.50000000002
16685.00000000001
19473.75000000002
16111.000000000018
18737.75000000002
15846.000000000016
18048.00000000002
12602.000000000011
17754.25000000002
12128.000000000011
18747.75000000002
12324.000000000013
19629.500000000025
13745.000000000011
19355.50000000002
13742.000000000016
17350.250000000015
13591.000000000011
18276.250000000022
13564.000000000016
18599.250000000015
14225.000000000016
17367.250000000015
15582.000000000018
17918.750000000022
16322.000000000015
19046.50000000002
16773.00000000002
18799.25000000002
15362.000000000018
17873.250000000022
14170.000000000016
15658.000000000016
13308.00000000001
16872.000000000015
13561.000000000011
17264.50000000002
14907.00000000001
15948.500000000015
15462.000000000018
15789.500000000016
15060.000000000015
16465.75000000002
15041.000000000016
16309.250000000016
15988.000000000018
16440.50000000002
15971.000000000018
16095.500000000016
15404.00000000002
15899.500000000016
15287.000000000015
15757.750000000015
15110.000000000016
15559.750000000013
14439.000000000018
15409.250000000015
13713.000000000011
16215.500000000018
12783.000000000015
15777.750000000015
12839.000000000016
14572.250000000015
13495.000000000018
14820.500000000016
15462.000000000016
14624.750000000015
16861.000000000015
14889.750000000018
16801.000000000015
15285.750000000015
14828.000000000015
14895.750000000015
13077.000000000015
14341.250000000015
12637.00000000001
14083.250000000016
12349.000000000015
14599.750000000015
12062.000000000016
15831.000000000016
12726.000000000013
16805.75000000002
13749.00000000001
16716.50000000002
14305.000000000016
15388.250000000016
16692.000000000015
15224.750000000015
17888.00000000002
15918.750000000015
18488.000000000022
15739.750000000015
17066.00000000001
14850.250000000011
17390.00000000001
14227.500000000015
17995.00000000002
14219.250000000015
16907.000000000015
14235.500000000013
14631.000000000015
13845.500000000015
12760.000000000015
14212.000000000016
11984.000000000013
14092.000000000016
11978.000000000011
15015.000000000018
12100.000000000011
15577.250000000016
13077.000000000016
15881.250000000016
14872.000000000011
15433.250000000016
16941.000000000022
14880.250000000015
17818.00000000002
14729.250000000013
16455.000000000007
15222.250000000016
12989.000000000015
15955.250000000015
11334.000000000013
14975.750000000015
12232.000000000013
14928.500000000018
12977.000000000013
15513.250000000016
11968.000000000015
15359.750000000015
11967.00000000001
14824.250000000013
11712.000000000007
15497.000000000016
11126.000000000011
16184.000000000018
11041.00000000001
16291.250000000016
11072.000000000011
17095.250000000015
11086.000000000011
17304.500000000015
11540.000000000013
15813.750000000015
12366.000000000007
14471.000000000013
13105.000000000011
13786.250000000016
13527.000000000013
14113.750000000011
13206.000000000013
15038.250000000016
18615.000000000022
15969.250000000016
23244.000000000025
15660.250000000018
16980.000000000022