31830.500000000036
32553.000000000033
29091.250000000033
32596.000000000033
27583.25000000003
30775.000000000036
27242.75000000003
19888.000000000022
26709.000000000022
12997.000000000011
25655.000000000025
12397.000000000016
25294.75000000003
12560.00000000001
24944.500000000025
12057.00000000001
23841.000000000025
13396.000000000015
22806.000000000025
16123.000000000018
21776.750000000025
16180.000000000016
23101.250000000025
14717.000000000016
23464.500000000025
14612.000000000015
23100.750000000022
19756.000000000015
21688.250000000022
21043.000000000025
19303.00000000002
22576.00000000002
18572.250000000015
18475.000000000015
17663.25000000002
18231.000000000015
16851.75000000002
20781.000000000022
15867.750000000016
21393.00000000002
16606.00000000002
19697.000000000025
17394.75000000002
20444.000000000025
17524.75000000002
21134.000000000025
16651.00000000002
22424.000000000025
15995.500000000018
22910.000000000025
17168.250000000015
20040.000000000022
17293.75000000002
21791.000000000022
16733.500000000015
23050.000000000022
16140.750000000013
23416.00000000002
15773.750000000016
24323.000000000025
16330.000000000016
22775.000000000025
16488.75000000002
23449.000000000022
16459.50000000002
25328.000000000022
15895.750000000018
25712.000000000025
14474.000000000015
26837.000000000033
13224.000000000015
25914.00000000002
13128.500000000011
24288.000000000022
13833.250000000013
26929.00000000003
13779.750000000011
28308.00000000003
13902.250000000015
29382.00000000003
13957.000000000015
29517.000000000033
14861.500000000015
29400.000000000025
19651.50000000002
32129.000000000033
21337.750000000022
32617.000000000033
20639.50000000002
32616.000000000036
19643.25000000002
32617.000000000033
19559.500000000022
32618.00000000003
20426.00000000002
32604.000000000033
20047.750000000025
32473.00000000003
18217.50000000002
31725.000000000033
16230.250000000016
31141.00000000003
14789.750000000015
31017.00000000002
15056.500000000016
30252.000000000025
15261.000000000016
29035.00000000003
14883.500000000015
28227.000000000025
14635.500000000015
27345.00000000003
15662.500000000015
27125.000000000033
16086.000000000016
27612.000000000022
16407.50000000002
28750.000000000025
16403.500000000015
28862.000000000033
15823.000000000016
28022.000000000033
16313.500000000015
27528.00000000002
17734.25000000002
28078.00000000002
18595.75000000002
30308.000000000033
18978.000000000015
30902.000000000033
19421.75000000002
30778.000000000033
19100.75000000002
30373.000000000036
19545.250000000022
29970.00000000003
20296.00000000002
29674.000000000025
21296.500000000022
29774.000000000022
21951.25000000002
30552.000000000033
21250.75000000002
32249.000000000033
21752.750000000022
32628.000000000033
22217.250000000022
32606.000000000033
22259.250000000025
32609.000000000033
21808.250000000022
32221.000000000033
21682.500000000025
30877.000000000025
21432.000000000022
29395.00000000003
22668.750000000022
28290.00000000002
26088.75000000003
27524.00000000003
28823.75000000003
28165.000000000025
30588.000000000033
28759.000000000036
31067.500000000033
29301.000000000022
31088.250000000033
29784.00000000003
31196.75000000003
30129.000000000036
31246.50000000003
30154.000000000036
31255.00000000003
30100.000000000025
31947.000000000033
32291.000000000033
32252.750000000033
32562.000000000033
32365.750000000033
32585.000000000033