21038.750000000022
22663.000000000022
21077.500000000022
22472.000000000022
21053.750000000022
22308.00000000002
21128.500000000022
22430.000000000025
21216.500000000022
22678.000000000022
21298.250000000025
22858.000000000025
21382.000000000025
22858.000000000022
21504.250000000022
22766.000000000025
21503.750000000022
22705.000000000025
20297.750000000022
22778.000000000022
19395.500000000022
22997.000000000025
18898.50000000002
23220.000000000022
18831.750000000022
23264.00000000002
19214.750000000022
23275.00000000002
18693.25000000002
23278.000000000025
18204.250000000022
23278.000000000025
18484.75000000002
23365.00000000003
17831.75000000002
23481.000000000022
17645.750000000015
23736.00000000003
17719.00000000002
23924.000000000022
17354.50000000002
24062.000000000015
17770.25000000002
24152.000000000015
17124.75000000002
24385.000000000025
14599.000000000015
21906.000000000025
12924.750000000013
16284.000000000015
11909.750000000015
11118.000000000011
11434.750000000011
8022.0000000000055
10996.750000000011
8001.000000000009
10798.75000000001
10434.000000000007
10512.250000000013
12482.000000000015
11262.75000000001
12709.000000000011
11804.25000000001
14881.000000000016
12241.750000000007
17359.00000000001
12452.750000000013
19446.000000000025
13153.750000000015
21416.000000000015
14098.250000000015
23457.00000000002
16418.25000000002
23880.000000000015
18064.75000000002
23509.000000000022
19194.500000000022
23288.000000000025
18928.500000000022
23116.000000000022
18715.250000000022
23042.000000000025
17889.500000000015
23199.000000000025
18550.25000000002
23307.00000000002
19044.00000000002
23348.000000000022
18585.250000000015
23222.000000000022
17493.750000000015
23024.00000000003
16449.25000000002
22895.000000000025
15982.750000000015
22850.000000000025
16041.500000000018
22887.000000000022
16132.750000000015
22876.000000000022
16191.750000000016
22831.000000000022
16370.000000000018
22765.000000000025
16506.50000000002
22721.000000000025
16342.250000000015
22826.000000000025
16020.500000000015
22934.000000000022
15556.000000000015
22532.000000000022
15537.000000000016
21066.000000000015
15909.000000000015
18904.000000000007
16073.000000000016
17666.000000000022
16279.500000000016
17176.000000000022
16809.75000000002
17264.00000000002
17178.500000000015
17161.00000000001
17180.25000000002
16489.00000000001
16244.750000000018
15053.000000000015
15320.500000000016
14208.000000000013
13966.500000000015
16064.000000000018
13199.250000000015
18919.000000000015
13173.250000000013
20820.000000000022
13285.750000000015
20709.00000000001
13128.250000000013
20893.000000000022
13336.750000000016
21598.000000000022
14107.250000000016
21781.000000000022
14105.250000000015
21632.000000000025
14290.250000000013
21489.000000000022
14998.750000000013
21270.00000000002
15170.750000000016
20258.000000000015
15193.500000000016
19626.00000000002
15341.750000000013
19992.00000000002
15606.250000000015
19820.000000000022
15801.00000000002
18511.000000000022
15716.250000000015
17146.00000000001
15622.750000000016
16976.00000000001
16042.000000000016
17040.00000000001
16668.50000000002
17093.000000000022
16989.500000000015
16946.00000000001
17289.25000000002
15971.00000000002
17376.75000000002
15307.000000000016
17071.50000000002
14701.000000000015
17069.25000000002
14343.00000000001
17292.50000000002
15120.00000000001