12539.500000000013
14732.000000000016
12841.750000000011
14782.000000000016
12971.750000000011
14818.000000000013
12867.250000000013
14557.000000000015
12715.750000000013
13937.000000000016
12080.75000000001
13937.000000000016
11598.000000000011
13428.00000000001
11876.500000000011
13179.000000000015
12149.500000000011
12778.000000000016
11619.000000000013
11852.000000000013
11282.500000000011
11988.000000000013
11208.25000000001
11905.00000000001
11186.000000000011
11750.000000000011
10998.500000000013
12102.00000000001
10904.000000000013
11868.000000000015
11186.500000000013
10851.000000000013
11347.500000000011
10019.000000000011
11407.750000000011
9807.000000000011
11554.750000000013
9796.000000000013
11631.000000000013
10228.000000000013
11215.500000000011
10179.000000000005
10682.750000000011
10088.000000000011
10232.75000000001
10066.000000000011
10114.000000000011
10703.000000000011
10442.750000000011
10366.000000000011
10806.00000000001
9877.000000000011
10963.000000000013
10258.000000000011
11457.250000000013
11024.000000000013
11601.250000000015
11705.000000000015
11635.750000000011
11976.000000000011
11867.250000000013
12158.000000000015
11325.500000000011
12623.000000000015
10761.000000000013
13097.000000000007
11088.750000000015
13032.00000000001
12163.500000000013
12528.000000000015
12785.000000000015
12401.000000000015
12612.000000000011
13180.000000000011
12424.500000000015
13371.000000000013
11980.750000000013
13086.000000000015
12426.500000000011
13503.000000000015
12677.500000000013
12308.000000000013
12291.500000000015
13884.000000000015
12186.250000000011
15790.000000000018
12156.500000000015
14134.000000000007
12217.000000000013
12621.00000000001
12378.250000000015
11825.000000000011
12402.000000000016
11253.000000000011
12238.500000000011
11184.000000000013
12273.750000000013
11116.000000000011
12533.000000000015
11107.000000000011
13083.750000000015
10788.000000000013
14768.000000000015
10691.000000000011
16269.250000000018
10767.000000000011
16700.75000000002
11084.000000000011
14382.500000000015
10752.000000000013
12959.250000000013
10668.000000000011
12385.000000000011
11483.000000000011
11138.750000000013
11481.000000000011
11006.000000000011
11481.000000000013
12013.500000000011
11467.000000000015
12588.250000000015
11640.000000000015
13592.250000000011
11931.000000000011
14575.000000000016
11541.000000000013
14941.750000000016
11319.000000000013
15008.750000000013
12063.000000000007
14394.000000000016
11965.00000000001
13999.000000000013
12154.000000000013
13597.000000000013
11672.000000000011
12978.500000000015
11196.000000000013
12584.000000000016
11054.000000000011
13046.750000000013
11087.000000000013
13655.500000000013
11236.000000000013
14341.250000000015
11753.00000000001
14109.750000000013
11649.000000000013
13109.750000000013
12173.000000000015
12872.750000000015
12939.000000000015
12711.750000000013
13213.000000000015
12464.750000000013
12742.000000000016
12497.250000000011
12817.000000000015
12370.000000000011
12011.00000000001
11899.750000000013
11728.000000000007
11481.500000000013
11184.000000000013
11761.500000000013
10257.000000000011
11654.250000000011
11991.000000000005
11216.250000000011
13566.000000000018
10936.500000000011
12243.000000000013
10993.500000000011
11701.000000000015
11001.750000000011
11087.000000000013
11171.500000000011
10050.000000000011
11054.750000000011
10644.000000000011