9472.75000000001
13029.000000000011
9136.25000000001
12553.000000000015
9398.000000000011
12062.000000000016
10120.750000000013
12768.000000000011
10339.250000000013
12617.000000000011
10657.00000000001
12977.000000000007
11056.750000000011
13075.000000000011
11412.000000000015
13152.000000000015
11800.750000000013
13752.000000000018
11225.750000000011
13485.000000000011
10613.25000000001
14097.000000000015
10661.25000000001
14354.000000000011
11123.000000000011
13822.000000000015
11221.750000000013
14022.000000000015
11552.000000000011
14074.000000000016
12028.750000000013
13743.000000000016
11809.250000000013
13240.000000000016
11417.500000000013
12700.000000000015
11642.000000000011
12092.000000000016
11719.250000000011
12571.000000000011
11400.750000000011
13094.00000000001
11634.250000000013
13254.000000000016
12344.750000000013
12387.000000000011
11138.500000000013
11701.000000000005
9279.750000000007
10575.000000000013
8328.750000000007
9540.000000000011
7164.750000000007
9649.000000000007
6750.250000000008
10109.000000000011
6927.250000000006
9276.000000000007
7745.750000000005
10554.000000000011
8379.50000000001
11435.000000000011
9274.00000000001
10156.00000000001
11616.750000000013
9080.000000000011
16584.25000000002
15995.000000000016
23348.000000000022
21847.000000000022
24543.75000000003
21398.000000000025
24001.500000000022
17518.000000000015
22875.750000000025
13838.000000000015
21959.000000000022
9914.000000000011
20055.500000000025
7979.000000000007
17741.75000000002
7580.000000000008
15172.500000000018
5986.000000000004
13601.000000000013
5816.000000000005
12278.250000000013
6657.000000000006
11146.000000000013
7466.000000000008
9218.250000000011
7615.000000000008
8582.750000000007
7796.000000000007
8650.25000000001
8249.000000000007
8205.000000000007
8207.000000000005
7746.750000000007
7746.000000000006
7339.750000000007
6733.000000000006
7341.500000000008
6661.000000000005
7347.250000000008
6941.0000000000055
7521.750000000008
7084.000000000007
7905.750000000009
7052.000000000008
8304.50000000001
6322.000000000006
9005.500000000007
5987.000000000006
9120.00000000001
6340.000000000007
9203.50000000001
6482.000000000006
9965.000000000011
6294.000000000007
10279.75000000001
6479.000000000007
9906.75000000001
6424.000000000007
9022.25000000001
5909.000000000004
8274.75000000001
5652.000000000006
7622.750000000007
5884.000000000005
7057.500000000007
5970.000000000008
6796.750000000006
5692.0000000000055
6761.250000000007
5490.0000000000055
7975.000000000008
5264.000000000005
8323.500000000011
5210.000000000006
7167.500000000007
5024.0000000000055
6614.500000000007
4749.0000000000055
6449.000000000006
4675.0000000000055
6657.250000000007
4834.000000000005
7015.250000000006
5152.0000000000055
7271.2500000000055
5414.0000000000055
7134.000000000007
5713.000000000006
6836.500000000007
5998.000000000005
6688.750000000006
5982.000000000006
6980.750000000006
5745.000000000006
7226.000000000007
5518.000000000006
7306.750000000008
5659.000000000006
7084.250000000007
6256.000000000007
6611.000000000006
6743.0000000000055
6508.250000000008
6632.000000000007
6533.250000000007
6174.000000000005
6671.750000000006
6017.000000000006
6743.250000000006
6114.000000000006
6609.000000000007
6255.0000000000055
6456.500000000006
6208.000000000007