5105.7500000000055
16536.00000000001
5624.750000000006
12444.000000000007
5962.750000000006
9251.000000000011
6864.500000000007
11490.000000000011
7173.750000000008
16245.00000000002
7672.500000000007
19780.00000000001
8246.250000000007
20993.00000000002
8324.500000000007
20297.000000000022
8225.000000000007
19222.000000000025
7992.000000000007
16779.00000000001
8397.50000000001
16264.000000000018
8400.500000000007
17021.00000000001
8370.75000000001
16578.00000000002
8024.250000000008
15477.000000000016
8915.75000000001
15771.000000000016
10023.250000000011
15311.000000000016
10741.50000000001
6961.000000000006
11455.000000000011
2498.000000000002
11025.500000000011
2398.0000000000023
10819.75000000001
3068.0000000000023
9565.000000000007
3601.0000000000023
9071.50000000001
3662.000000000005
8597.00000000001
3691.000000000005
8225.250000000007
3876.000000000004
7049.250000000006
4130.000000000003
7161.000000000007
3905.000000000004
7751.000000000007
8477.000000000007
8494.50000000001
14114.00000000001
9295.75000000001
13702.000000000015
9420.500000000011
12714.000000000015
10062.500000000011
10175.000000000007
12650.500000000013
8139.000000000007
13443.750000000016
6650.000000000008
13486.500000000013
5164.000000000006
13086.750000000015
4814.0000000000055
12202.000000000011
4005.0000000000036
13079.000000000015
2238.0000000000023
12921.750000000015
1122.0000000000007
12920.250000000013
1457.0000000000014
12215.250000000015
2117.000000000002
10790.500000000011
2320.0000000000014
10997.250000000013
3434.0000000000036
10595.00000000001
3090.0000000000036
10562.500000000011
2334.0000000000027
10246.500000000011
2949.0000000000027
9766.000000000011
4092.0000000000045
9618.00000000001
5820.000000000007
9632.75000000001
6206.000000000004
9354.50000000001
6139.000000000006
8834.00000000001
6497.000000000006
8192.000000000005
7018.000000000007
7346.250000000008
7414.000000000008
7436.000000000007
7815.000000000008
7484.500000000007
8102.000000000008
7442.000000000007
8134.000000000008
6820.750000000006
7835.000000000007
7009.500000000007
7277.000000000008
7248.250000000007
6325.000000000007
7639.250000000009
5187.000000000005
7729.000000000008
4880.0000000000055
7666.750000000008
5447.000000000005
8059.500000000008
6476.0000000000055
8546.50000000001
6563.000000000007
9964.250000000011
7039.000000000007
11027.250000000011
7600.000000000008
10863.250000000011
7997.000000000009
11107.000000000015
8086.000000000009
11901.500000000011
7715.000000000006
12607.750000000013
6989.000000000009
12526.000000000011
7080.000000000005
10763.750000000011
7678.000000000008
9318.750000000011
6634.000000000006
8890.000000000007
5209.0000000000055
8776.00000000001
3427.000000000002
8297.25000000001
1869.0000000000011
8557.250000000007
1273.0000000000014
8474.25000000001
1134.0000000000014
8514.75000000001
1292.0000000000014
8710.000000000007
1495.0000000000018
8949.750000000011
1982.000000000002
8605.50000000001
3658.0000000000045
8352.000000000005
5692.000000000005
8338.25000000001
6932.000000000008
7906.750000000007
7696.000000000009
8302.50000000001
7310.000000000008
9099.50000000001
5289.0000000000055
8789.000000000011
4375.000000000004
8587.250000000007
4323.000000000002
7805.500000000008
4227.000000000002
7246.500000000008
4565.0000000000055