15702.000000000016
13548.000000000015
15695.500000000018
13466.000000000013
15698.750000000016
14400.000000000011
15874.000000000016
12183.000000000007
15835.000000000018
8239.000000000007
15512.250000000015
6904.000000000007
15345.500000000016
9315.000000000007
15405.00000000002
9952.000000000011
16184.750000000016
11208.000000000011
15655.250000000015
12491.000000000013
14310.750000000015
12007.000000000011
13578.000000000015
12353.000000000013
12808.250000000015
13432.000000000016
12005.75000000001
14718.000000000016
11486.250000000011
13894.000000000015
11855.75000000001
14702.000000000015
11594.750000000013
14984.000000000015
11326.500000000013
14129.00000000001
10942.25000000001
13741.000000000015
10958.500000000011
13640.000000000015
10241.000000000011
13492.000000000015
10292.250000000013
13098.000000000007
11033.250000000011
14005.000000000013
10169.750000000011
14226.000000000007
10114.250000000011
14222.000000000015
9396.500000000011
14452.000000000013
9479.50000000001
15120.000000000018
10314.000000000011
15151.000000000013
10080.75000000001
15280.000000000016
10001.750000000011
15892.000000000015
10653.75000000001
16251.000000000018
11868.000000000015
15911.000000000018
12717.250000000013
16023.000000000016
14559.500000000015
15766.000000000013
15852.000000000018
15909.000000000016
17316.000000000022
15622.000000000015
18627.75000000002
14891.00000000001
18625.00000000002
14142.000000000016
18088.00000000002
14495.00000000001
16268.250000000016
14871.00000000002
12729.750000000013
14616.000000000015
11421.250000000013
14947.000000000016
11784.250000000011
15499.000000000018
11942.750000000011
14665.000000000015
12011.250000000011
14754.000000000018
11516.500000000011
14881.000000000016
11434.750000000011
15606.000000000013
11328.250000000013
14990.000000000016
11961.250000000011
13592.000000000011
12454.750000000011
14087.000000000016
12680.750000000013
15030.000000000015
12682.250000000015
14823.000000000016
12274.750000000011
14549.000000000016
12212.250000000013
14787.000000000015
12822.500000000011
14961.000000000015
13172.500000000015
16407.000000000022
13705.250000000015
16741.000000000015
14495.500000000016
17445.00000000002
15230.750000000016
17148.000000000022
15833.250000000015
16979.00000000001
16683.75000000002
17196.000000000015
16258.500000000016
18133.00000000001
15116.000000000016
18405.00000000002
14100.500000000015
17973.000000000015
13700.250000000011
17124.00000000002
13733.000000000015
16417.000000000015
14458.250000000013
16870.00000000001
15406.250000000016
17116.000000000022
17158.00000000002
16782.000000000022
17601.75000000002
16446.00000000001
17828.25000000002
17535.00000000002
18196.25000000002
17994.00000000002
18721.250000000022
17578.000000000015
19106.50000000002
18378.00000000001
19211.25000000002
19669.00000000002
19235.25000000002
19477.000000000022
19244.750000000022
19163.000000000015
18998.00000000002
18983.000000000022
18839.25000000002
17829.00000000002
18539.500000000022
17157.00000000002
18940.750000000022
17763.000000000022
18603.00000000002
18336.000000000022
18002.75000000002
18169.00000000002
18112.50000000002
19343.000000000022
18178.750000000015
19179.000000000025
18114.00000000002
18888.000000000015
18007.250000000015
19168.00000000002
18005.000000000015
18910.00000000002
17871.75000000002
18852.000000000022
17574.000000000015
18399.000000000015