9148.750000000007
18871.000000000015
7839.250000000009
16206.000000000016
7438.500000000006
12712.00000000001
7885.750000000008
12926.000000000018
8895.25000000001
12046.000000000007
10578.000000000013
12469.00000000001
11877.500000000011
14057.000000000016
13725.500000000015
15134.000000000013
15313.750000000015
15747.000000000018
16750.000000000022
15852.000000000018
17823.250000000015
16384.00000000001
17671.50000000002
16938.000000000015
17009.750000000015
16623.00000000002
16745.750000000015
15338.000000000013
16600.50000000002
13463.000000000016
15872.750000000015
10694.00000000001
15466.750000000015
9769.000000000011
16149.500000000015
10225.000000000005
17410.00000000002
12201.000000000013
19133.00000000002
15324.000000000013
19491.75000000002
14626.000000000015
19608.250000000022
9690.00000000001
20159.250000000022
6937.000000000008
20780.25000000002
5580.000000000005
21328.000000000022
6377.0000000000055
22167.000000000022
12069.000000000011
20984.250000000022
16177.000000000018
18651.25000000002
19182.00000000002
16677.25000000002
21761.000000000022
12815.500000000016
22516.000000000022
9460.50000000001
22169.000000000022
8012.500000000008
21562.000000000022
7636.250000000007
22180.000000000022
6727.750000000008
23760.000000000015
6745.000000000007
23947.00000000002
7386.250000000007
24411.00000000003
10019.75000000001
25254.000000000015
13180.000000000011
25548.00000000002
13313.500000000013
25585.000000000022
10342.250000000011
25668.00000000002
7331.250000000008
25952.000000000033
6730.000000000006
26155.000000000025
7610.500000000008
25924.000000000025
8067.500000000007
25078.00000000003
7789.000000000007
22241.000000000025
7731.250000000009
19288.00000000002
8438.25000000001
18984.00000000002
8764.75000000001
19432.000000000022
9329.00000000001
20005.00000000002
10905.500000000013
19677.000000000022
11175.750000000007
20547.000000000022
11344.500000000011
21403.000000000025
11649.000000000011
21604.000000000025
12933.500000000013
20922.000000000022
12846.750000000015
20059.000000000022
13129.250000000015
19461.000000000025
13663.000000000013
19423.00000000002
14382.500000000015
19705.00000000001
14091.500000000013
19476.000000000025
14863.500000000015
18444.000000000022
15966.250000000013
13702.000000000015
16289.500000000018
9327.000000000011
15389.500000000018
9406.000000000007
15397.750000000016
9585.000000000005
15074.750000000016
9642.000000000007
12228.000000000013
9804.000000000011
11266.250000000013
9627.000000000007
9399.75000000001
8502.00000000001
8486.25000000001
7876.000000000007
10574.250000000011
9120.00000000001
12509.500000000013
10003.00000000001
13112.250000000013
9868.000000000011
13675.250000000013
8700.00000000001
14087.000000000016
8338.000000000007
13623.000000000015
6709.000000000004
12943.000000000013
4416.000000000003
12238.750000000011
4257.000000000004
11116.250000000013
4839.0000000000055
10198.750000000011
4586.000000000005
9230.00000000001
4348.000000000005
8964.000000000007
4327.000000000005
9246.250000000007
4596.000000000004
9674.250000000011
4761.0000000000055
9396.50000000001
4962.000000000004
9046.50000000001
5559.0000000000055
8961.75000000001
6416.000000000007
8617.750000000007
6930.000000000004
8300.75000000001
7421.000000000008
8379.500000000007
7808.00000000001
8394.000000000007
7733.0000000000055