11261.250000000013
6838.000000000008
11384.500000000011
6857.0000000000055
11465.750000000011
6877.000000000008
11968.500000000015
6376.000000000007
13091.500000000013
5271.000000000006
13641.000000000013
5094.000000000005
13533.250000000011
5219.000000000005
13881.250000000016
5543.0000000000055
13500.250000000013
7290.000000000008
13586.000000000013
6790.000000000007
13955.500000000013
6560.0000000000055
12797.000000000015
5840.000000000007
11638.500000000013
4151.000000000004
10185.750000000011
4080.000000000004
8912.50000000001
6693.000000000006
8544.000000000007
8249.000000000007
9151.50000000001
9403.000000000005
9802.25000000001
11424.000000000011
10942.00000000001
14282.00000000001
12545.000000000013
16048.000000000015
13854.250000000016
16374.000000000018
14637.750000000011
16123.000000000018
13925.500000000013
15965.000000000018
13153.000000000013
15333.00000000001
13212.250000000015
14503.000000000015
13580.000000000013
13392.000000000016
13281.000000000013
13004.000000000015
12918.500000000015
11425.000000000013
12752.250000000013
9934.00000000001
11865.000000000011
9952.000000000011
10639.25000000001
15271.000000000015
11178.000000000011
13573.000000000013
12181.50000000001
8608.00000000001
12012.25000000001
7884.000000000007
11676.750000000013
8775.00000000001
11423.000000000011
8935.000000000011
10499.500000000011
9863.000000000007
10908.000000000013
10478.00000000001
9792.500000000011
10893.000000000013
9448.250000000007
11268.000000000015
9362.750000000007
11253.000000000011
9447.750000000007
11396.00000000001
8998.500000000011
11811.000000000011
8489.500000000007
11464.000000000013
8373.75000000001
11656.000000000011
8298.75000000001
11400.000000000011
8744.00000000001
10811.00000000001
8525.25000000001
10762.000000000013
8430.500000000007
10299.00000000001
8418.750000000007
10210.000000000013
9014.75000000001
10252.000000000013
10766.250000000013
10254.00000000001
10513.000000000011
10083.000000000011
10139.500000000011
10446.000000000005
8822.250000000007
11280.000000000011
8240.25000000001
12036.000000000015
7972.500000000008
13155.00000000001
8320.250000000007
13055.000000000013
9014.25000000001
12771.000000000015
9958.75000000001
12535.000000000013
9685.25000000001
12473.000000000007
10427.00000000001
12605.00000000001
10628.000000000011
12360.000000000015
10996.750000000011
12029.000000000013
11251.500000000011
11534.000000000011
11050.500000000011
11040.000000000015
10887.500000000011
10866.000000000011
10919.500000000011
11085.000000000011
10689.750000000011
11139.000000000013
10491.000000000011
11060.000000000013
10325.000000000013
10823.000000000013
10097.50000000001
10772.000000000011
9953.000000000011
10483.00000000001
9579.750000000011
10226.000000000011
9453.00000000001
10128.000000000011
9273.50000000001
10146.00000000001
8937.50000000001
10270.000000000011
8794.00000000001
10473.000000000011
8842.50000000001
10628.000000000011
8822.50000000001
10645.000000000011
8944.75000000001
10559.00000000001
8838.50000000001
10762.000000000013
8442.25000000001
11339.000000000015
8226.50000000001
11140.000000000013
8345.000000000007
10832.000000000013
8375.000000000007
10504.00000000001
8199.250000000007
10296.000000000011
7884.500000000008
10118.00000000001
7892.000000000008
9338.000000000011
7903.000000000007
8532.00000000001