7567.000000000007
7733.0000000000055
7713.250000000008
8003.000000000009
7759.750000000007
8133.000000000008
7756.750000000006
8033.000000000007
7739.000000000008
7824.000000000008
7904.000000000008
7486.000000000009
7905.750000000006
7112.000000000008
8031.500000000009
6832.000000000006
8528.50000000001
6691.000000000006
9141.50000000001
6714.000000000005
9335.50000000001
6788.0000000000055
9174.75000000001
6885.000000000006
8968.25000000001
6942.000000000007
9002.00000000001
7118.000000000009
9004.25000000001
7304.000000000006
8878.50000000001
7595.000000000007
8825.500000000007
7988.000000000008
9745.25000000001
8288.00000000001
10417.50000000001
8363.000000000004
10917.750000000011
8191.000000000007
10754.750000000011
7803.000000000009
10696.250000000011
7363.000000000007
10783.750000000013
7010.000000000007
10813.25000000001
6721.000000000007
10192.000000000011
6513.000000000008
8843.250000000007
6476.0000000000055
7977.000000000008
6617.000000000006
6997.500000000006
6948.0000000000055
6477.500000000006
7354.000000000007
6325.250000000006
7780.000000000009
5485.250000000005
8107.000000000008
5667.7500000000055
8292.000000000011
6692.500000000006
8231.00000000001
6857.500000000005
8118.000000000009
6775.750000000007
7921.000000000008
8275.500000000007
7733.0000000000055
10233.250000000011
7627.000000000007
9620.250000000011
7304.000000000006
8627.50000000001
7753.000000000008
8457.00000000001
7712.000000000009
8352.000000000007
6552.0000000000055
6778.250000000006
6682.0000000000055
7094.000000000007
6879.000000000007
7415.750000000007
6086.000000000006
6690.2500000000055
5574.0000000000055
5543.000000000005
5791.000000000006
5228.250000000004
9943.000000000011
4694.750000000004
13295.000000000016
4282.500000000005
13588.000000000013
4637.500000000004
11258.000000000013
4644.750000000005
7927.000000000009
4485.000000000005
6917.000000000007
4098.750000000005
5577.000000000006
4036.500000000004
4617.000000000005
4169.500000000005
5011.000000000006
5147.250000000005
7175.0000000000055
5585.500000000007
8258.00000000001
5995.250000000006
8633.000000000005
6690.2500000000055
8256.000000000007
6901.750000000006
7389.000000000003
7230.250000000006
6677.000000000007
7090.0000000000055
6276.0000000000055
6804.000000000007
5862.000000000005
5386.250000000005
5790.000000000006
4158.500000000004
5924.000000000004
4094.0000000000036
6203.000000000007
4024.0000000000045
6547.000000000005
4398.000000000005
6800.000000000009
5149.0000000000055
7055.0000000000055
5327.7500000000055
7387.000000000008
5297.500000000005
7626.000000000007
5609.250000000006
7724.000000000008
5821.2500000000055
7596.000000000008
5822.7500000000055
7488.000000000007
5729.000000000006
7350.000000000006
5600.250000000006
7094.000000000007
5371.2500000000055
6790.000000000007
5477.7500000000055
6556.000000000008
5693.250000000006
6366.000000000008
5865.500000000007
6163.0000000000055
5886.750000000006
5979.000000000006
5727.0000000000055
5838.000000000005
5449.750000000006
5717.000000000006
5152.000000000004
5565.0000000000055
4999.2500000000055
5483.0000000000055
5034.750000000005
5490.0000000000055
5056.500000000004
5421.0000000000055
5161.250000000005
5379.000000000005
5593.000000000005
5336.0000000000055
5998.000000000006
5163.000000000005