12125.000000000011
3087.0000000000023
12272.250000000013
4795.0000000000055
11325.000000000013
6041.000000000007
11090.000000000011
4043.0000000000045
11683.750000000011
3515.000000000003
10730.500000000011
4753.000000000006
10372.000000000011
5278.000000000004
10604.50000000001
5182.0000000000055
11918.250000000011
3809.000000000004
12930.500000000011
3861.0000000000045
12449.000000000011
6180.000000000007
13040.750000000015
7973.000000000008
13689.000000000013
7156.000000000005
15051.750000000015
5180.000000000005
15281.000000000016
5192.000000000005
17149.50000000002
7634.0000000000055
16888.25000000002
7224.000000000009
15078.750000000015
9017.000000000007
13867.250000000016
10314.000000000011
14492.500000000013
10222.00000000001
16302.750000000018
10403.000000000011
16042.750000000016
8750.000000000007
15680.500000000013
9593.000000000011
14869.500000000013
8906.00000000001
14732.250000000016
8594.000000000005
11586.500000000011
9905.000000000005
7928.250000000009
10119.000000000013
5373.7500000000055
10417.000000000011
4751.0000000000055
10145.000000000007
5380.750000000005
8375.000000000005
5902.000000000006
8240.000000000007
5277.750000000005
7413.0000000000055
5158.2500000000055
6723.000000000007
5253.000000000005
7107.000000000008
5779.0000000000055
6726.000000000007
8337.500000000007
8070.000000000007
10548.000000000013
12881.00000000001
11483.250000000013
14083.000000000013
10745.75000000001
8328.000000000005
9464.250000000011
6331.0000000000055
9651.50000000001
6663.000000000008
9067.75000000001
7302.000000000007
7769.750000000007
8019.000000000008
6155.750000000006
10333.000000000011
6337.750000000006
11626.000000000011
6343.5000000000055
9571.000000000011
6619.500000000008
9360.000000000007
6415.5000000000055
10825.000000000011
7936.250000000009
9406.000000000007
8276.500000000007
8528.000000000011
8258.00000000001
7942.000000000006
10119.75000000001
8606.000000000007
11342.250000000011
8736.000000000007
11156.750000000013
8884.000000000005
11078.75000000001
8616.00000000001
10228.000000000013
8560.000000000007
9718.500000000011
7492.000000000007
9282.00000000001
7896.000000000006
9214.25000000001
7827.000000000007
9935.250000000013
7816.000000000008
10711.00000000001
8377.000000000007
11003.000000000011
10314.000000000013
10694.750000000011
11212.000000000013
11069.500000000011
9632.000000000011
11608.000000000011
9960.000000000011
11223.500000000011
10206.000000000011
11534.500000000015
9445.000000000013
12285.250000000011
11357.000000000013
12042.000000000013
11831.000000000015
11966.500000000013
11507.000000000013
13041.000000000015
10846.000000000013
13547.250000000015
11813.00000000001
13444.250000000015
11951.00000000001
12519.750000000015
11035.000000000013
12349.750000000011
11599.00000000001
12134.000000000015
11363.000000000011
12287.000000000013
10838.000000000013
11756.000000000013
9889.00000000001
12127.750000000015
9988.00000000001
12234.750000000013
9820.00000000001
12080.750000000011
10290.000000000011
11945.000000000015
10311.000000000011
11788.25000000001
8637.000000000007
11850.500000000013
5914.000000000005
12606.500000000015
5921.000000000007
13234.500000000016
5756.000000000005
13133.750000000015
5153.0000000000055
13225.750000000015
5530.000000000005
13356.750000000015
7210.000000000007
13231.500000000015
6983.000000000008