7045.750000000007
9990.000000000011
7103.250000000007
9755.000000000011
7197.750000000007
9108.000000000007
7230.500000000008
8538.000000000007
7409.750000000007
8169.000000000009
7603.000000000008
7880.000000000009
7638.000000000008
7813.000000000009
7293.000000000007
8036.000000000008
7178.000000000006
8266.00000000001
7733.500000000008
8374.00000000001
8221.00000000001
8348.000000000007
7992.000000000007
8247.000000000007
7653.250000000008
8140.000000000009
7934.250000000008
7875.000000000008
9134.500000000011
7716.000000000007
11354.500000000011
7965.000000000009
14181.500000000013
8325.000000000004
14311.250000000015
8557.000000000005
12419.750000000013
8619.000000000005
10784.250000000011
8264.000000000007
10773.75000000001
7915.000000000007
10162.75000000001
7957.000000000007
8625.00000000001
8151.000000000008
8923.50000000001
8460.000000000007
9543.750000000011
8683.000000000007
9710.750000000011
8877.000000000005
9731.50000000001
8980.000000000007
9430.00000000001
8740.000000000005
9231.50000000001
8516.00000000001
9611.000000000011
8456.00000000001
9617.75000000001
8442.000000000005
8524.750000000011
8623.00000000001
8670.75000000001
8758.000000000007
9010.00000000001
8480.000000000005
8360.25000000001
8677.00000000001
8586.250000000007
9166.000000000011
9779.250000000011
9513.000000000007
9868.500000000011
9713.00000000001
9446.50000000001
9439.00000000001
9295.75000000001
9338.000000000013
8866.250000000007
9548.000000000011
8782.000000000007
9448.000000000005
9745.000000000011
10285.00000000001
9584.250000000011
11542.000000000011
8995.75000000001
10810.000000000011
9063.750000000011
9727.000000000013
8966.50000000001
9281.000000000005
8473.50000000001
9420.000000000011
8831.25000000001
9332.00000000001
8698.75000000001
9326.000000000005
8265.50000000001
9575.00000000001
8250.750000000007
8921.00000000001
7518.250000000009
8393.000000000007
8974.50000000001
8244.000000000005
9156.500000000011
8241.000000000007
8389.250000000007
8408.000000000007
7950.25000000001
8090.000000000008
8063.250000000011
7543.000000000008
7269.750000000006
7045.000000000006
7526.750000000006
6748.000000000006
8381.500000000007
6618.000000000004
7789.000000000009
6691.000000000007
7182.750000000007
6689.0000000000055
7305.750000000007
6440.000000000005
7251.750000000006
5991.000000000005
7156.750000000007
5643.0000000000055
7145.750000000006
5540.0000000000055
7072.750000000007
5686.0000000000055
7054.750000000009
5877.000000000005
7070.250000000008
5829.0000000000055
6946.000000000008
5618.0000000000055
6741.750000000007
5273.0000000000055
6535.000000000006
5088.000000000006
6332.750000000006
5034.000000000004
6043.500000000006
5093.000000000005
5985.500000000006
5128.000000000006
6042.250000000006
5109.0000000000055
6531.500000000006
5272.000000000005
6950.000000000006
6446.0000000000055
7214.750000000008
7439.000000000007
7353.750000000008
7752.000000000009
7351.250000000006
8240.000000000007
7284.750000000006
8350.00000000001
7451.0000000000055
8361.000000000007
7500.250000000008
8225.000000000007
7589.750000000006
8159.000000000007
7606.500000000007
8115.000000000009
7721.750000000008
7964.000000000007
7900.500000000008
7476.000000000005
8164.000000000008
7431.000000000007