32640.000000000033
32640.000000000033
32640.000000000033
32640.000000000033
32640.000000000033
32640.000000000033
32640.000000000033
32640.000000000033
32639.500000000036
32640.000000000033
32472.750000000033
32640.000000000033
32467.250000000036
32640.000000000033
32520.500000000033
32640.000000000033
32538.000000000033
32640.000000000033
32525.000000000033
32640.000000000033
32441.000000000033
32640.000000000033
32438.750000000036
32640.000000000033
32380.250000000033
32640.000000000033
32373.250000000036
32640.000000000033
32176.750000000033
32640.000000000033
32036.00000000003
32640.000000000033
32150.750000000036
32640.000000000033
32117.500000000036
32640.000000000033
32140.500000000033
32640.000000000033
32109.750000000036
32640.000000000033
31890.000000000033
32640.000000000033
31650.750000000033
32640.000000000033
28493.25000000003
32192.000000000036
22990.750000000022
28733.00000000003
16816.75000000002
24771.00000000002
13457.000000000015
22214.000000000025
10884.750000000011
20280.00000000002
8486.00000000001
18196.00000000001
6976.750000000007
15766.000000000013
6374.500000000006
15986.000000000015
5606.500000000005
16101.000000000016
5445.750000000006
14293.000000000011
5278.000000000004
12841.000000000013
4781.0000000000055
16459.00000000001
5164.750000000005
23594.000000000025
7782.750000000008
25876.000000000022
14100.500000000015
24888.000000000015
21044.750000000022
20274.000000000015
22912.000000000025
17077.000000000022
22488.500000000025
14209.000000000016
20586.750000000022
12722.000000000015
18077.25000000002
14917.000000000011
13341.750000000015
19730.000000000022
8860.00000000001
22936.000000000022
7288.000000000008
26413.00000000003
8355.750000000011
29666.000000000025
8928.00000000001
32099.000000000033
10297.000000000011
32640.000000000033
11625.750000000013
32640.000000000033
13061.250000000011
32640.000000000033
14450.750000000013
32640.000000000033
15061.500000000011
32640.000000000033
16020.250000000018
32640.000000000033
17344.25000000002
32640.000000000033
18029.00000000002
32640.000000000033
17656.25000000002
32640.000000000033
17815.50000000002
32640.000000000033
18540.500000000022
32640.000000000033
19416.25000000002
32640.000000000033
20866.50000000002
32640.000000000033
21650.000000000022
32640.000000000033
21392.000000000022
32640.000000000033
22301.000000000025
32640.000000000033
23718.50000000003
32640.000000000033
23756.750000000025
32640.000000000033
23005.750000000025
32640.000000000033
23452.500000000025
32640.000000000033
24062.500000000025
32640.000000000033
24053.250000000025
32640.000000000033
24325.25000000003
32640.000000000033
24433.250000000025
32640.000000000033
24271.500000000025
32640.000000000033
24287.000000000025
32640.000000000033
24885.000000000022
32640.000000000033
26661.250000000033
32640.000000000033
28296.250000000033
32640.000000000033
29348.00000000003
32640.000000000033
30400.250000000033
32640.000000000033
30651.00000000003
32640.000000000033
30684.750000000033
32640.000000000033
30961.750000000036
32640.000000000033
31121.250000000033
32640.000000000033
31198.500000000033
32640.000000000033
31226.500000000036
32640.000000000033
31191.000000000033
32640.000000000033
31117.000000000036
32640.000000000033
31139.750000000033
32640.000000000033
32059.25000000004
32640.000000000033
32639.250000000033
32640.000000000033
32640.000000000033
32640.000000000033