18366.750000000022
22386.000000000022
19118.25000000002
22064.00000000002
18733.50000000002
15324.000000000013
18766.000000000022
13739.000000000013
17774.00000000002
12662.000000000011
15551.250000000015
11595.000000000005
15837.000000000018
10826.000000000011
14381.250000000016
12347.00000000001
13958.250000000016
12902.000000000013
14046.750000000015
13687.00000000001
13774.750000000013
15214.000000000013
14608.500000000015
17289.000000000015
14905.000000000015
17975.000000000015
14885.250000000013
17227.000000000015
14685.500000000013
17098.00000000001
14989.750000000015
16066.000000000018
15304.750000000016
16264.000000000018
15215.500000000015
15343.000000000016
15466.750000000018
13769.000000000016
15680.250000000016
14412.000000000016
15225.500000000016
16687.00000000001
14925.000000000013
16379.000000000016
14566.250000000013
16051.000000000018
13774.500000000016
16696.000000000015
14238.250000000015
16881.000000000007
14669.250000000013
17452.000000000022
14561.750000000016
17329.00000000001
15428.000000000016
17400.00000000002
14616.250000000015
16761.00000000002
13609.750000000013
17716.000000000015
14324.000000000015
16872.00000000001
14821.000000000016
18093.00000000002
14986.500000000015
18860.000000000022
15412.250000000018
19059.00000000002
16348.750000000015
19200.00000000001
16452.500000000015
19924.000000000015
16684.750000000022
19041.000000000015
16188.000000000018
19580.00000000002
15991.500000000016
19165.000000000022
15071.500000000011
18829.000000000022
14218.00000000001
19522.00000000001
13338.000000000015
20188.00000000002
12650.750000000013
20118.000000000022
12390.250000000011
20352.00000000002
12671.000000000013
20617.00000000002
12518.500000000015
18804.00000000001
12780.750000000015
19565.00000000002
12715.000000000013
19848.000000000015
13082.750000000011
19932.000000000025
13028.750000000013
20941.000000000022
12340.750000000013
21800.000000000022
12554.750000000015
21123.000000000022
12623.500000000015
20149.000000000022
12248.500000000015
19534.00000000002
13093.000000000015
18969.00000000002
13323.500000000015
19239.000000000015
13526.000000000013
18254.00000000002
13772.750000000015
18967.00000000002
14185.750000000013
19468.000000000022
14512.250000000015
17803.000000000022
14615.000000000013
16720.00000000001
13468.750000000015
17927.000000000015
13398.750000000016
18130.00000000002
13853.750000000015
17684.000000000015
13833.500000000013
17545.000000000015
13301.750000000013
18571.000000000025
13416.750000000013
18029.00000000001
13629.750000000013
18544.00000000002
13554.500000000015
18709.00000000002
13453.250000000013
19049.000000000022
13350.000000000013
19353.00000000001
13286.750000000013
21177.000000000022
13126.750000000013
21023.000000000022
12983.250000000011
21199.000000000025
12841.000000000011
20576.000000000022
12970.750000000013
20606.000000000022
13360.000000000013
19942.000000000022
13088.250000000011
19533.00000000002
13220.250000000013
19358.000000000022
14584.250000000011
18957.00000000001
14510.500000000015
18263.000000000015
13870.750000000013
17996.00000000002
14159.000000000015
18315.00000000002
14639.750000000011
18563.000000000022
15674.250000000016
18667.00000000001
16136.000000000015
17256.000000000015
16281.00000000002
17207.00000000001
16343.500000000015
18048.000000000015
16549.500000000015
17584.00000000002
16975.00000000002
17566.00000000002