13200.500000000015
10904.000000000011
13311.250000000015
10919.000000000015
13392.750000000013
10522.000000000011
13538.000000000015
10016.000000000013
13558.500000000015
9714.00000000001
13705.750000000013
10326.000000000011
13718.500000000016
10840.000000000011
13300.750000000015
10406.000000000011
13107.500000000013
9764.000000000007
13134.000000000011
9039.00000000001
13467.750000000015
8296.000000000004
13327.500000000015
8477.000000000007
13540.750000000015
8957.000000000007
13955.000000000016
9053.000000000005
13870.250000000015
9021.000000000005
13197.250000000011
8936.00000000001
12474.750000000015
9199.000000000011
12017.500000000013
9480.000000000011
12092.750000000015
9306.000000000007
11846.500000000015
10090.000000000011
11064.000000000011
12080.000000000013
10984.750000000011
13892.000000000013
11028.50000000001
14632.000000000018
11142.750000000013
14633.000000000015
11322.50000000001
14457.000000000016
10723.75000000001
14447.000000000015
10156.250000000013
14735.000000000011
8744.00000000001
12958.000000000015
7573.250000000008
11559.000000000015
6411.750000000007
9994.000000000013
6687.250000000007
8466.000000000005
6414.750000000006
9629.00000000001
6656.000000000008
12026.00000000001
6023.000000000006
10145.000000000007
5548.500000000006
8436.000000000011
6035.0000000000055
7588.000000000008
6215.750000000006
7146.000000000008
6816.500000000006
7715.000000000006
8175.500000000007
8621.000000000007
9598.750000000011
9608.000000000011
10098.00000000001
10326.000000000011
10682.000000000011
10712.000000000015
11051.250000000011
10868.000000000007
11242.750000000011
11000.000000000013
10751.500000000011
11100.00000000001
9441.000000000011
11093.000000000013
6811.750000000006
11149.000000000011
5502.5000000000055
11105.00000000001
5761.250000000006
10910.00000000001
5833.0000000000055
10930.000000000011
5620.5000000000055
11039.00000000001
5832.2500000000055
10811.000000000011
6027.000000000005
9748.000000000007
5886.750000000006
8678.00000000001
6566.250000000007
8690.000000000007
6886.750000000006
9684.000000000011
7132.750000000006
9662.000000000011
7325.750000000006
9545.000000000011
7544.000000000009
9831.000000000011
7527.750000000006
10170.000000000011
6957.500000000006
10392.00000000001
6144.5000000000055
10436.00000000001
6080.2500000000055
10204.000000000011
6245.250000000005
9618.000000000011
6495.500000000006
9621.000000000011
6957.750000000006
9789.000000000013
7612.750000000006
9464.000000000005
8383.500000000007
9227.000000000005
9341.75000000001
8940.000000000011
9926.25000000001
8600.00000000001
10506.250000000011
8855.000000000005
11104.500000000013
9712.000000000011
11474.750000000011
10473.000000000011
11785.500000000015
11253.00000000001
11953.000000000011
11833.000000000007
12024.000000000011
12009.000000000011
12074.750000000013
12349.000000000013
12124.500000000015
12533.000000000013
12349.750000000013
12376.000000000015
12071.750000000013
12142.000000000015
11969.750000000013
11971.000000000013
11499.750000000011
12174.000000000011
10830.250000000011
12295.000000000015
10354.000000000011
12562.000000000013
10157.25000000001
12561.00000000001
10449.000000000011
12721.000000000015
10650.750000000013
12817.000000000013
10672.750000000011
12718.000000000007
10626.750000000011
12842.000000000013
10385.00000000001
12899.000000000007