19130.250000000022
14666.000000000016
18457.750000000022
10964.000000000013
18384.250000000022
9663.000000000011
18224.50000000002
8755.000000000011
17767.25000000002
7046.000000000008
17529.75000000002
5630.000000000005
16781.00000000002
5137.000000000004
15947.750000000015
5849.000000000004
14474.500000000013
6128.000000000005
13600.750000000015
5383.000000000003
13821.250000000015
4437.000000000005
13965.750000000015
4281.000000000005
13932.750000000013
4533.000000000005
13638.250000000015
5298.0000000000055
12018.500000000013
5108.000000000005
11169.000000000011
4791.000000000005
11027.250000000011
4956.000000000005
10214.00000000001
4711.000000000005
10207.00000000001
4489.0000000000055
10225.250000000011
4417.000000000004
10484.500000000013
4911.0000000000055
10726.750000000013
5014.0000000000055
10960.250000000011
4356.000000000004
11120.750000000013
4155.0000000000055
11407.250000000013
4456.000000000005
12142.500000000013
4341.000000000004
13657.500000000015
4401.0000000000055
13000.000000000015
4240.000000000005
10552.250000000013
4200.000000000004
10658.750000000013
4784.000000000006
11412.750000000013
6101.000000000006
11689.750000000013
6437.000000000007
11642.000000000011
6393.000000000007
12052.75000000001
6486.000000000005
11862.750000000013
6265.000000000005
11743.500000000015
5968.000000000005
11072.000000000011
5491.0000000000055
10451.50000000001
6075.000000000005
11115.500000000011
7091.000000000006
11652.000000000011
6929.000000000007
11416.750000000011
5921.000000000007
11921.750000000011
6523.000000000007
12283.000000000015
7090.000000000004
12358.750000000013
6098.000000000005
12756.500000000011
5355.000000000005
12670.250000000013
4824.0000000000055
11283.500000000011
5512.0000000000055
8834.500000000011
7721.000000000008
7560.500000000007
8412.000000000005
7000.250000000006
8318.00000000001
6707.500000000007
8164.000000000008
7121.250000000009
8459.000000000011
7739.250000000007
8016.000000000007
6658.5000000000055
6585.000000000005
6305.2500000000055
5841.000000000004
6642.750000000006
5267.0000000000055
6660.750000000006
5308.000000000006
6374.750000000006
6150.000000000005
6174.7500000000055
7769.000000000008
6462.000000000006
5716.0000000000055
6589.500000000007
4497.000000000004
6632.250000000007
4550.000000000005
6981.000000000006
4686.000000000003
6958.750000000008
5117.0000000000055
7679.000000000008
7018.000000000008
7905.250000000007
8152.000000000008
7523.000000000007
6384.0000000000055
7089.500000000008
6427.000000000004
6288.250000000007
6490.000000000007
5725.2500000000055
6205.000000000006
5634.0000000000055
5396.000000000004
7231.750000000008
5356.000000000006
8326.50000000001
6411.000000000007
7799.000000000006
6969.000000000006
7506.750000000007
6245.000000000006
7080.250000000007
6089.000000000006
7322.750000000008
5459.0000000000055
7345.000000000006
5355.000000000005
7845.000000000006
5434.000000000006
7809.000000000007
4663.000000000003
7116.750000000006
4560.000000000003
6295.2500000000055
5120.0000000000055
5436.7500000000055
4723.000000000006
4864.500000000005
5030.0000000000055
4642.500000000005
4822.000000000005
4953.2500000000055
6232.0000000000055
5515.7500000000055
8641.000000000005
6050.0000000000055
12146.000000000011
6969.750000000007
15024.000000000011
7520.750000000006
15927.000000000015