20290.500000000022
18085.00000000002
20421.75000000002
18224.00000000002
20463.500000000015
18331.00000000002
20258.500000000022
18249.000000000015
20463.750000000022
18491.000000000015
20725.000000000022
18199.00000000002
18560.25000000002
16971.000000000022
15561.000000000018
16621.00000000002
12750.000000000011
15258.000000000018
9916.000000000011
14615.000000000016
8717.00000000001
14390.000000000015
8320.750000000007
13251.000000000016
7786.250000000008
13357.000000000016
7426.750000000007
12210.00000000001
7171.750000000007
10407.00000000001
7294.750000000008
10029.000000000011
8377.25000000001
10314.000000000013
9440.00000000001
8703.000000000011
10515.750000000013
6212.000000000005
11344.500000000011
4632.000000000005
12683.250000000013
6054.000000000004
14040.250000000013
5831.000000000007
14334.000000000013
5717.0000000000055
14741.000000000015
5934.000000000007
15124.250000000015
6295.000000000005
14714.500000000015
8936.00000000001
13383.500000000015
10837.000000000011
12245.250000000013
11733.000000000011
11236.250000000011
13757.000000000016
9851.50000000001
9255.000000000013
9013.250000000007
6236.000000000006
7954.000000000008
4716.000000000005
7099.750000000007
3084.000000000002
6872.750000000006
4342.000000000005
6797.750000000006
5057.000000000006
6658.250000000006
7302.000000000007
6673.500000000007
7958.000000000006
6661.750000000007
6771.000000000006
7727.750000000007
6997.000000000007
8765.250000000011
7645.000000000008
9197.25000000001
8757.000000000011
11093.250000000011
9886.000000000007
12771.750000000013
10832.000000000013
13192.250000000013
12127.000000000015
13986.500000000013
13509.000000000016
14601.000000000015
14943.000000000013
14791.750000000015
20652.000000000022
14777.250000000013
23666.000000000015
15707.250000000016
25073.00000000002
16115.500000000018
28432.000000000022
15224.750000000015
25536.000000000022
14376.250000000013
23964.00000000002
13514.000000000015
23889.00000000002
13514.000000000015
24256.000000000022
13404.250000000013
22753.000000000025
13106.500000000013
22129.00000000002
12775.500000000011
20682.000000000022
12943.500000000015
21247.000000000022
14770.000000000015
22511.000000000025
16462.250000000015
21942.000000000025
18052.00000000002
20280.00000000002
19337.00000000002
17547.000000000015
19590.250000000022
18073.000000000022
19652.250000000022
18251.00000000002
19675.500000000022
17406.000000000022
20480.75000000002
17256.000000000015
20875.750000000022
16409.00000000002
20930.250000000022
16668.00000000002
20963.250000000022
19046.00000000002
21086.25000000002
19285.000000000022
21058.500000000022
17296.00000000001
20753.00000000002
15644.000000000018
20918.750000000022
15088.000000000018
21353.750000000025
15311.000000000016
21636.000000000025
15914.000000000015
21710.250000000022
16214.000000000015
21776.250000000022
16098.000000000018
21669.000000000025
15379.000000000018
21275.000000000022
15166.000000000015
20805.250000000022
16561.00000000002
20255.500000000022
23913.00000000003
19957.500000000022
28534.00000000002
19416.75000000002
29864.000000000033
18875.25000000002
30358.00000000003
19070.25000000002
30634.000000000036
20440.000000000022
30568.000000000033
21110.250000000022
30186.000000000033
21061.500000000025
29799.000000000036
20943.50000000002
29235.000000000033
21222.000000000022
29283.00000000003