8280.000000000007
5279.000000000006
8317.250000000011
5514.000000000005
7761.500000000008
5547.000000000006
7132.500000000007
5382.0000000000055
6915.250000000007
5489.000000000005
6644.7500000000055
5789.0000000000055
6721.500000000006
5287.000000000005
6860.500000000006
5490.0000000000055
7293.750000000008
6143.000000000005
7828.750000000008
6603.000000000006
7443.750000000008
6452.000000000007
7080.000000000007
5962.000000000004
7092.000000000007
5436.0000000000055
7074.000000000008
5064.0000000000055
7072.750000000007
5332.000000000006
7104.500000000008
7211.000000000009
7745.000000000006
7814.000000000009
8700.750000000007
7396.000000000008
8781.500000000007
8080.000000000008
9379.500000000011
8707.00000000001
10387.25000000001
8917.000000000011
11062.750000000011
8903.000000000007
11473.250000000013
8156.000000000008
11842.500000000013
7922.000000000009
10922.000000000011
7973.000000000008
10951.000000000013
7690.000000000007
10502.250000000011
6951.000000000005
9817.750000000011
6135.000000000005
9667.00000000001
5919.000000000007
9662.25000000001
5812.000000000006
9258.000000000011
5243.0000000000055
9984.000000000013
5166.000000000006
10540.500000000013
4995.0000000000055
10252.500000000013
4747.000000000003
9857.50000000001
5114.000000000004
10395.00000000001
4972.0000000000055
10441.000000000013
5930.000000000005
10152.500000000011
9288.000000000005
9838.500000000011
10437.00000000001
9676.500000000011
10754.000000000007
9469.000000000011
9572.000000000011
9563.25000000001
8544.000000000007
8628.000000000007
8185.000000000009
8387.25000000001
7093.0000000000055
8772.000000000007
5419.0000000000055
9308.00000000001
5508.000000000005
8728.00000000001
5354.000000000004
8146.00000000001
5490.0000000000055
8040.500000000009
4943.000000000004
7460.000000000009
4659.000000000003
6647.000000000006
3778.000000000004
6254.750000000006
2679.000000000002
6520.500000000007
2477.000000000002
6140.250000000006
2744.000000000003
6135.7500000000055
2775.0000000000027
6417.500000000006
3162.0000000000027
6832.000000000006
3614.000000000003
7391.000000000007
4093.000000000004
7205.250000000007
5219.000000000006
8498.25000000001
5613.000000000007
9005.500000000007
4423.000000000005
8794.00000000001
2899.0000000000027
9097.75000000001
2923.0000000000023
9608.750000000011
2613.0000000000023
9790.00000000001
2825.0000000000027
8872.25000000001
2291.0000000000023
8527.50000000001
2463.0000000000027
8835.75000000001
2813.0000000000027
9718.75000000001
2737.0000000000027
10198.500000000011
2132.0000000000023
9724.500000000011
1987.0000000000018
9392.500000000007
2163.000000000002
8676.750000000007
1976.000000000002
7169.000000000007
1906.0000000000016
6340.000000000007
1773.0000000000018
6070.0000000000055
1726.0000000000016
5864.0000000000055
1663.0000000000018
5801.2500000000055
1781.0000000000018
5501.7500000000055
1882.000000000002
5198.000000000004
1640.0000000000014
5106.5000000000055
1702.000000000001
5385.250000000005
1808.0000000000018
6425.250000000007
1945.0000000000018
6892.000000000006
1691.000000000002
7027.500000000006
1355.0000000000016
7046.500000000008
1281.0000000000014
7148.750000000007
1350.0000000000014
6889.000000000006
1242.0000000000007
6629.000000000006
1104.0000000000007
6345.7500000000055
1235.0000000000014