13392.500000000013
11795.000000000011
12338.750000000015
11186.000000000011
12459.000000000013
11210.000000000013
12485.25000000001
11226.000000000011
12594.250000000015
11425.00000000001
12382.750000000015
11763.000000000011
12262.250000000013
11823.000000000015
12105.250000000013
11906.00000000001
11998.250000000013
12119.00000000001
12701.500000000015
12634.000000000015
13184.750000000016
11512.00000000001
13584.000000000015
10313.00000000001
14301.500000000015
10781.000000000011
15038.250000000016
10941.000000000013
15591.750000000016
10674.00000000001
15326.500000000015
10167.000000000013
14632.750000000013
9721.00000000001
13992.000000000015
9704.00000000001
13353.500000000015
9605.000000000013
12752.250000000013
9387.000000000011
12227.250000000015
9427.000000000011
12594.500000000011
9551.000000000007
12612.750000000011
9944.000000000011
12771.250000000011
11105.000000000013
10762.00000000001
11768.00000000001
9472.500000000011
12000.000000000015
8820.50000000001
10535.000000000013
9161.00000000001
10947.00000000001
8922.750000000011
11207.000000000011
7721.750000000008
10593.000000000013
7030.250000000006
10196.000000000011
7763.250000000006
8492.000000000004
8282.50000000001
7286.000000000009
9134.00000000001
6568.0000000000055
9299.00000000001
5454.000000000006
9689.750000000011
6562.000000000005
9511.750000000007
6833.000000000007
10634.750000000011
5597.0000000000055
13636.250000000013
6222.000000000006
14817.750000000016
10152.000000000007
14936.500000000015
17685.000000000015
13420.500000000013
20674.000000000022
11446.250000000013
19232.00000000001
9564.50000000001
9548.000000000011
8265.250000000007
4750.000000000005
7296.500000000006
4956.000000000005
7292.000000000007
4840.000000000004
7464.250000000007
6494.000000000005
7220.250000000007
8009.000000000007
7363.500000000008
8766.000000000007
7783.250000000007
9276.000000000007
7825.00000000001
9679.000000000011
8309.750000000007
9290.000000000011
9152.000000000011
8884.000000000005
9684.25000000001
8444.000000000011
10593.500000000011
7957.000000000007
12038.000000000011
7585.000000000008
13342.250000000015
8111.000000000008
12725.000000000013
8608.00000000001
12201.250000000013
8806.00000000001
11707.750000000011
9228.000000000005
10425.500000000011
9732.000000000011
9454.00000000001
10028.000000000011
8820.250000000007
10166.000000000011
9352.500000000013
9965.00000000001
10446.000000000011
9713.00000000001
11560.000000000011
9945.000000000011
11840.000000000011
10485.000000000011
12241.500000000011
10863.00000000001
12988.750000000013
11456.00000000001
12842.750000000011
11890.00000000001
12020.750000000013
11845.00000000001
10832.000000000013
11356.000000000013
9983.75000000001
10873.000000000011
10038.750000000011
10916.000000000013
10372.250000000011
10895.000000000013
10678.500000000013
10694.000000000013
10968.250000000013
10370.000000000011
11016.000000000011
10063.000000000011
10719.00000000001
10010.000000000013
10531.250000000011
10130.000000000011
10515.250000000011
10298.000000000013
10265.000000000011
10252.00000000001
10055.250000000011
10015.000000000007
10029.50000000001
9807.000000000011
10102.500000000011
10218.000000000011
10566.00000000001
10226.000000000011
11338.000000000011
9872.000000000011
11892.250000000013
10211.000000000011
13105.000000000011
11132.000000000011