32640.000000000033
32640.000000000033
32640.000000000033
32640.000000000033
32640.000000000033
32640.000000000033
32640.000000000033
32640.000000000033
32640.000000000033
32640.000000000033
32640.000000000033
32640.000000000033
32640.000000000033
32640.000000000033
32488.000000000033
32324.000000000033
29314.000000000033
29552.000000000025
27465.000000000033
27896.00000000003
27262.000000000022
25232.000000000022
20415.00000000002
17056.00000000002
23150.000000000022
24632.00000000002
20089.000000000022
21316.00000000002
21703.000000000022
22028.000000000022
22766.00000000002
23868.00000000003
20294.000000000022
21144.000000000025
21211.000000000022
20560.000000000022
32323.000000000036
32268.000000000033
32640.000000000033
32640.000000000033
32640.000000000033
32640.000000000033
32640.000000000033
32640.000000000033
32640.000000000033
32640.000000000033
32640.000000000033
32640.000000000033
32640.000000000033
32640.000000000033
32640.000000000033
32640.000000000033
32640.000000000033
32640.000000000033
32640.000000000033
32640.000000000033
32640.000000000033
32640.000000000033
32640.000000000033
32640.000000000033
32438.750000000036
32640.000000000033
28829.750000000025
32640.000000000033
27165.00000000003
32640.000000000033
25712.500000000025
32640.000000000033
24511.75000000003
32640.000000000033
24828.500000000022
32640.000000000033
24092.50000000003
32640.000000000033
24415.750000000025
32640.000000000033
24697.250000000025
32640.000000000033
23304.000000000025
32640.000000000033
22463.500000000025
32640.000000000033
22165.250000000025
32640.000000000033
21528.000000000025
32640.000000000033
22423.00000000002
32640.000000000033
21836.500000000025
32640.000000000033
21357.750000000022
32640.000000000033
21897.000000000022
32640.000000000033
21358.00000000002
32640.000000000033
21116.25000000002
32640.000000000033
21490.250000000022
32640.000000000033
20953.25000000002
32640.000000000033
19522.25000000002
32640.000000000033
18923.00000000002
32640.000000000033
19420.250000000022
32640.000000000033
19778.25000000002
32640.000000000033
20837.000000000022
32640.000000000033
23602.00000000003
32640.000000000033
23980.75000000003
32640.000000000033
22788.000000000022
32640.000000000033
22064.250000000025
32640.000000000033
21874.750000000022
32640.000000000033
20942.250000000022
32640.000000000033
20365.25000000002
32640.000000000033
21261.000000000022
32640.000000000033
21552.250000000022
32640.000000000033
20873.250000000022
32640.000000000033
21381.25000000002
32640.000000000033
22994.250000000022
32640.000000000033
23895.750000000025
32640.000000000033
23911.000000000022
32640.000000000033
24057.250000000025
32640.000000000033
24809.500000000025
32640.000000000033
25317.000000000025
32640.000000000033
25505.50000000003
32640.000000000033
25660.00000000003
32640.000000000033
25716.250000000025
32640.000000000033
25007.500000000022
32640.000000000033
25688.25000000003
32640.000000000033
28037.000000000033
32640.000000000033
30323.000000000033
32640.000000000033
31145.750000000033
32640.000000000033
31587.000000000033
32640.000000000033
32410.000000000036
32640.000000000033
32640.000000000033
32640.000000000033
32640.000000000033
32640.000000000033
32640.000000000033
32640.000000000033
32640.000000000033
32640.000000000033
32640.000000000033
32640.000000000033
32640.000000000033
32640.000000000033
32640.000000000033
32640.000000000033