16121.250000000016
16174.000000000016
15923.000000000016
16316.000000000015
15889.250000000016
16602.000000000015
15529.500000000016
16430.00000000001
15366.000000000018
15996.000000000016
15375.500000000016
15756.000000000016
15726.250000000015
15495.00000000002
16055.000000000016
15377.000000000015
16089.75000000002
15261.000000000013
16255.500000000015
15219.000000000016
16283.250000000013
15534.000000000016
16247.250000000016
15895.000000000015
16182.500000000018
16248.000000000018
16126.500000000011
16177.000000000018
15993.75000000002
16043.000000000016
15475.250000000015
15968.000000000016
15362.500000000016
16158.000000000016
14802.250000000015
16927.00000000002
14587.500000000016
17396.000000000015
14360.750000000013
17043.000000000015
13153.000000000015
17147.000000000022
11674.000000000011
17022.00000000002
10595.500000000011
16267.000000000018
9455.75000000001
14768.000000000015
9113.000000000011
14908.000000000018
9053.25000000001
17295.00000000001
8815.50000000001
18948.000000000015
9148.500000000011
19738.000000000022
9724.00000000001
16390.000000000015
10154.250000000011
12947.000000000013
10656.750000000011
11298.000000000013
11546.500000000013
10298.000000000013
12342.500000000011
9294.00000000001
13161.750000000015
9200.000000000007
15618.250000000016
11474.000000000011
17310.75000000002
14006.000000000016
17124.00000000002
14216.000000000011
17234.750000000015
13384.00000000001
16853.25000000002
12815.000000000011
15134.500000000015
13410.000000000011
12652.500000000011
13839.000000000018
10497.750000000011
13942.000000000011
9571.50000000001
15121.000000000018
8575.50000000001
15593.000000000018
6363.250000000006
15421.00000000002
6262.250000000006
15238.000000000015
7091.000000000006
15325.000000000016
7459.750000000006
15143.000000000015
7978.250000000009
14564.000000000015
8281.750000000007
14896.000000000016
8688.75000000001
14767.000000000016
8775.75000000001
14238.000000000015
8987.000000000007
13880.000000000016
9703.50000000001
14338.000000000011
10326.750000000011
14854.000000000016
10469.750000000011
15030.000000000015
10425.75000000001
14909.000000000016
10963.500000000011
14618.000000000015
11065.500000000013
14364.000000000013
10931.000000000011
14357.000000000018
11244.250000000011
14165.000000000016
11801.750000000011
13928.000000000011
11466.750000000011
13756.000000000013
10866.500000000013
13800.000000000013
10859.500000000011
13667.000000000016
10587.50000000001
13298.000000000013
9777.75000000001
12602.000000000011
9397.00000000001
11921.00000000001
9512.750000000011
11562.000000000013
9613.750000000011
11901.000000000011
9879.500000000011
12321.000000000016
10126.000000000011
13252.000000000013
10145.50000000001
13448.000000000007
10210.75000000001
13954.000000000013
10165.75000000001
14142.000000000016
10090.75000000001
12855.000000000013
9942.00000000001
12436.000000000015
9949.00000000001
12465.000000000011
10171.00000000001
12616.000000000005
10506.500000000011
12736.000000000015
10582.25000000001
12599.000000000016
10700.250000000011
12339.000000000013
10953.75000000001
12237.000000000011
11245.250000000011
14481.000000000018
11146.000000000011
17521.000000000007
11129.500000000011
18046.00000000002
12187.500000000013
17959.000000000015
12215.750000000011
18172.000000000015
10550.25000000001
18757.00000000002
10257.500000000011
18794.000000000022