22595.500000000022
21220.000000000022
22625.500000000025
21803.000000000025
22833.250000000022
22151.000000000025
23039.25000000002
22271.000000000025
23214.25000000003
22170.000000000022
23324.750000000025
21914.000000000025
23408.000000000022
21542.000000000022
23617.750000000022
21024.000000000025
23678.000000000022
20477.000000000022
23717.500000000015
19964.000000000022
23792.000000000025
19592.00000000002
23827.750000000025
19399.000000000022
24101.250000000025
19433.000000000022
24480.750000000025
19743.000000000022
24240.750000000025
20379.000000000022
24392.250000000025
21181.000000000022
24133.750000000025
21984.000000000022
24053.25000000002
22720.000000000025
24096.25000000003
23348.000000000022
23769.750000000025
23849.000000000022
23943.50000000003
24279.00000000003
23633.750000000022
24668.000000000025
23656.500000000022
24912.00000000003
22105.750000000022
25011.00000000003
19912.250000000022
24961.000000000015
18443.500000000015
24855.000000000022
17794.75000000002
24647.00000000002
16872.000000000022
24280.000000000025
16796.00000000001
23837.000000000025
15557.500000000016
23316.000000000022
14250.000000000015
22799.000000000022
13075.250000000011
22285.00000000002
13591.500000000013
21696.000000000025
18499.25000000002
21220.000000000025
20831.25000000002
21020.000000000015
18437.750000000022
20890.00000000002
15776.250000000016
20759.000000000022
15504.000000000016
20835.000000000022
15700.000000000018
21016.000000000022
15686.500000000016
21032.000000000022
15252.250000000016
20966.00000000002
14356.000000000015
20736.000000000025
14705.500000000016
20393.000000000022
14917.250000000015
19991.00000000002
15084.000000000011
19652.00000000002
16244.000000000016
19660.000000000022
15517.250000000015
20687.000000000022
14623.750000000015
21732.000000000025
13936.750000000015
20526.000000000022
14293.500000000013
18964.000000000015
14776.000000000016
17168.000000000015
14866.000000000016
16208.000000000022
15979.500000000015
18498.00000000002
18474.50000000002
21336.000000000022
18514.00000000002
18395.000000000022
17147.00000000002
16898.00000000002
15128.500000000018
16391.000000000007
14074.000000000016
15864.000000000015
13638.250000000011
15262.000000000016
13544.000000000015
14802.000000000015
13760.250000000011
14528.000000000015
14219.250000000015
14538.000000000013
15084.750000000018
14818.000000000016
15600.750000000016
15128.000000000016
15526.000000000016
15402.000000000015
15294.000000000013
15756.000000000016
14914.000000000015
16258.000000000015
15339.250000000013
16869.00000000001
16051.500000000016
17524.00000000001
16324.750000000018
18038.00000000002
16897.25000000002
18540.00000000002
16739.500000000015
19114.000000000022
16220.000000000016
19443.00000000002
16480.50000000001
19365.00000000002
16214.750000000015
19047.00000000002
15636.000000000018
18686.000000000022
14979.250000000016
18486.000000000022
14793.500000000015
18370.000000000015
14558.750000000016
18247.000000000015
14184.250000000013
18129.000000000022
13805.000000000016
17982.00000000001
14206.250000000015
17850.000000000015
14555.250000000016
17773.000000000022
14657.750000000015
17842.00000000002
14794.500000000015
18421.00000000002
15067.250000000016
19038.000000000022
15348.500000000015
18843.000000000015
15933.500000000018
18155.000000000015
16644.50000000002
17545.000000000015
17331.00000000002
17250.00000000001