11358.250000000013
7325.000000000007
11551.500000000011
7477.000000000007
11428.250000000011
7364.000000000004
11708.750000000011
7390.0000000000055
12046.750000000015
7363.000000000007
12369.000000000013
7226.000000000007
11944.50000000001
7449.000000000006
11134.250000000011
7760.000000000009
10409.250000000011
7902.000000000009
9388.25000000001
7873.000000000007
8704.750000000007
7885.000000000007
8613.500000000007
7869.000000000007
8774.250000000007
7205.000000000006
9090.000000000007
6247.0000000000055
9505.75000000001
5637.000000000005
9557.25000000001
5435.0000000000055
9596.00000000001
5342.0000000000055
9805.25000000001
5242.000000000006
10177.750000000011
5245.0000000000055
11167.500000000011
5204.000000000006
12346.000000000013
5523.000000000005
12379.500000000011
6608.000000000005
12043.50000000001
7631.000000000006
11808.500000000013
8483.000000000007
11340.250000000011
8876.000000000005
10415.75000000001
8787.000000000011
8105.000000000008
8545.000000000007
6074.250000000006
9369.000000000011
6007.2500000000055
9211.00000000001
6232.250000000006
7774.000000000007
6355.750000000006
6773.0000000000055
6513.250000000006
5977.000000000004
6262.2500000000055
5911.000000000006
7638.500000000008
5957.000000000007
15172.500000000015
6220.000000000005
18290.250000000022
6398.000000000006
19781.750000000022
7597.000000000007
20210.50000000002
11395.000000000013
16932.50000000002
13479.000000000007
12087.750000000011
12757.000000000015
9929.500000000011
7754.000000000008
9191.00000000001
6810.000000000003
8198.500000000007
6100.000000000006
7419.000000000007
5366.000000000004
6990.750000000006
6143.000000000005
7080.250000000008
5413.0000000000055
6554.500000000006
5477.000000000005
6164.2500000000055
5857.000000000006
5812.250000000006
6145.000000000008
7163.000000000007
6362.0000000000055
7698.250000000008
6589.000000000007
7597.250000000006
6971.0000000000055
7565.250000000008
7421.000000000008
7492.750000000007
7816.000000000008
8663.75000000001
8269.000000000011
9374.250000000011
8781.000000000007
10395.750000000013
9255.00000000001
10496.500000000011
9503.00000000001
10160.250000000011
9617.000000000011
9157.250000000011
9474.000000000007
7744.000000000009
9315.000000000007
6960.000000000006
9179.00000000001
6455.000000000006
8907.000000000005
6885.750000000007
8445.000000000007
7509.000000000008
8492.000000000007
7514.500000000007
8679.000000000011
7918.250000000007
8678.000000000005
7823.750000000007
8385.000000000007
7997.250000000007
8041.000000000008
7991.000000000008
8098.000000000007
7909.250000000008
8387.00000000001
8698.250000000011
8524.000000000011
9414.75000000001
8445.000000000007
9373.25000000001
8155.000000000009
8928.00000000001
7895.000000000009
9036.500000000007
7085.000000000008
9472.000000000011
6052.000000000005
9907.25000000001
5550.0000000000055
10478.25000000001
5381.0000000000055
10460.500000000011
5457.000000000006
9930.750000000011
5565.000000000006
9445.750000000011
5544.0000000000055
8695.75000000001
5387.000000000006
8255.500000000007
5427.000000000006
9114.00000000001
5551.0000000000055
9574.50000000001
5473.000000000005
9641.75000000001
5466.0000000000055
9799.75000000001
4820.0000000000055
9652.25000000001
4498.000000000005
9450.500000000007
4973.000000000004