10985.50000000001
13545.000000000016
11254.750000000011
12803.00000000001
11207.500000000011
12289.000000000015
11009.00000000001
11832.000000000007
11271.250000000013
11445.000000000011
11612.250000000013
11239.000000000015
11242.50000000001
10000.000000000007
11394.250000000011
9970.000000000011
11880.25000000001
10400.000000000011
12258.50000000001
11857.000000000015
12602.250000000011
13426.000000000015
12411.500000000015
14466.000000000015
12489.500000000013
14315.000000000015
13102.500000000015
14734.000000000015
13074.750000000013
14617.000000000018
12956.250000000011
14848.000000000015
12542.250000000015
13671.000000000015
12253.500000000013
13264.000000000013
11803.500000000011
12966.000000000016
11602.500000000011
13689.000000000015
12237.000000000011
16481.000000000007
12428.750000000011
19442.00000000002
12299.500000000013
17531.000000000015
12046.000000000013
15825.000000000016
10315.500000000007
15326.000000000016
9508.75000000001
14132.000000000015
8862.50000000001
13512.000000000013
8501.250000000011
15151.000000000015
8980.750000000007
15464.000000000015
8414.75000000001
13752.000000000016
9182.50000000001
16057.000000000018
11919.750000000013
19159.000000000022
14854.000000000016
21216.000000000022
19033.500000000022
19876.000000000022
20712.50000000002
15110.000000000013
21502.250000000022
11579.000000000013
21628.250000000022
8665.00000000001
21135.25000000002
10151.000000000011
21378.750000000025
9674.00000000001
20674.500000000022
10488.000000000011
18941.00000000002
11813.00000000001
14940.250000000015
11136.00000000001
9995.250000000011
8812.000000000007
9064.50000000001
8282.00000000001
9533.750000000011
8995.000000000007
9117.00000000001
9629.00000000001
8358.25000000001
9829.000000000005
8027.500000000009
10186.00000000001
8657.500000000007
9691.00000000001
9364.75000000001
9093.000000000007
9310.50000000001
8656.000000000011
9569.250000000007
8082.000000000008
10698.250000000011
7715.000000000009
11489.250000000011
7634.0000000000055
11950.750000000013
7233.000000000007
12358.250000000011
6819.0000000000055
12718.500000000013
6888.000000000008
13091.250000000015
7087.000000000009
13537.000000000015
7236.000000000008
14100.250000000015
7199.000000000008
14075.250000000013
6918.0000000000055
13239.750000000013
6788.0000000000055
11811.250000000011
7083.000000000006
10870.25000000001
7399.000000000009
10318.00000000001
7451.0000000000055
10201.000000000011
7527.000000000008
10118.25000000001
7589.000000000008
10019.25000000001
7533.000000000008
10440.25000000001
7287.000000000008
10652.250000000011
7099.000000000007
10416.25000000001
7230.0000000000055
10252.00000000001
7318.000000000008
9987.50000000001
7254.000000000007
9852.50000000001
7169.0000000000055
9903.00000000001
7039.000000000007
9561.750000000011
6934.000000000007
9199.25000000001
7093.0000000000055
9300.250000000011
7190.000000000006
9625.000000000011
7222.000000000007
9597.500000000011
7170.000000000007
9275.50000000001
6993.000000000008
9016.500000000007
6802.000000000007
8847.75000000001
6876.000000000006
8685.50000000001
6712.0000000000055
8570.50000000001
6443.000000000004
8602.25000000001
6050.0000000000055
8356.500000000007
5495.000000000004
8108.500000000007
5140.0000000000055
8073.000000000008
5088.000000000006
7987.500000000008
5262.0000000000055