15948.750000000016
13381.000000000015
16122.500000000016
11066.000000000011
16448.50000000002
10494.000000000011
17296.00000000002
11853.000000000015
17508.25000000002
13691.000000000016
17426.250000000015
14196.000000000016
17439.000000000022
14176.00000000001
18535.250000000022
14528.000000000015
18805.25000000002
14925.000000000016
18177.50000000002
14853.000000000016
16816.75000000002
14884.000000000016
16106.000000000015
15989.000000000018
15885.500000000015
16870.000000000022
16199.500000000018
17025.000000000022
15708.500000000018
16752.00000000002
15241.000000000015
16070.000000000013
15214.500000000016
15605.000000000016
14536.000000000016
15268.000000000011
14242.000000000013
14826.000000000011
14125.750000000013
14551.000000000016
13751.750000000016
14967.000000000015
14595.000000000016
15774.000000000018
14013.750000000015
16460.00000000001
13605.000000000015
17155.00000000002
12869.750000000011
17710.000000000022
12567.500000000015
17859.00000000002
12117.750000000011
18004.000000000015
11952.750000000011
18169.000000000022
12410.25000000001
18135.00000000001
12440.750000000013
17879.000000000022
12448.250000000013
17416.00000000002
12323.250000000011
17064.00000000002
12321.500000000013
16894.000000000015
11175.000000000011
16300.000000000016
10397.500000000011
13842.000000000015
7822.750000000007
12797.000000000015
5332.000000000006
12494.000000000011
4039.2500000000036
10928.000000000011
3911.5000000000036
9704.000000000011
3470.5000000000036
9907.000000000011
3263.000000000003
9411.000000000011
4456.250000000005
9308.000000000011
5327.7500000000055
9303.000000000005
5504.000000000007
8878.000000000011
7838.500000000007
9994.00000000001
10711.50000000001
14191.000000000018
10495.250000000011
14649.000000000015
8670.00000000001
10977.000000000011
6177.750000000007
8820.000000000007
5889.250000000007
9512.000000000007
6341.2500000000055
10803.000000000011
6611.000000000006
13493.000000000016
6895.500000000007
16955.00000000002
7547.750000000006
19416.000000000025
9103.25000000001
20110.00000000002
10643.250000000011
20372.00000000002
10900.000000000013
20369.000000000025
11359.500000000011
20056.000000000022
11665.500000000011
19472.00000000002
12053.000000000011
18704.000000000015
12472.500000000011
17904.00000000002
13258.000000000015
17569.00000000001
14310.000000000015
17132.000000000022
15218.250000000013
17107.000000000015
15684.250000000015
17394.000000000015
15649.000000000016
17531.000000000015
15078.000000000016
17490.00000000002
14636.750000000015
17173.00000000001
14688.500000000016
16548.00000000001
15319.750000000016
16760.00000000002
16118.250000000013
17703.000000000022
16773.00000000002
17926.000000000015
17403.50000000002
17391.000000000022
17898.00000000002
16274.000000000013
18156.00000000002
14562.000000000013
18116.00000000002
13131.000000000013
17877.25000000002
12567.000000000013
17385.00000000002
12410.000000000015
16829.000000000015
12567.000000000013
16542.500000000015
12775.00000000001
16279.500000000016
12977.000000000013
15980.750000000015
13588.000000000013
15633.250000000016
14170.000000000015
15454.750000000018
14459.000000000016
15421.000000000015
14118.000000000018
15320.250000000015
12810.000000000013
14920.750000000016
11126.000000000013
14077.500000000013
10134.000000000005
13503.500000000013
9582.000000000011
13386.500000000016
9120.00000000001