30368.750000000033
30144.00000000003
30404.500000000025
29268.00000000003
30487.500000000033
29229.000000000036
30509.000000000033
30174.00000000003
30456.500000000036
31174.000000000033
30498.500000000036
30977.000000000022
30549.75000000003
29872.000000000036
30557.75000000003
29282.000000000033
30490.000000000033
29685.000000000033
30390.750000000036
30602.00000000003
30397.75000000003
30804.000000000033
30430.000000000033
30046.00000000003
30496.25000000003
29446.00000000003
30518.500000000036
29765.000000000036
30304.000000000036
30647.000000000036
29825.50000000003
31032.000000000036
26508.500000000025
30451.000000000025
21443.250000000022
29755.00000000003
16707.50000000002
29838.00000000003
14581.000000000016
30445.000000000036
13387.250000000013
30767.000000000033
12146.750000000015
30478.00000000003
10928.000000000011
30040.000000000025
10627.00000000001
30057.000000000033
10587.250000000011
30396.00000000003
10705.500000000011
30441.00000000003
9108.500000000007
30209.000000000033
6417.000000000007
29814.00000000002
4353.500000000005
29896.000000000022
3185.5000000000036
29954.000000000033
2702.0000000000023
30013.00000000003
2233.0000000000023
29309.00000000003
2007.500000000002
27135.00000000003
2355.2500000000023
25527.00000000003
2513.5000000000027
23954.000000000022
2387.0000000000027
22774.000000000025
4938.750000000004
22035.000000000025
11942.500000000013
22412.000000000022
14412.250000000013
23673.00000000002
14673.750000000015
24520.000000000015
13891.250000000015
22531.000000000025
9908.25000000001
19663.000000000022
6203.250000000006
20187.000000000025
3374.000000000003
21914.000000000022
2787.0000000000027
24373.00000000002
2715.0000000000027
28225.000000000025
3317.7500000000027
30145.000000000036
3625.7500000000036
30381.00000000003
4309.000000000005
30344.000000000025
4966.750000000005
30282.000000000025
4956.7500000000055
30122.00000000003
6164.0000000000055
30276.000000000033
7485.500000000006
30503.00000000003
8055.750000000007
30394.00000000003
7996.750000000009
30233.000000000033
7657.250000000008
29959.000000000033
7958.000000000008
30176.00000000003
8454.25000000001
30358.00000000003
8915.75000000001
30383.000000000033
9837.250000000011
30339.000000000033
9617.75000000001
30177.000000000025
9346.50000000001
30479.000000000033
9823.25000000001
30563.00000000003
9523.750000000007
30421.000000000033
8807.750000000007
30196.00000000003
8564.25000000001
30071.00000000003
9295.50000000001
30330.00000000003
10380.000000000011
30337.000000000022
10663.250000000011
30375.000000000036
10903.750000000011
30292.000000000022
12298.500000000013
30361.000000000033
14179.500000000013
30596.000000000022
15739.250000000013
30629.000000000036
17594.500000000022
30621.000000000036
19479.000000000022
30467.000000000025
21884.750000000025
30533.00000000003
24126.000000000025
30454.000000000036
25316.000000000025
30272.00000000003
25460.750000000025
30241.000000000033
25478.500000000025
30086.000000000036
25615.75000000003
30169.000000000033
25934.250000000025
29972.000000000033
26517.50000000003
29929.000000000033
27044.750000000033
30036.000000000033
26975.25000000003
30099.000000000036
27062.00000000003
30276.000000000033
27286.50000000003
30170.000000000022
27377.500000000033
30249.000000000033
27329.250000000033
30215.000000000022
27191.25000000003
30222.000000000025