14284.500000000015
11888.000000000013
14317.250000000015
12415.000000000013
14280.500000000013
13044.000000000011
14391.250000000013
13673.000000000018
14497.000000000015
14185.000000000016
14738.250000000016
14496.000000000015
14948.000000000015
14577.000000000016
15537.000000000013
14439.000000000018
16018.000000000018
14395.000000000013
15695.750000000015
14522.000000000015
14325.000000000015
14512.000000000013
13272.250000000013
14506.000000000011
12995.500000000013
14524.000000000018
12757.500000000011
14182.000000000013
11933.000000000015
13787.000000000016
10798.25000000001
13692.000000000016
10339.50000000001
13784.000000000016
9194.25000000001
13925.000000000016
8389.50000000001
13038.000000000013
7861.500000000008
11769.00000000001
7861.50000000001
11093.00000000001
8241.25000000001
11052.000000000013
7879.750000000007
10919.000000000013
9098.000000000011
10620.00000000001
10602.500000000013
10695.000000000013
12021.500000000013
11321.000000000013
15078.750000000015
11721.00000000001
16847.000000000015
11654.000000000013
18026.000000000015
11475.000000000015
18995.25000000002
11858.00000000001
19334.25000000002
12775.00000000001
18178.00000000002
12774.00000000001
15410.000000000015
11820.000000000007
14544.000000000013
11480.000000000011
13399.000000000013
11326.000000000011
12937.250000000011
11097.000000000013
11407.000000000011
10791.000000000011
10197.750000000011
10975.000000000013
9211.750000000007
11120.000000000013
9248.25000000001
10948.000000000013
8889.00000000001
11275.000000000013
8224.50000000001
11372.000000000011
8169.250000000008
11589.000000000007
8483.75000000001
11824.000000000011
9600.25000000001
11896.000000000007
11353.75000000001
11931.000000000011
11625.500000000011
11998.00000000001
12319.000000000013
12189.000000000011
13287.750000000013
12555.000000000011
12323.000000000013
12580.000000000016
10682.500000000013
12649.000000000015
9786.50000000001
13270.000000000015
9542.500000000011
13564.000000000016
9060.500000000011
13432.000000000013
8547.750000000007
13214.000000000015
8325.00000000001
13035.000000000013
8392.500000000007
12764.000000000013
9299.250000000011
12772.000000000015
9528.00000000001
12868.000000000013
8836.50000000001
12639.000000000015
9565.750000000011
12509.000000000011
8515.000000000007
12445.000000000013
7647.750000000009
12151.000000000015
7392.750000000007
12158.000000000015
6858.500000000007
12510.000000000011
6655.2500000000055
12919.000000000015
6887.500000000007
13131.000000000013
6873.750000000006
13412.000000000016
6830.500000000008
14042.000000000016
7069.750000000006
14239.000000000016
7436.000000000007
14379.000000000016
7911.250000000008
13198.000000000015
8442.500000000007
11157.000000000007
8520.75000000001
10493.000000000011
8343.25000000001
10245.000000000011
8229.25000000001
10573.000000000013
8409.00000000001
11113.000000000013
8704.25000000001
11947.000000000011
8782.25000000001
12684.000000000013
9052.250000000007
12724.000000000011
9004.250000000011
12077.000000000007
9263.00000000001
12511.000000000011
8949.50000000001
12941.00000000001
9169.25000000001
13131.000000000013
9840.50000000001
13217.000000000015
9669.500000000011
13454.000000000011
9511.500000000011
13757.000000000016
9940.50000000001
14005.000000000013
10550.750000000013
15575.000000000018
10752.250000000013
16664.000000000015