27782.50000000003
27524.00000000003
27237.000000000025
27562.00000000003
27508.25000000003
28125.00000000003
27221.000000000025
28106.000000000036
26425.500000000025
27809.000000000022
25518.75000000003
27001.000000000033
25057.75000000003
23475.000000000025
24894.000000000022
22235.000000000025
24392.000000000025
23348.000000000022
23517.500000000022
24371.00000000003
23231.000000000025
25083.000000000015
22883.250000000022
25163.00000000003
22449.500000000022
23761.00000000003
22418.750000000025
24375.00000000002
21967.000000000022
25078.00000000003
21300.000000000022
24941.00000000001
21111.500000000022
24636.00000000002
21087.750000000022
24300.00000000002
21140.75000000002
24182.000000000025
20761.750000000022
23565.000000000025
20188.750000000022
23132.000000000022
19706.500000000022
22715.00000000002
19464.50000000002
22258.000000000025
19032.50000000002
22399.00000000003
18996.250000000022
22463.000000000022
18925.750000000022
23234.00000000002
18558.25000000002
24349.000000000025
16459.750000000015
24449.000000000025
14957.000000000013
24256.000000000022
14077.250000000016
24459.000000000022
10830.750000000011
24167.000000000015
8357.00000000001
23738.000000000022
7795.250000000008
23054.00000000003
7514.750000000008
20913.000000000015
7400.250000000007
18658.000000000015
9139.25000000001
17465.000000000022
11435.250000000013
16049.000000000018
12528.250000000015
15413.000000000018
13372.750000000015
13752.000000000016
14424.500000000016
12604.000000000015
15564.750000000016
12817.000000000015
14152.500000000013
13608.000000000011
11999.000000000013
16176.000000000022
10379.75000000001
19399.00000000001
9243.000000000007
18985.00000000002
9577.75000000001
11341.000000000013
9934.250000000007
7885.000000000008
10218.00000000001
8532.00000000001
10410.000000000011
8885.000000000011
10744.000000000011
13683.000000000011
11007.000000000013
23452.000000000015
11145.250000000013
26614.000000000036
11148.750000000011
27700.00000000003
11892.750000000011
27526.000000000025
12650.000000000016
27615.000000000036
12938.500000000016
27826.000000000033
13498.000000000011
27835.000000000033
13753.000000000013
28275.00000000002
14953.250000000015
28109.000000000033
16205.500000000016
27577.00000000003
16099.500000000015
27691.00000000003
15590.000000000015
27373.000000000022
15473.250000000015
27434.00000000003
15914.000000000018
27665.00000000002
16208.500000000015
27750.000000000033
16544.500000000022
27561.000000000033
17073.75000000002
26897.000000000033
17697.00000000002
26862.00000000003
18768.500000000022
25543.000000000015
19243.000000000022
24344.000000000025
19879.75000000002
23193.000000000015
20359.50000000002
21466.000000000022
20502.000000000022
20670.000000000015
20656.75000000002
20469.000000000022
20963.500000000022
19780.00000000001
21345.500000000022
19985.000000000015
21677.000000000022
21083.00000000002
22136.500000000022
22372.000000000025
22461.75000000002
24450.00000000002
23097.500000000025
26050.000000000025
23328.750000000025
26972.000000000022
23591.25000000003
27508.000000000015
24455.500000000025
27555.000000000025
24942.750000000025
27061.00000000003
25114.750000000025
26698.000000000022
25538.250000000025
26421.000000000025
25871.750000000025
26305.000000000015
26733.25000000003
26766.00000000002
27803.25000000003
27844.000000000025
23145.750000000022
25132.000000000015