12450.500000000013
9581.000000000007
12844.750000000013
9219.000000000005
13056.250000000011
9156.000000000013
12879.500000000013
9559.000000000011
12714.750000000013
10463.000000000011
12512.000000000013
11186.000000000013
12297.500000000013
11195.000000000013
12265.750000000013
10865.000000000011
12431.75000000001
10505.000000000011
12660.250000000013
10207.00000000001
12714.750000000013
10078.000000000011
12301.750000000011
10078.000000000011
12090.250000000013
10118.000000000013
11934.000000000013
10360.00000000001
11556.750000000011
10599.00000000001
11193.250000000013
10600.000000000011
10921.750000000011
10389.000000000013
10883.250000000011
9991.000000000011
10881.750000000013
9616.000000000005
10763.50000000001
9428.000000000007
10244.750000000011
9054.000000000011
8781.25000000001
8581.000000000011
8015.000000000008
8392.000000000007
8115.250000000009
8266.00000000001
8529.000000000007
8113.000000000007
8403.500000000005
7998.000000000007
8362.000000000007
8266.00000000001
8483.000000000007
9627.000000000007
8168.000000000009
11007.000000000013
7574.500000000007
12413.000000000013
6768.000000000006
13165.000000000011
6305.750000000007
13427.000000000016
6219.000000000006
13735.000000000015
6120.500000000006
13825.00000000001
7110.000000000007
13887.000000000015
7980.500000000008
14529.000000000016
9241.25000000001
15308.000000000016
11186.500000000013
16029.000000000016
13225.500000000013
16484.00000000002
14357.750000000016
15521.000000000016
13906.250000000015
15015.000000000015
12828.000000000011
15145.000000000016
11350.500000000011
15315.000000000016
10510.750000000011
15488.000000000013
10519.000000000011
15776.000000000015
8560.500000000007
16502.00000000002
6320.500000000006
16645.00000000002
6154.250000000006
16133.000000000016
6390.750000000006
15141.000000000018
6848.000000000007
14690.000000000015
6445.750000000006
14617.00000000001
6177.000000000006
14053.00000000001
6264.500000000007
14811.000000000011
5857.5000000000055
16175.000000000018
5911.7500000000055
15929.000000000018
5885.000000000006
14052.000000000018
6151.7500000000055
12391.000000000015
6296.500000000007
11007.000000000011
6784.0000000000055
9614.00000000001
7420.500000000007
8624.00000000001
7723.000000000008
8200.000000000005
8029.500000000007
8566.000000000011
8195.50000000001
8971.000000000007
8419.00000000001
8286.000000000007
8364.000000000007
7406.000000000007
8058.000000000006
7548.000000000006
7571.000000000008
8071.000000000009
6963.000000000007
8331.000000000007
6407.750000000008
8450.000000000005
6285.000000000007
8577.00000000001
6397.500000000006
8674.000000000007
6708.2500000000055
8289.00000000001
7096.000000000007
7310.000000000008
7432.250000000007
6273.000000000005
7340.000000000007
5529.000000000006
6787.000000000007
5289.0000000000055
6417.7500000000055
5344.0000000000055
6126.7500000000055
5604.000000000005
5780.750000000006
6226.000000000007
5860.500000000006
6845.000000000006
6136.7500000000055
7479.000000000008
6514.5000000000055
7935.000000000008
6817.750000000007
8053.000000000007
7266.500000000007
8142.000000000008
7990.000000000009
8387.00000000001
8426.250000000007
8369.000000000007
8549.00000000001
8057.000000000008
8558.250000000007
7512.0000000000055
8841.00000000001
6869.000000000008
9370.750000000011
6459.000000000006