14512.750000000013
15627.000000000018
14432.250000000011
15668.000000000018
14427.750000000016
12905.000000000015
14482.500000000011
9567.00000000001
14698.750000000015
12532.000000000013
14781.250000000016
15167.000000000018
14841.500000000016
14256.000000000016
14861.500000000016
12630.000000000015
14884.500000000015
12095.000000000013
14933.750000000018
11260.00000000001
14834.250000000013
9929.000000000011
14644.000000000016
9839.000000000011
14496.750000000016
10013.000000000013
14300.250000000015
10584.000000000011
14331.250000000013
11019.000000000013
14554.750000000015
11474.00000000001
14990.250000000016
12504.000000000016
15006.250000000016
12928.000000000013
15032.500000000016
12928.000000000013
15141.250000000016
12282.000000000011
15231.000000000013
12396.000000000015
15179.500000000013
12748.000000000007
15256.500000000016
13530.000000000016
15313.250000000015
13878.000000000016
15185.500000000015
13447.000000000015
15138.000000000016
13313.000000000013
15147.500000000013
13601.000000000016
15123.000000000016
13621.000000000015
14737.250000000015
13126.000000000015
14056.750000000016
12758.00000000001
13589.750000000015
12770.000000000011
12694.250000000015
12672.000000000016
12067.500000000013
11701.000000000005
11880.500000000015
10711.000000000013
11132.250000000013
10319.000000000011
11132.500000000011
11758.000000000007
11122.750000000013
11572.000000000011
10910.250000000007
10515.000000000011
11240.500000000013
9592.00000000001
11843.250000000011
9675.00000000001
11749.750000000013
10247.00000000001
11718.500000000007
9629.00000000001
11877.000000000013
9920.000000000011
11061.500000000013
9946.000000000007
10989.500000000013
9838.00000000001
10846.000000000011
9765.00000000001
10124.750000000013
9828.00000000001
9851.500000000011
9727.000000000011
9795.50000000001
9662.000000000005
10496.000000000011
9633.000000000011
10082.75000000001
9672.000000000007
9807.25000000001
10022.000000000011
9832.00000000001
10180.000000000011
9931.50000000001
10194.000000000013
10341.750000000011
10554.000000000011
10528.250000000013
12039.000000000011
10457.750000000011
14850.000000000016
9704.000000000011
15804.000000000018
9230.75000000001
15319.000000000018
9245.250000000007
14689.000000000011
10896.250000000011
14071.000000000013
11374.000000000013
13368.00000000001
10834.000000000011
12255.00000000001
10310.50000000001
11176.00000000001
10065.50000000001
9986.000000000013
11135.250000000011
8768.00000000001
11525.000000000013
7120.000000000006
11519.500000000011
6011.0000000000055
10705.250000000011
4821.000000000004
9283.25000000001
3418.0000000000023
7037.750000000006
2554.0000000000023
5971.750000000006
2451.0000000000027
6253.750000000006
2482.0000000000014
7018.000000000007
2479.000000000002
7275.750000000006
2399.000000000002
7827.750000000008
2335.0000000000023
7971.500000000009
2329.0000000000023
8699.750000000007
2304.000000000001
8865.250000000007
2302.000000000002
8424.750000000005
2330.0000000000023
8272.00000000001
2355.0000000000023
7946.500000000008
2397.000000000002
7581.500000000007
2511.0000000000027
7024.250000000006
2469.0000000000027
6365.2500000000055
2371.0000000000023
5799.2500000000055
2331.0000000000023
5146.750000000005
2316.0000000000023
4867.500000000005
2304.000000000001
4904.500000000005
2304.000000000001
4728.500000000005
2304.000000000001