10351.250000000011
14207.000000000015
10573.250000000011
12796.000000000013
10877.750000000011
12454.00000000001
11098.250000000011
11855.000000000011
11168.750000000011
11707.00000000001
11057.500000000013
11221.000000000013
10835.25000000001
11981.00000000001
11017.250000000013
14002.000000000015
11594.500000000013
15287.000000000018
12019.500000000013
15279.000000000016
12030.500000000015
13619.000000000015
11624.000000000011
13002.00000000001
11444.750000000011
12474.000000000007
11745.500000000015
12535.000000000013
11990.00000000001
12306.000000000007
11634.000000000011
12468.00000000001
11124.500000000011
12962.000000000007
10988.75000000001
12929.000000000015
11219.25000000001
12690.000000000013
11257.750000000011
13049.00000000001
11011.750000000011
14103.000000000016
10928.000000000011
15211.00000000001
11360.250000000013
16031.000000000015
12217.500000000013
16740.000000000015
12861.500000000013
16891.000000000015
12995.250000000013
16103.000000000016
13114.000000000013
14742.000000000016
12859.000000000015
14019.000000000011
11604.75000000001
14765.000000000011
9923.750000000011
14535.000000000015
8334.75000000001
13614.000000000015
7448.000000000008
11991.000000000011
6547.500000000006
10386.000000000011
7340.250000000007
10516.000000000013
7960.250000000007
15333.00000000001
10699.500000000011
18541.00000000002
13930.250000000015
14740.000000000015
15383.750000000016
12401.000000000015
18715.750000000022
10825.000000000011
21325.00000000002
7679.000000000008
19474.25000000002
9322.000000000007
18274.500000000015
9283.000000000007
17263.75000000002
7915.000000000008
15571.000000000016
8142.000000000008
13218.500000000015
9946.000000000007
12336.500000000011
9945.000000000011
12275.750000000015
9822.000000000011
11410.000000000011
8799.00000000001
10547.50000000001
9836.000000000011
9446.50000000001
11232.000000000011
8690.25000000001
12896.00000000001
8290.50000000001
13746.000000000015
9552.250000000007
14059.000000000013
10085.75000000001
14162.000000000015
10567.000000000011
14102.000000000016
11525.750000000013
13675.000000000015
12678.000000000015
13485.000000000011
13164.750000000013
12513.000000000013
12954.500000000011
11735.000000000011
12477.500000000013
11432.000000000013
12867.000000000013
11733.000000000011
12514.750000000013
11053.000000000011
11490.750000000013
9709.000000000011
11325.750000000013
10480.000000000007
10492.250000000013
11393.000000000011
9925.250000000011
12155.000000000013
9580.75000000001
12951.000000000011
9322.250000000007
13391.000000000016
9913.50000000001
13748.00000000001
11264.500000000013
14194.000000000016
11552.000000000011
13879.000000000016
10452.250000000011
13653.000000000011
9891.500000000011
13459.00000000001
10398.500000000011
13256.000000000011
10481.250000000011
13859.000000000016
10978.25000000001
14978.00000000002
11492.250000000011
15782.000000000016
11844.750000000013
17131.00000000001
12011.500000000013
17439.000000000015
12612.000000000013
15519.000000000018
13113.750000000015
15383.000000000016
12656.250000000013
14290.000000000015
11721.000000000013
13970.000000000015
11384.000000000011
13711.000000000016
11460.250000000011
13044.000000000011
11279.000000000013
12964.000000000013
11179.000000000011
13317.000000000011
10834.000000000011
13450.000000000013
10898.500000000011
12308.000000000013
10686.750000000011
11409.000000000015