9228.000000000011
4941.000000000006
9546.250000000011
5551.000000000007
9349.75000000001
5642.0000000000055
8563.500000000007
5400.000000000005
8707.00000000001
5417.000000000006
9316.750000000011
5469.000000000005
9420.500000000007
5082.000000000003
10263.000000000011
5146.000000000005
10940.750000000011
5238.0000000000055
11439.250000000013
5243.0000000000055
11383.500000000013
6020.000000000007
10888.500000000011
7852.000000000009
11574.750000000011
8737.000000000011
11430.50000000001
8110.000000000009
10581.750000000011
6428.000000000006
10314.250000000013
4836.000000000004
10336.750000000011
4048.000000000003
10924.750000000013
2984.0000000000023
11533.500000000013
1987.0000000000018
11812.000000000013
1328.0000000000014
10781.750000000011
1359.0000000000014
9699.000000000011
2047.0000000000018
9223.00000000001
2604.000000000003
8450.750000000007
2809.0000000000027
7150.000000000006
2479.000000000002
6562.000000000006
2909.000000000002
6481.250000000007
5943.0000000000055
7075.750000000007
6915.000000000008
8202.00000000001
7004.000000000005
8233.000000000007
6940.000000000008
8730.75000000001
6833.000000000007
9194.25000000001
7018.000000000007
8122.000000000008
6697.0000000000055
7778.750000000009
5813.000000000003
8197.250000000007
4313.000000000003
8594.75000000001
2730.0000000000027
9041.25000000001
3346.0000000000023
8788.75000000001
5252.000000000006
9290.25000000001
5443.000000000006
10234.500000000011
6618.000000000004
10501.75000000001
5920.0000000000055
9970.250000000011
6509.000000000005
10176.50000000001
8640.000000000005
11261.500000000011
9329.000000000007
11457.000000000011
10423.000000000005
11367.000000000015
11824.000000000011
10280.500000000011
13223.000000000013
8275.50000000001
12423.00000000001
6267.000000000006
10481.00000000001
6376.500000000007
8076.000000000008
6474.750000000006
7228.000000000006
6150.750000000006
6758.0000000000055
6052.250000000007
7777.000000000008
7155.250000000006
7924.000000000008
7478.250000000007
4170.000000000004
7347.250000000007
5122.000000000004
8471.00000000001
6226.000000000007
9069.500000000007
6533.000000000007
9122.75000000001
7309.000000000007
9267.25000000001
7656.000000000008
8710.25000000001
6825.000000000007
8113.500000000008
6469.0000000000055
7413.500000000007
6664.000000000006
7299.500000000006
6872.0000000000055
7210.750000000007
7283.000000000008
6718.750000000006
8030.000000000008
6161.500000000006
8167.000000000008
5881.250000000006
6996.000000000005
6180.750000000006
5908.000000000007
6191.5000000000055
4734.0000000000055
6255.750000000006
3458.000000000003
6258.7500000000055
2180.000000000002
6042.0000000000055
1473.0000000000011
5669.2500000000055
1531.0000000000016
5420.7500000000055
1848.0000000000023
5168.500000000006
1952.0000000000018
5065.000000000005
2369.0000000000023
5417.000000000005
2917.000000000003
5618.000000000005
3386.0000000000036
5380.250000000006
3550.000000000005
4952.7500000000055
3687.000000000004
4672.2500000000055
3649.000000000004
4382.2500000000055
3109.0000000000036
4257.250000000005
1720.0000000000014
4305.500000000005
763.0000000000009
4700.250000000004
785.0000000000006
5337.7500000000055
894.0000000000008
6140.000000000007
917.0000000000009
6989.500000000007
840.0000000000007
7890.0000000000055
727.0000000000006