12669.250000000015
8854.000000000005
12451.250000000015
8310.00000000001
12259.250000000013
7683.000000000009
12179.750000000013
7182.000000000006
12143.750000000013
6998.000000000006
12153.000000000013
7016.000000000007
12209.000000000013
7122.000000000007
12127.250000000011
7433.000000000006
11902.000000000011
7745.000000000009
11699.000000000013
7888.000000000007
11562.500000000011
7915.000000000007
11453.250000000011
7960.000000000008
11349.750000000011
8434.00000000001
11204.500000000013
9742.00000000001
11318.000000000011
11423.000000000011
11369.250000000011
13027.000000000005
11220.750000000011
14001.000000000016
11018.75000000001
14175.00000000001
10886.250000000011
13574.000000000016
10716.750000000011
12727.00000000001
10427.250000000011
11912.000000000013
9887.750000000011
11545.000000000013
9278.50000000001
11191.000000000011
8750.250000000007
10849.000000000011
8549.500000000011
10505.000000000011
8583.25000000001
10188.000000000011
8976.50000000001
9849.000000000013
9093.75000000001
9649.000000000007
9099.75000000001
9414.000000000007
9325.50000000001
9054.000000000011
9313.500000000007
9053.000000000005
9767.750000000011
9446.00000000001
10458.250000000011
9847.000000000007
10279.500000000011
10061.000000000007
10486.500000000013
10741.000000000011
10303.750000000011
10767.000000000011
9758.50000000001
10432.000000000011
9232.50000000001
10528.00000000001
8694.000000000011
11123.000000000013
8138.500000000009
11514.000000000011
7746.000000000009
10546.000000000011
8374.000000000007
10005.000000000011
9408.250000000007
9842.00000000001
9484.50000000001
9494.000000000005
9608.000000000011
9831.000000000011
10306.500000000011
10400.000000000011
10357.750000000011
10536.00000000001
9304.75000000001
10857.000000000011
8409.50000000001
10913.000000000011
8563.250000000007
10951.000000000013
8742.75000000001
11421.00000000001
9260.75000000001
11790.000000000011
10064.250000000011
11948.000000000011
9762.75000000001
11862.000000000015
9091.25000000001
11759.000000000007
9809.50000000001
11689.000000000011
10405.50000000001
11352.000000000015
10642.500000000011
10658.00000000001
10902.000000000013
10302.000000000013
12214.750000000011
10285.00000000001
13871.000000000015
10305.000000000013
13869.500000000016
9869.00000000001
13075.750000000015
9167.000000000011
11822.250000000011
8569.00000000001
10204.75000000001
8277.000000000011
8975.25000000001
8276.000000000005
8714.25000000001
9045.000000000005
8388.250000000007
9832.000000000007
8626.75000000001
8999.000000000005
8810.25000000001
7238.0000000000055
8711.25000000001
6794.000000000006
8945.250000000011
5972.000000000003
9421.250000000011
5111.000000000005
9885.50000000001
4645.000000000005
10321.250000000011
4972.000000000005
10618.250000000011
5261.0000000000055
11058.250000000011
4700.000000000005
11040.500000000011
4449.000000000005
10680.000000000011
4243.000000000005
10247.25000000001
3947.0000000000036
10237.750000000011
3946.000000000004
10589.50000000001
4042.0000000000036
11147.250000000011
4247.000000000005
11639.500000000013
4755.0000000000055
11642.000000000011
5442.000000000006
11349.250000000011
6032.000000000006
10857.50000000001
6415.0000000000055
10296.000000000011
6524.000000000005
10139.500000000011
6601.000000000007
10104.500000000011
7133.000000000007