15826.500000000018
10339.000000000011
14970.250000000015
10877.000000000013
13722.000000000016
11254.000000000011
13165.250000000013
11519.000000000013
13282.750000000016
11622.000000000007
13236.500000000013
11847.000000000013
12522.500000000013
11996.00000000001
11558.250000000013
12321.000000000007
10686.000000000013
12618.000000000011
10166.75000000001
12404.000000000011
10153.750000000007
12136.000000000013
10197.500000000011
11594.000000000015
11121.750000000011
10915.000000000011
11397.500000000011
10703.000000000011
11689.000000000011
10822.000000000011
11155.500000000011
10749.000000000011
11105.500000000013
10679.00000000001
11478.250000000011
10286.000000000005
12210.250000000011
9604.000000000007
11912.250000000013
8481.000000000005
11555.500000000013
7609.000000000007
11418.500000000015
8443.000000000005
11860.250000000011
10241.000000000011
12102.250000000015
12284.000000000015
12642.750000000015
13844.000000000007
12415.750000000015
14135.000000000013
13007.000000000013
13260.000000000015
13648.750000000011
11840.000000000011
12590.250000000011
10411.000000000007
11812.500000000011
9702.000000000011
10784.250000000013
9882.000000000011
10665.250000000011
10282.000000000007
10277.50000000001
10494.000000000011
10065.50000000001
10304.000000000011
10509.50000000001
9621.000000000011
10654.000000000011
8860.00000000001
11108.500000000013
7339.000000000005
12630.000000000011
6662.000000000006
13474.000000000018
6484.0000000000055
12333.250000000013
6782.000000000008
11460.000000000011
7662.000000000006
11701.000000000011
8059.000000000008
11583.000000000013
8993.000000000011
10132.750000000011
10517.000000000011
10137.250000000011
11481.000000000011
11119.250000000013
13130.000000000013
12030.250000000013
12922.000000000011
12729.250000000015
9942.00000000001
12301.250000000011
7654.000000000008
12721.500000000015
6644.0000000000055
12045.000000000013
5621.000000000006
12516.250000000015
5835.000000000003
15826.000000000013
8269.000000000007
16832.00000000002
11954.000000000007
16362.000000000015
13469.000000000015
14913.750000000015
12444.000000000007
13476.250000000015
10660.000000000011
12051.500000000013
8311.00000000001
11131.000000000013
6671.000000000008
9567.50000000001
5946.000000000006
8683.75000000001
6139.0000000000055
9232.250000000007
7010.000000000007
10871.750000000011
7901.000000000007
11547.000000000011
8249.000000000007
11779.250000000013
8196.00000000001
11406.500000000011
7972.000000000009
10254.00000000001
7551.000000000007
9451.00000000001
6839.000000000006
9144.25000000001
6261.0000000000055
9353.25000000001
6336.000000000004
10767.000000000011
6855.000000000006
11871.000000000011
7411.000000000006
12178.750000000013
7288.000000000008
12701.500000000011
6537.0000000000055
13359.000000000016
6137.000000000004
13526.250000000013
6140.000000000007
13292.750000000011
6301.0000000000055
13382.750000000016
6001.000000000006
14591.750000000015
5399.0000000000055
15086.750000000013
5537.000000000006
15126.500000000013
6414.000000000007
14896.000000000016
7083.000000000006
14346.250000000013
7025.000000000007
14277.500000000011
6417.000000000005
13680.250000000013
5910.000000000006
12205.750000000013
6115.000000000004
12220.500000000013
6714.000000000005
13990.750000000015
7817.000000000007
14546.000000000016
9180.00000000001
14555.250000000015
10340.000000000011