10878.50000000001
13847.000000000013
11023.750000000011
13869.000000000015
11096.000000000013
14065.000000000011
11115.750000000013
14100.000000000015
11192.75000000001
14087.000000000013
11258.750000000011
14158.000000000015
11637.500000000013
14286.000000000007
12003.75000000001
14308.000000000011
11756.500000000011
14311.000000000018
12390.250000000011
15120.00000000001
12737.500000000013
15375.000000000016
12440.000000000013
15025.000000000016
12573.750000000015
15030.000000000015
12588.000000000013
15126.000000000013
12766.250000000013
15204.000000000016
13251.000000000013
15754.000000000016
13748.250000000015
16018.000000000015
12744.250000000015
15132.000000000016
12477.750000000013
15375.000000000015
12752.250000000013
15493.000000000016
12463.000000000015
15499.000000000015
12055.000000000013
15558.000000000016
12107.750000000011
15584.000000000016
12048.250000000013
15544.000000000016
11894.500000000011
15647.000000000016
11835.750000000011
15678.000000000016
11822.250000000011
15712.000000000015
11785.750000000013
15773.000000000018
11574.000000000013
15889.000000000016
10909.250000000013
15987.000000000018
10323.00000000001
16187.000000000015
9342.25000000001
16283.000000000016
8723.50000000001
16167.000000000016
8553.750000000007
16151.000000000015
7857.500000000007
16136.000000000015
7630.750000000008
15960.000000000018
7695.750000000006
15774.000000000015
9003.50000000001
14775.000000000018
9136.00000000001
12577.00000000001
8553.25000000001
10883.000000000011
9034.50000000001
10257.000000000013
9541.000000000011
9134.00000000001
9855.250000000011
8222.000000000005
11085.250000000011
8911.000000000007
11896.250000000013
8037.000000000008
11772.500000000011
7913.000000000006
12316.750000000013
7908.000000000008
12357.500000000013
6877.000000000008
12090.500000000015
6802.000000000008
12427.500000000011
6471.000000000005
11795.250000000011
7713.000000000009
8804.500000000007
10496.000000000011
7188.000000000008
11377.000000000011
7334.000000000008
10961.000000000013
8006.750000000008
9085.000000000007
8008.000000000007
7534.000000000008
7603.750000000006
6016.000000000004
7430.000000000007
4932.000000000006
7799.500000000008
4805.0000000000055
8212.50000000001
6001.000000000006
9042.00000000001
6583.0000000000055
10084.750000000011
6298.000000000006
10272.000000000011
6094.000000000007
10171.25000000001
5998.000000000005
10170.25000000001
6049.0000000000055
9468.00000000001
6193.000000000008
8359.75000000001
6406.000000000007
7315.000000000007
6642.000000000007
7279.750000000007
7032.0000000000055
7775.250000000008
8109.000000000006
8085.000000000007
9301.000000000011
8178.000000000008
10013.000000000011
8389.250000000007
10151.000000000011
8466.50000000001
10182.000000000013
8776.750000000007
10292.00000000001
8896.75000000001
10336.000000000011
8958.250000000011
10343.000000000013
9232.50000000001
10351.000000000011
9321.000000000011
10364.000000000011
9321.75000000001
10342.000000000011
9146.500000000011
10334.000000000011
9105.50000000001
10409.000000000013
9130.500000000007
10630.000000000011
9226.750000000011
10786.000000000013
9235.25000000001
10727.00000000001
9081.250000000011
10753.000000000011
9221.500000000011
10812.000000000011
9271.50000000001
10880.000000000011
9137.75000000001
10986.000000000013
9044.00000000001
11124.000000000015