18328.00000000002
19707.000000000022
18420.500000000022
19747.00000000002
18355.25000000002
19609.00000000002
18077.50000000002
19436.000000000015
17744.00000000002
19615.000000000022
17668.75000000002
19618.000000000015
17462.500000000022
19576.000000000022
17155.00000000002
19619.000000000015
16417.250000000015
19617.000000000022
16181.250000000016
19580.00000000002
15899.750000000015
19493.000000000022
15175.250000000013
19556.000000000022
15284.500000000013
19567.000000000022
14896.250000000015
19572.000000000015
14480.000000000015
19469.000000000022
14588.000000000015
19522.000000000022
14989.750000000015
19791.000000000025
15309.250000000018
19791.00000000002
14580.250000000016
19658.000000000025
13109.000000000013
19316.00000000002
12965.250000000013
18091.000000000022
13028.000000000015
16604.000000000015
12220.25000000001
16374.000000000018
11714.000000000013
16986.00000000002
12086.500000000013
16978.00000000001
11442.750000000013
16897.00000000002
11189.00000000001
16381.000000000016
11697.000000000013
15827.000000000013
10953.50000000001
15831.000000000016
10637.250000000011
16284.000000000015
10878.250000000011
15481.000000000011
10535.750000000013
15035.000000000013
10904.000000000011
14506.000000000011
10914.000000000013
14697.000000000016
11285.250000000013
14909.000000000016
10842.25000000001
14588.000000000015
11110.000000000011
13838.000000000015
11710.750000000013
14428.000000000016
11337.000000000011
15341.000000000016
10987.750000000013
15560.000000000015
10395.750000000011
15716.000000000015
9558.750000000011
16732.00000000001
9165.00000000001
18141.000000000015
8745.50000000001
18656.000000000022
8179.500000000008
16917.00000000001
8948.500000000007
15347.000000000018
9445.250000000011
15010.000000000015
8145.250000000006
14933.000000000011
8273.00000000001
14951.000000000015
7993.000000000007
14780.000000000011
7554.000000000008
15209.000000000015
7487.500000000008
14661.000000000015
7401.500000000006
14825.000000000015
8107.250000000008
14567.000000000011
8034.250000000008
14345.000000000015
7979.750000000008
14212.000000000013
7984.250000000009
13952.000000000016
7992.500000000007
14133.000000000016
8216.50000000001
14954.000000000015
9562.25000000001
14792.000000000015
9601.00000000001
14162.000000000015
8828.00000000001
13515.000000000011
9306.75000000001
12964.000000000013
10425.250000000015
12652.00000000001
10841.250000000013
12305.000000000007
10662.750000000011
12087.00000000001
10659.250000000013
12036.000000000015
11174.000000000013
11842.000000000015
11730.000000000013
12236.000000000011
11377.750000000011
12701.000000000007
11635.750000000015
12479.000000000011
12074.250000000015
12461.000000000013
11520.500000000011
12626.000000000007
11858.000000000013
12778.000000000016
10741.250000000013
12580.000000000016
9934.00000000001
13259.000000000015
9874.500000000011
15328.000000000016
9807.000000000011
16426.00000000001
9898.25000000001
16441.00000000002
9732.00000000001
15597.000000000018
10829.25000000001
16581.000000000022
10834.500000000013
18485.00000000001
11136.000000000011
19073.000000000022
11476.250000000011
19461.00000000001
11540.000000000013
19798.000000000022
11550.250000000011
19514.000000000022
11560.500000000013
19100.000000000015
11740.000000000013
18800.000000000022
11831.500000000015
18683.000000000022
12112.500000000013
18658.000000000015