12428.500000000013
14911.000000000016
12923.750000000013
13507.000000000015
13005.000000000013
13461.000000000013
13022.000000000013
13480.000000000013
12470.500000000011
14032.000000000016
11922.000000000013
13559.000000000015
11455.250000000013
12322.000000000007
11005.500000000013
12251.000000000005
10659.000000000011
12366.000000000016
9950.250000000011
12805.00000000001
9784.75000000001
12266.000000000011
10107.000000000011
11561.00000000001
10424.75000000001
10898.000000000013
10686.75000000001
10347.000000000005
10781.000000000011
9441.000000000011
10541.750000000011
8574.00000000001
10176.500000000011
8391.00000000001
10016.500000000011
9823.000000000011
9832.25000000001
11587.00000000001
10079.75000000001
12096.000000000013
10431.75000000001
12358.000000000011
10505.500000000011
12501.000000000013
9628.500000000013
12594.000000000015
8467.50000000001
13026.000000000015
6374.250000000006
13265.000000000016
5597.000000000004
12922.000000000011
5288.7500000000055
12953.000000000011
5765.250000000006
13896.000000000011
6552.250000000006
14796.000000000011
9293.75000000001
13760.000000000011
15543.000000000015
11473.000000000011
20282.500000000025
9362.000000000011
20511.000000000022
8176.00000000001
19606.250000000022
7630.000000000008
18706.75000000002
6836.000000000005
16199.25000000002
7223.000000000007
13846.750000000015
8991.000000000005
11499.750000000011
9567.000000000011
9525.75000000001
9430.00000000001
8293.25000000001
10089.000000000011
8487.75000000001
10825.000000000013
8578.25000000001
11162.000000000011
8842.250000000007
10643.00000000001
8441.75000000001
10631.000000000011
8295.750000000007
10187.000000000011
8973.50000000001
9539.000000000005
9428.00000000001
9346.000000000011
9534.75000000001
9345.000000000007
9808.00000000001
9311.000000000005
10521.00000000001
9016.00000000001
11412.250000000013
8794.000000000005
12078.250000000013
8911.000000000007
12069.750000000013
9462.00000000001
12322.500000000013
9753.000000000005
11927.500000000013
9820.00000000001
10673.500000000011
9849.000000000011
9415.75000000001
9781.000000000011
8870.25000000001
10047.000000000011
9387.000000000011
10329.00000000001
9552.250000000011
10435.000000000013
10328.250000000011
10295.00000000001
11058.250000000011
9761.000000000011
11350.500000000013
9135.000000000005
11717.75000000001
9057.000000000011
11993.500000000013
9063.000000000007
11962.000000000011
9140.00000000001
11960.250000000013
9607.00000000001
12023.75000000001
9807.000000000011
11883.250000000011
10228.000000000013
11983.750000000011
11204.000000000011
11818.500000000011
11889.00000000001
11931.750000000013
12272.00000000001
11971.000000000011
12142.000000000015
11075.500000000011
12178.000000000013
9711.25000000001
12544.00000000001
9020.50000000001
12473.000000000016
8522.00000000001
11958.000000000013
8276.500000000007
11278.000000000011
8168.000000000009
10902.000000000011
7776.750000000007
11009.000000000011
7360.250000000006
11552.000000000011
7098.750000000007
11913.000000000013
7071.500000000007
13303.000000000011
8685.000000000011
13909.000000000016
10214.000000000013
13510.000000000016
10938.250000000013
14260.000000000016
11251.250000000011
13771.000000000013
11118.750000000011
13370.000000000015
10926.75000000001
13977.00000000001
10521.00000000001
13876.000000000007