6507.750000000008
3698.000000000004
6394.7500000000055
3694.000000000003
6347.500000000006
3632.0000000000036
5836.5000000000055
3479.0000000000023
6046.2500000000055
3255.0000000000036
6192.000000000006
3027.000000000002
6347.250000000006
2746.0000000000027
6279.250000000006
2534.0000000000027
6257.750000000007
2396.0000000000023
6147.500000000007
2325.0000000000027
5973.250000000006
2365.000000000003
6760.250000000007
2503.0000000000014
6797.750000000006
2668.0000000000023
7201.500000000007
2724.0000000000027
7914.000000000007
2589.0000000000027
9009.75000000001
2410.0000000000027
9796.50000000001
2036.000000000002
10549.750000000011
1653.000000000002
10094.750000000007
1331.0000000000014
9142.00000000001
1245.0000000000014
8092.500000000007
1424.0000000000014
7514.750000000007
1797.000000000002
6734.750000000006
2494.0000000000027
5816.500000000006
2532.0000000000023
5451.5000000000055
2361.000000000002
5735.0000000000055
2480.0000000000027
6031.0000000000055
2540.000000000002
6441.750000000007
2527.0000000000027
6251.2500000000055
2167.0000000000023
5483.5000000000055
1816.0000000000018
5450.250000000005
1542.000000000002
7158.750000000006
1724.0000000000018
7505.750000000008
2771.0000000000027
6927.000000000007
3570.0000000000036
7154.500000000006
4107.000000000003
7479.250000000007
4501.000000000004
7069.500000000007
4694.0000000000055
6893.500000000007
6511.000000000004
7386.500000000008
9482.000000000007
7613.750000000008
11655.000000000016
8809.00000000001
10461.000000000011
10876.500000000013
5947.000000000004
14933.250000000015
5247.0000000000055
18625.25000000002
5378.000000000005
17489.75000000002
4981.000000000004
14824.250000000016
3762.0000000000045
12080.750000000015
2151.0000000000023
10362.25000000001
874.0000000000008
8954.000000000011
449.00000000000045
7504.000000000007
363.0000000000003
7126.250000000007
213.0000000000001
6560.500000000006
100.00000000000009
6140.500000000007
57.000000000000064
5861.2500000000055
66.00000000000003
5451.2500000000055
113.00000000000014
5313.7500000000055
117.00000000000014
4800.7500000000055
173.0000000000002
5230.7500000000055
409.00000000000045
4793.000000000005
930.0000000000008
4527.250000000005
1457.0000000000007
5132.7500000000055
1767.0000000000016
5226.5000000000055
1769.000000000002
5271.250000000005
1698.0000000000018
5217.750000000006
1574.0000000000011
5484.0000000000055
1528.000000000002
5659.000000000005
1588.0000000000016
4622.5000000000055
1768.0000000000018
4085.250000000004
1991.0000000000023
3636.750000000004
2207.000000000001
3253.0000000000036
2337.0000000000023
3666.5000000000045
2630.0000000000027
3752.2500000000027
2984.0000000000023
3062.7500000000036
3359.000000000003
2731.000000000003
3653.000000000004
2552.0000000000027
3699.0000000000027
2180.0000000000023
3415.000000000003
2361.7500000000023
2925.0000000000014
2549.5000000000027
2537.0000000000023
2622.2500000000023
2413.0000000000023
2644.2500000000023
2582.0000000000027
2566.7500000000023
2671.0000000000027
2121.5000000000023
2592.0000000000027
1823.5000000000018
2399.000000000002
1794.2500000000014
2272.0000000000023
1817.5000000000018
2240.0000000000014
1781.7500000000023
2359.000000000002
1927.7500000000016
2521.000000000002
2188.250000000002
2515.0000000000027
2370.000000000002
2235.0000000000027
2352.500000000002
1867.0000000000023