13082.250000000013
12790.00000000001
13000.000000000015
12175.000000000011
12578.500000000015
11687.000000000011
12648.000000000015
11774.000000000007
12406.250000000015
12004.000000000013
12614.250000000013
11385.000000000013
12769.750000000013
11436.000000000011
13305.000000000013
11909.000000000007
13775.500000000013
12142.000000000015
14554.250000000016
11804.000000000007
15050.750000000016
11099.000000000011
15078.500000000015
10310.000000000013
15610.500000000016
11046.000000000013
15886.750000000016
11654.000000000013
15869.750000000016
12415.000000000013
15471.250000000016
11462.000000000013
15628.000000000018
11048.000000000013
16038.500000000016
11123.000000000015
15760.750000000018
11320.000000000013
16653.00000000002
11603.000000000013
16956.25000000002
11421.000000000011
16924.75000000002
11119.000000000011
17383.250000000015
11379.000000000011
17205.75000000002
11420.000000000013
17450.25000000002
10618.000000000013
16089.750000000015
10122.000000000007
13619.500000000015
9220.000000000011
11663.500000000011
8986.000000000007
10966.000000000011
9172.00000000001
10365.750000000011
9477.00000000001
9188.250000000007
9693.000000000011
9086.50000000001
11243.000000000011
8337.75000000001
15052.000000000016
8383.75000000001
16955.00000000002
10414.25000000001
16467.000000000015
11244.250000000013
14804.000000000016
11849.250000000013
11907.00000000001
13105.750000000013
10246.000000000011
13470.750000000015
9841.000000000013
13209.500000000013
9746.000000000011
14429.250000000013
10064.00000000001
15970.000000000016
10781.000000000013
16950.250000000015
11608.000000000013
15767.500000000018
12506.000000000013
14587.750000000013
13301.000000000015
14290.000000000015
13286.000000000016
12627.500000000015
13302.000000000011
10615.500000000011
13230.00000000001
10320.000000000011
13009.000000000013
9074.75000000001
13211.000000000011
8694.50000000001
13690.000000000015
8082.500000000008
13867.000000000011
8573.75000000001
13861.000000000013
9484.750000000007
14207.000000000013
9402.250000000007
14827.000000000016
9137.500000000011
15247.000000000016
9599.750000000011
15984.000000000015
9832.250000000011
16395.00000000002
10133.250000000011
16055.000000000013
9910.750000000007
15861.000000000016
9777.00000000001
15706.000000000016
9950.250000000011
15504.000000000016
10600.25000000001
15565.000000000018
10801.250000000011
15673.000000000013
11630.00000000001
15635.000000000015
12575.000000000013
15218.000000000016
12752.00000000001
15115.000000000015
12919.500000000013
15506.000000000016
13072.500000000013
15881.000000000015
12482.750000000015
16037.000000000016
12846.250000000015
16020.000000000015
12713.250000000011
15615.000000000016
12356.750000000013
15514.000000000018
12525.250000000011
15869.000000000013
12649.000000000013
15906.000000000015
13194.750000000015
15503.000000000018
13500.750000000015
15445.000000000016
13815.750000000015
15440.000000000018
14315.750000000015
15127.000000000016
14401.250000000016
14597.000000000011
14475.500000000016
14176.000000000018
14350.000000000016
14219.000000000016
13989.250000000016
14145.00000000001
13892.500000000013
13605.000000000015
13888.500000000016
13325.000000000015
14057.500000000015
13785.000000000013
14046.250000000013
14308.000000000011
13950.000000000013
14318.000000000016
14031.000000000015
14261.000000000015
14161.750000000016
14554.000000000016