3683.0000000000036
2506.0000000000027
3681.500000000003
2502.000000000003
3663.250000000003
2498.000000000002
3882.0000000000036
2497.0000000000023
4046.750000000003
2480.000000000003
4047.750000000004
2503.0000000000014
4146.250000000004
2490.0000000000027
4244.250000000004
2497.0000000000023
4414.250000000005
2506.0000000000027
4454.000000000004
2494.0000000000023
4755.7500000000055
2490.0000000000023
4873.0000000000055
2480.0000000000014
5023.500000000005
2466.0000000000027
5330.750000000006
2466.0000000000027
5646.750000000006
2448.0000000000023
5784.000000000006
2690.0000000000027
6009.5000000000055
3963.0000000000036
6378.7500000000055
4054.0000000000036
6930.500000000006
3636.000000000004
6933.500000000007
3705.0000000000045
7633.000000000008
4531.000000000004
7812.750000000007
4671.000000000003
7912.500000000008
8739.000000000005
7596.000000000007
14485.000000000016
7682.500000000007
14652.000000000018
8957.250000000011
11494.000000000013
9645.250000000011
9431.00000000001
9153.75000000001
7085.000000000007
8728.50000000001
5545.000000000006
8739.50000000001
3808.000000000004
8097.500000000008
3561.0000000000036
7674.500000000007
3428.0000000000036
8456.00000000001
2993.000000000002
8529.00000000001
2918.0000000000014
9173.25000000001
3014.0000000000036
12837.500000000015
2650.0000000000027
14227.500000000015
2579.0000000000036
15092.750000000015
2864.000000000003
15693.250000000016
2612.0000000000023
15758.500000000016
2664.000000000003
15325.250000000016
2990.0000000000036
12715.500000000011
3170.0000000000036
8742.50000000001
3258.0000000000045
7939.500000000006
3439.000000000003
6565.250000000007
3611.0000000000036
6542.750000000006
3688.000000000003
6155.0000000000055
3837.0000000000036
6218.750000000006
4139.000000000004
6148.000000000007
4584.0000000000055
6128.000000000006
5191.0000000000055
5793.000000000006
5769.0000000000055
5484.750000000006
6218.000000000007
5817.000000000006
6455.000000000005
6051.000000000006
6523.000000000006
6179.5000000000055
6446.0000000000055
6068.000000000006
6298.000000000004
6887.750000000006
6138.000000000004
7523.500000000006
6037.000000000005
7201.750000000008
5980.000000000007
7038.250000000007
5910.000000000004
7134.250000000007
5796.000000000006
6791.500000000006
5539.000000000005
6748.500000000008
5196.000000000006
6661.500000000006
4895.000000000005
6214.000000000006
4644.0000000000055
5356.5000000000055
4417.000000000004
4140.000000000005
4228.000000000005
3319.5000000000027
4035.0000000000045
3070.2500000000036
3797.000000000004
3289.250000000003
3580.0000000000027
3489.5000000000027
3459.0000000000027
3254.500000000003
3366.000000000002
3263.000000000003
3255.000000000003
3234.0000000000036
3094.0000000000036
3443.2500000000036
2979.0000000000027
3348.0000000000036
2854.0000000000027
3264.0000000000036
2731.0000000000023
3349.250000000003
2634.0000000000023
3450.000000000004
2539.0000000000027
3403.5000000000027
2433.0000000000023
3221.250000000003
2353.0000000000027
3501.7500000000036
2226.0000000000027
3508.5000000000027
2067.0000000000014
3364.7500000000036
1908.000000000002
3170.000000000003
1796.0000000000018
3112.2500000000027
1711.0000000000011
3084.2500000000027
1606.0000000000018
3033.750000000003
1504.000000000001
3016.7500000000036
1377.0000000000011
2884.7500000000023
1554.0000000000018