23189.000000000025
23338.000000000025
11873.500000000013
13399.000000000018
10461.500000000011
12114.000000000011
10648.000000000011
12265.000000000005
10653.75000000001
12211.00000000001
10656.500000000011
12166.000000000013
10653.000000000011
12135.00000000001
10641.500000000011
12127.000000000015
10634.250000000011
12174.000000000011
10636.75000000001
12211.00000000001
10621.000000000011
12212.000000000013
10601.750000000011
12133.00000000001
10611.50000000001
12072.00000000001
10606.500000000011
12018.000000000007
10628.00000000001
11989.000000000013
10624.00000000001
11921.00000000001
10624.00000000001
12058.00000000001
10632.000000000011
12385.000000000013
10619.250000000011
13686.000000000016
10608.000000000011
14525.000000000013
10576.250000000011
15115.00000000002
10522.25000000001
16219.000000000018
10512.250000000011
16622.00000000002
10234.25000000001
17097.00000000002
9285.250000000007
17559.000000000022
8410.250000000007
17101.000000000022
7667.250000000007
16608.00000000002
7915.000000000008
16825.00000000001
8194.75000000001
17137.000000000015
7739.750000000007
17051.00000000001
7367.500000000007
16933.00000000001
7418.000000000008
16992.00000000001
7729.250000000008
17086.000000000022
8246.500000000007
17480.00000000001
8838.75000000001
17989.000000000015
9604.750000000011
18368.000000000015
11463.250000000011
18303.00000000001
11265.750000000013
18913.000000000022
8457.750000000007
20009.00000000001
7740.000000000008
19688.00000000001
8389.500000000007
17608.000000000015
8095.250000000008
15948.000000000013
8098.5000000000055
15843.000000000018
8515.250000000007
14477.000000000015
8276.500000000007
11897.000000000013
8531.25000000001
16044.000000000016
8408.250000000007
18478.000000000025
8512.000000000007
17747.000000000022
9006.250000000007
16623.00000000002
9041.750000000007
15492.000000000013
9294.250000000011
14419.00000000001
9391.750000000011
13672.00000000001
9484.00000000001
13420.000000000013
9458.50000000001
13769.000000000007
9112.250000000007
14538.000000000016
9158.250000000007
16919.000000000022
9131.750000000007
17716.000000000015
9422.00000000001
17117.000000000022
9655.75000000001
16030.000000000016
9682.00000000001
15033.000000000016
9655.50000000001
13947.000000000018
9698.50000000001
13198.000000000016
9686.500000000011
12280.000000000015
9722.250000000011
10888.000000000013
9702.50000000001
8940.00000000001
9688.250000000011
8269.00000000001
9664.00000000001
10904.000000000011
9636.25000000001
11053.000000000013
9587.750000000013
10429.000000000013
9454.250000000007
9642.000000000007
9231.75000000001
8919.000000000007
8913.50000000001
8184.000000000009
8492.500000000005
7191.000000000008
7981.750000000009
5832.000000000007
7422.750000000007
5522.000000000006
6842.500000000007
5505.0000000000055
6285.500000000007
5446.000000000006
5752.5000000000055
5374.000000000006
5261.500000000004
5291.000000000005
4937.2500000000055
5239.0000000000055
4841.250000000005
5271.0000000000055
4947.250000000005
5359.000000000006
5231.0000000000055
5468.0000000000055
5551.000000000006
5585.0000000000055
5836.250000000006
6220.000000000005
6138.500000000006
8237.000000000011
6252.000000000006
8024.000000000007
6062.500000000006
5783.0000000000055
7957.500000000009
7445.000000000007
22754.000000000022
22673.000000000025