0.0
0.0
700.2500000000006
661.0000000000007
12318.250000000015
11914.000000000005
13322.750000000013
12498.000000000013
13636.750000000015
12044.00000000001
12834.250000000011
11533.00000000001
13089.500000000016
11135.000000000013
12690.250000000013
11403.000000000011
12765.000000000013
11605.000000000007
13356.000000000013
11630.00000000001
14134.250000000015
12127.000000000005
13934.250000000015
10715.000000000011
14476.250000000015
11746.000000000015
14045.750000000015
12110.000000000013
14217.250000000015
12195.00000000001
14616.250000000016
11707.00000000001
14534.750000000015
11598.000000000011
13656.500000000016
12813.000000000015
13311.250000000013
13011.000000000015
14008.500000000016
13113.000000000016
14423.000000000016
13425.000000000011
14220.000000000015
13830.000000000007
14155.000000000016
13744.000000000011
14195.500000000015
12950.000000000015
13334.000000000015
12740.000000000011
13183.250000000015
12495.000000000011
10191.250000000011
12916.000000000013
8734.00000000001
13511.000000000013
9027.250000000011
13566.000000000018
8058.750000000009
13479.000000000018
7370.750000000007
13061.000000000013
7188.500000000006
13954.000000000013
6297.250000000007
14079.000000000011
5493.250000000006
12858.000000000016
6145.000000000006
12706.000000000015
8545.25000000001
12647.000000000011
10759.500000000011
11982.00000000001
12161.500000000013
11200.000000000011
12121.500000000011
12019.000000000013
12856.250000000013
11547.000000000013
11933.000000000011
9301.00000000001
12132.000000000015
8978.000000000011
11465.75000000001
8698.000000000007
9732.250000000011
9687.000000000007
9072.500000000007
8471.00000000001
8776.00000000001
10511.000000000013
8635.500000000007
12927.00000000001
7954.000000000008
14220.000000000013
7520.500000000007
9875.000000000005
7523.500000000006
8004.000000000009
7531.250000000008
8576.000000000007
8462.00000000001
9159.000000000011
8229.25000000001
9960.000000000011
8329.75000000001
10513.00000000001
8361.75000000001
11355.000000000013
8715.500000000007
12668.00000000001
9385.750000000011
13661.000000000016
10308.500000000011
13474.000000000018
11588.250000000015
11716.000000000015
13127.500000000016
9880.000000000011
12246.000000000013
11577.000000000013
11760.750000000011
13734.00000000001
11693.00000000001
12811.000000000013
9987.250000000011
10471.000000000011
9751.50000000001
11444.000000000011
10309.500000000011
12417.000000000015
12117.250000000011
11852.000000000013
10616.000000000013
11559.000000000011
10970.750000000013
12531.00000000001
11863.250000000013
12427.000000000007
11393.250000000013
11583.000000000013
11493.000000000011
10644.000000000011
11603.250000000013
10424.000000000011
12197.750000000011
11968.000000000015
12808.750000000015
12087.00000000001
12658.500000000013
10860.000000000011
11825.000000000015
10807.000000000011
11891.750000000011
11331.000000000011
12534.000000000013
11200.000000000013
12783.000000000011
9261.000000000007
11805.250000000013
9281.000000000005
11477.250000000013
9984.000000000011
11888.500000000013
10280.000000000011
12109.500000000015
11222.000000000011
11892.750000000013
10343.000000000013
11856.500000000011
8899.000000000005
10753.750000000011
9364.000000000005
10987.750000000013
9684.000000000011
1089.5000000000011
962.0000000000011
0.0
0.0