9628.250000000011
6755.000000000008
9637.25000000001
6960.000000000008
9562.75000000001
6994.0000000000055
9458.25000000001
7055.0000000000055
9338.500000000011
7176.000000000008
9184.000000000011
7309.000000000007
8927.00000000001
7494.000000000008
8679.00000000001
7539.000000000008
8534.50000000001
7339.000000000005
8511.250000000007
7049.000000000007
8454.000000000007
6731.000000000007
8209.000000000007
6468.0000000000055
7771.250000000008
6451.000000000006
7614.750000000007
6499.0000000000055
8362.25000000001
6578.000000000007
9912.00000000001
6785.000000000008
12208.000000000013
6821.000000000005
14008.750000000016
6827.000000000008
15127.750000000016
6843.000000000007
16136.500000000016
6818.000000000007
17273.50000000002
6885.000000000006
18587.750000000022
7226.000000000007
19214.50000000002
7690.000000000009
19135.00000000002
8878.000000000011
19320.500000000015
12475.000000000013
19369.25000000002
15228.000000000015
18773.25000000002
13740.000000000011
18210.750000000015
11512.000000000013
15850.250000000015
11803.000000000007
13065.250000000013
14060.000000000013
9871.50000000001
14105.000000000013
9742.500000000011
14752.000000000016
10360.00000000001
14504.000000000016
8319.75000000001
12000.000000000015
7494.000000000008
8945.00000000001
7796.250000000007
9183.00000000001
8480.000000000007
11336.000000000011
9638.50000000001
12764.000000000013
14599.750000000015
13620.000000000015
21040.000000000025
13150.000000000011
23694.750000000022
12010.000000000015
25959.000000000025
12516.00000000001
25744.500000000033
10990.000000000013
24150.750000000025
9084.000000000011
20146.250000000022
8372.00000000001
14149.250000000013
6739.000000000004
12245.000000000013
5721.000000000006
11073.750000000011
5119.0000000000055
10586.000000000011
5354.000000000004
10407.750000000011
5557.0000000000055
10159.000000000011
5465.0000000000055
9941.000000000013
5353.0000000000055
10056.500000000013
5286.000000000006
9808.750000000011
5552.0000000000055
10520.500000000011
5773.0000000000055
10918.750000000011
5766.000000000006
11125.500000000011
5752.000000000005
11668.000000000011
5733.000000000005
11933.250000000015
5804.000000000006
12198.250000000015
5829.0000000000055
12121.25000000001
5875.0000000000055
12125.50000000001
5985.000000000004
11248.500000000013
6034.0000000000055
10397.00000000001
6076.000000000007
9391.000000000007
6103.0000000000055
8864.25000000001
6117.000000000007
8583.500000000007
6319.000000000005
8378.000000000007
7152.000000000006
8873.750000000011
8224.000000000007
8977.750000000007
8797.000000000007
8692.00000000001
8842.000000000007
8558.25000000001
8654.00000000001
8565.25000000001
8690.000000000007
8772.75000000001
8791.00000000001
9105.75000000001
8712.000000000007
9495.25000000001
8554.00000000001
9560.500000000011
8734.000000000011
9232.50000000001
9110.00000000001
8774.50000000001
9495.00000000001
8374.75000000001
10034.000000000011
8281.50000000001
10457.000000000013
8602.75000000001
11020.000000000011
9213.000000000007
12242.00000000001
10037.000000000011
13715.000000000015
10900.250000000011
14831.000000000018
11654.500000000013
15440.00000000001
12301.000000000013
15668.000000000018
12852.500000000011
15744.000000000018
13292.500000000015
15802.000000000016
13484.250000000011
15919.000000000016