32572.500000000033
32371.000000000033
32459.500000000036
32300.000000000033
31966.000000000033
31831.00000000003
31816.000000000033
31501.000000000036
31040.250000000033
30242.00000000003
31568.750000000033
30519.000000000033
31574.00000000003
30628.000000000033
31975.500000000036
30696.00000000003
32480.250000000036
32041.000000000033
32560.250000000033
30564.00000000003
32566.000000000033
18456.000000000022
30682.250000000036
10946.000000000011
27474.750000000025
11705.000000000015
26046.25000000003
11477.000000000011
25110.000000000022
9789.000000000011
23643.750000000025
11950.00000000001
22844.250000000022
12991.000000000007
22511.750000000022
12262.000000000013
22048.50000000002
13409.000000000011
21376.500000000025
16160.000000000018
20532.750000000022
19791.000000000022
20270.000000000022
15649.000000000016
18450.250000000022
18722.000000000022
17947.50000000002
19551.00000000001
18669.00000000002
18030.000000000022
18491.75000000002
19116.000000000015
18381.00000000002
19929.00000000002
17999.75000000002
19415.000000000022
17094.500000000015
18842.000000000015
16587.500000000015
21579.000000000022
16930.500000000015
22646.000000000025
16456.500000000015
22658.000000000022
15262.750000000016
23121.000000000022
14756.500000000016
23329.000000000022
14449.750000000016
24372.000000000025
14408.750000000015
24552.000000000015
13339.750000000011
24653.000000000025
12930.750000000015
25667.000000000025
12859.750000000015
26509.00000000002
13671.000000000013
26401.00000000003
14696.750000000011
26983.00000000003
16975.750000000015
27994.000000000033
17280.75000000002
29066.00000000003
17493.00000000002
30650.000000000033
20495.50000000002
31450.00000000003
21556.000000000022
31652.000000000033
20134.500000000025
31948.00000000003
18502.25000000002
32203.000000000036
16893.500000000022
32391.000000000036
17105.500000000015
32502.000000000033
16445.50000000002
32470.000000000036
16020.50000000002
32002.000000000036
15917.750000000011
31463.000000000033
16593.250000000015
31453.000000000033
17422.50000000002
32396.000000000033
18096.500000000022
32556.000000000036
17524.00000000002
32594.000000000036
17148.000000000015
32519.000000000033
17707.25000000002
32256.000000000036
18503.000000000022
32439.000000000033
19858.25000000002
32578.000000000033
20456.750000000025
32569.000000000036
20894.000000000022
32598.000000000033
20650.750000000022
32600.000000000033
20367.75000000002
32599.000000000036
20756.000000000022
32603.000000000036
22228.250000000022
32587.000000000033
24449.250000000025
32587.000000000033
23751.00000000003
32587.000000000033
23508.500000000025
32586.000000000036
24762.25000000003
32587.000000000033
24560.500000000025
32616.000000000036
23889.00000000002
32616.000000000036
23272.750000000025
32640.000000000033
23400.75000000003
32640.000000000033
24872.250000000025
32616.000000000036
26875.250000000025
32609.000000000036
28291.25000000003
32597.000000000036
30072.000000000033
32429.000000000033
30890.000000000033
31596.000000000033
31255.50000000003
31269.000000000033
31437.00000000003
31250.000000000033
31497.75000000003
31166.000000000033
31572.75000000003
31141.000000000036
31681.500000000033
30524.000000000033
31752.000000000033
29636.000000000025
32084.500000000033
32062.000000000033
32595.500000000033
32556.000000000036
32613.75000000004
32561.000000000033
32618.000000000036
32564.000000000036