4519.250000000005
1299.0000000000014
3930.000000000003
1340.0000000000011
3597.750000000003
1429.0000000000014
3835.000000000004
3031.000000000002
4284.500000000004
3450.000000000003
4521.750000000005
3366.000000000002
4822.250000000005
3091.000000000003
4966.000000000005
3523.0000000000036
4807.250000000005
3294.000000000003
4380.250000000005
3432.000000000004
4141.500000000004
4068.000000000005
4424.250000000004
5988.0000000000055
4576.0000000000055
11824.000000000011
4291.500000000004
14295.000000000015
4102.250000000005
11544.000000000011
4351.750000000004
9204.000000000005
4403.250000000005
11386.000000000013
4175.000000000005
16955.000000000022
4087.250000000005
16813.00000000002
3902.5000000000027
8948.000000000007
3258.0000000000036
4063.000000000004
3299.0000000000036
3144.0000000000023
3334.0000000000036
2621.000000000003
3599.7500000000036
2685.000000000003
3974.0000000000036
3097.0000000000014
4706.7500000000055
4169.000000000004
5800.500000000006
8059.000000000008
5798.750000000006
11856.000000000011
5886.2500000000055
15722.000000000016
6074.250000000006
16939.000000000015
6055.250000000006
13518.000000000015
6669.5000000000055
12728.00000000001
8882.25000000001
12932.000000000013
10865.750000000011
12500.000000000015
12958.500000000011
10535.000000000011
14827.000000000015
11547.000000000013
14857.750000000013
11903.000000000013
14503.250000000016
10406.000000000013
13555.750000000015
13955.000000000016
13088.000000000015
15997.00000000002
11425.000000000011
13796.000000000015
10921.500000000013
14810.000000000015
10862.50000000001
15660.000000000015
10261.500000000011
15733.000000000016
10438.500000000013
15559.000000000016
9842.50000000001
14657.000000000015
8981.500000000011
14990.000000000016
8037.250000000008
14340.000000000016
8414.25000000001
12232.000000000013
9020.75000000001
8424.000000000007
10877.000000000011
5187.000000000006
10672.00000000001
5532.000000000006
9868.25000000001
6322.0000000000055
7839.250000000008
5990.000000000005
5982.500000000005
5438.0000000000055
4607.750000000005
4649.0000000000055
4075.500000000004
3805.000000000005
4303.000000000005
2987.0000000000027
5950.000000000007
2396.0000000000023
7049.500000000006
1745.0000000000018
8127.000000000009
1550.0000000000016
8274.50000000001
1930.0000000000011
8122.500000000009
2291.0000000000027
8371.00000000001
2868.000000000003
8119.500000000009
3737.0000000000027
9293.250000000007
4762.000000000003
9053.500000000011
5887.000000000004
9108.75000000001
6224.0000000000055
9680.50000000001
5399.0000000000055
9147.75000000001
4368.000000000004
8569.25000000001
4050.0000000000045
7979.500000000006
3902.000000000003
7273.750000000006
4077.0000000000045
6657.500000000007
4584.000000000005
5677.250000000006
5183.0000000000055
4239.750000000005
4882.000000000004
3284.2500000000023
2475.0000000000027
2521.2500000000027
2347.0000000000014
2002.0000000000018
2979.0000000000027
1777.7500000000018
3254.000000000003
1658.2500000000016
2747.0000000000027
1914.7500000000018
2041.000000000002
2679.0000000000023
1725.0000000000016
2763.250000000003
1953.0000000000018
2917.7500000000027
2317.000000000002
3225.250000000003
2763.000000000003
3598.750000000004
3012.000000000002
3517.2500000000036
3139.0000000000027
3152.250000000003
3315.0000000000036
2722.000000000003
3708.0000000000036