15314.250000000016
13039.000000000013
14873.000000000016
13004.000000000015
14722.500000000016
13055.000000000013
14749.500000000018
13046.000000000013
14720.250000000015
13025.000000000013
14691.250000000016
13056.000000000015
14705.000000000016
13091.000000000016
15111.750000000015
13079.00000000001
15189.500000000015
12981.000000000016
15164.250000000016
13048.00000000001
15584.750000000015
12980.000000000005
15442.500000000015
12892.000000000011
14965.000000000015
12858.000000000016
14713.000000000013
12828.000000000016
14723.750000000016
12760.000000000015
14332.750000000015
12768.000000000011
14357.500000000013
12762.000000000016
14411.250000000016
12578.000000000015
14370.250000000016
12501.000000000015
14540.250000000015
12445.000000000011
14560.750000000016
12358.000000000011
14342.750000000016
12266.000000000011
14022.250000000015
12194.00000000001
12974.500000000015
12114.000000000011
10848.250000000011
12063.000000000007
10487.500000000011
11876.00000000001
10078.25000000001
10351.000000000013
9418.000000000011
8975.000000000005
8432.00000000001
8179.000000000008
7438.75000000001
7764.000000000008
6430.500000000007
7053.000000000006
6589.500000000007
6473.000000000008
6257.000000000006
6021.000000000005
5595.2500000000055
5693.000000000006
5562.250000000006
5556.000000000004
6526.5000000000055
5429.0000000000055
10817.250000000011
5359.0000000000055
13098.500000000015
10232.000000000011
13134.250000000011
13746.000000000015
12860.000000000011
13901.00000000001
12025.000000000013
9417.000000000005
9659.250000000011
5098.0000000000055
9581.750000000011
4865.0000000000055
9845.75000000001
5255.000000000004
8956.50000000001
5783.000000000007
8329.75000000001
6121.000000000005
8521.000000000007
6225.0000000000055
7859.500000000006
7484.000000000009
7514.500000000007
8361.000000000007
7643.750000000007
8583.000000000007
8113.750000000008
8818.000000000011
8640.250000000007
8470.00000000001
8612.500000000007
8066.000000000008
8069.250000000008
7802.000000000008
8090.500000000007
7595.00000000001
7596.000000000007
7451.0000000000055
7254.250000000008
7267.000000000008
7155.250000000006
7205.000000000006
7200.250000000006
7137.000000000009
7306.500000000007
6953.000000000008
7789.250000000008
6897.000000000005
7732.500000000008
6846.000000000008
8198.750000000007
6697.0000000000055
8465.750000000007
6622.000000000007
8303.50000000001
6598.0000000000055
8442.50000000001
6439.000000000006
7892.250000000007
6425.000000000005
7389.500000000007
6373.000000000006
7381.000000000007
6251.000000000006
7381.000000000007
6205.000000000006
7690.750000000007
6145.000000000008
7988.250000000008
6035.0000000000055
8161.750000000008
5965.0000000000055
8600.750000000007
5856.000000000004
8721.50000000001
5730.0000000000055
9214.00000000001
5622.000000000006
9507.75000000001
5470.000000000005
9894.750000000011
5382.0000000000055
9929.000000000011
5312.0000000000055
10105.250000000011
5283.0000000000055
9861.25000000001
5260.0000000000055
10711.250000000011
5159.0000000000055
12214.000000000011
5113.0000000000055
10818.75000000001
4998.0000000000055
10592.250000000011
5141.000000000004
11397.250000000013
5302.000000000006
10396.500000000013
6055.000000000006
10221.750000000011
7090.000000000004
10143.750000000011
5378.000000000006
10243.750000000011
4994.000000000005