301.25000000000034
291.00000000000034
2782.5000000000023
2412.0000000000027
3639.0000000000036
3183.000000000004
3465.7500000000036
3114.0000000000036
3094.750000000003
3116.0000000000027
3011.2500000000027
3131.0000000000036
3150.5000000000027
2984.0000000000023
3157.5000000000036
2936.000000000002
3206.5000000000027
2869.000000000003
3252.7500000000036
2977.0000000000036
3573.500000000003
3399.0000000000023
3819.7500000000036
3366.000000000004
4061.7500000000036
3502.0000000000045
4337.500000000005
3707.0000000000036
4526.500000000004
3795.0000000000045
5114.000000000005
3841.0000000000036
6410.500000000007
3878.000000000004
7075.500000000006
4064.000000000004
6958.500000000006
4114.000000000005
6375.000000000006
3994.000000000003
7668.2500000000055
4482.000000000004
8840.00000000001
5009.000000000005
8503.00000000001
5905.0000000000055
7149.500000000009
6717.000000000004
6495.000000000006
6897.000000000005
6356.500000000006
6818.000000000007
5799.2500000000055
8358.000000000005
5993.250000000006
9358.000000000011
6482.250000000007
9725.000000000007
6629.250000000006
12864.00000000001
7172.250000000007
15011.000000000015
8768.00000000001
15659.000000000018
11637.500000000013
13616.000000000007
15720.750000000016
10510.000000000007
18790.25000000002
8305.000000000005
17343.75000000002
6320.000000000008
14492.000000000015
5728.000000000006
11538.000000000013
5459.000000000005
8784.00000000001
4346.000000000005
7895.500000000007
3784.0000000000036
7884.000000000008
3234.0000000000027
7592.500000000008
3046.000000000002
7193.500000000007
2291.000000000003
7043.500000000008
2045.000000000002
6849.000000000007
2200.0000000000014
6669.750000000008
2149.0000000000014
6392.250000000006
2037.000000000002
5940.5000000000055
1927.000000000002
5656.7500000000055
1869.0000000000023
6178.2500000000055
2940.000000000003
6341.7500000000055
4104.0000000000055
6829.750000000007
3646.0000000000036
7968.250000000007
4094.0000000000045
8678.00000000001
3675.000000000003
8941.000000000007
3401.0000000000036
9033.50000000001
2447.0000000000027
9442.75000000001
1078.0000000000011
9543.250000000011
931.000000000001
9139.500000000011
931.000000000001
8701.500000000011
1161.0000000000014
6880.0000000000055
1332.0000000000014
6212.750000000007
1522.0000000000011
6032.000000000008
1789.0000000000023
5938.750000000007
2175.0000000000023
4846.500000000005
3831.000000000003
3709.000000000004
8509.000000000004
3440.750000000003
10042.000000000013
3743.500000000004
8631.000000000004
3827.000000000003
8404.00000000001
3359.7500000000027
7718.000000000008
3168.5000000000027
7482.00000000001
2893.0000000000023
6806.000000000005
2789.750000000003
3513.0000000000036
2687.7500000000027
3784.0000000000036
2902.2500000000027
4115.000000000003
2828.2500000000023
4509.000000000002
3010.750000000003
4149.0000000000055
3174.0000000000036
3426.0000000000023
3332.5000000000036
3645.0000000000045
3125.750000000003
2910.0000000000014
3067.750000000003
1494.0000000000011
3081.5000000000027
839.0000000000007
3212.250000000003
848.0000000000008
3368.500000000003
884.0000000000011
3467.2500000000023
846.0000000000006
3554.2500000000027
846.0000000000006
3352.2500000000027
940.0000000000009
879.750000000001
738.0000000000003
633.7500000000006
620.0000000000003
181.25000000000014
146.0000000000001