17751.500000000015
18756.00000000002
15472.250000000018
18736.000000000015
13605.000000000015
18729.00000000001
14105.500000000013
18767.000000000015
17524.75000000002
18768.000000000022
18046.25000000002
18809.000000000022
18027.25000000002
18795.000000000015
18007.00000000002
18788.00000000002
18101.00000000002
18908.00000000002
18138.50000000002
18975.000000000022
18215.50000000002
19044.000000000022
18257.750000000015
19132.000000000015
18328.00000000002
19141.000000000022
18403.75000000002
19200.00000000001
18455.00000000002
19241.000000000025
18501.50000000002
19221.000000000022
18534.00000000002
19269.000000000015
18531.50000000002
19256.00000000002
18590.25000000002
19220.000000000022
18690.50000000002
19285.000000000022
18745.000000000015
19415.00000000001
18865.750000000022
19486.000000000022
18950.750000000022
19556.000000000022
19231.750000000022
19634.000000000015
19524.000000000015
19765.00000000001
19178.25000000002
19900.00000000002
17562.250000000015
19946.00000000002
15805.000000000013
20060.000000000015
13857.750000000013
20206.00000000001
12665.25000000001
20297.000000000022
11791.750000000011
20339.000000000022
10884.000000000011
20444.000000000025
10090.00000000001
20511.000000000022
9385.25000000001
20579.000000000015
8802.000000000011
20676.00000000002
8528.75000000001
20703.000000000025
9101.750000000011
20217.00000000002
9715.25000000001
19484.00000000002
10687.750000000011
18991.000000000022
11805.750000000015
17698.000000000015
12588.750000000013
16722.000000000015
13160.750000000011
17019.00000000002
13561.250000000016
15876.000000000016
13204.500000000011
14786.000000000018
12868.000000000013
14552.000000000011
12497.000000000015
14234.000000000015
12218.500000000013
13443.000000000013
11491.500000000011
11692.00000000001
10544.000000000011
10211.000000000011
9987.250000000007
9535.000000000007
9982.25000000001
9032.000000000007
10163.500000000011
9755.000000000011
9913.250000000013
10517.000000000013
9288.00000000001
11201.000000000011
8453.25000000001
11817.000000000007
8788.000000000007
10733.000000000011
9792.500000000011
10142.000000000011
9867.75000000001
9970.000000000011
10130.500000000011
8855.000000000005
9833.750000000011
7577.000000000008
8880.25000000001
5918.000000000006
8985.50000000001
3858.000000000004
9583.50000000001
3797.0000000000036
10492.500000000011
5491.0000000000055
10542.250000000011
6508.000000000007
10177.750000000011
8409.00000000001
9931.750000000011
8687.000000000005
9364.25000000001
8178.000000000008
8965.50000000001
8185.000000000009
8840.00000000001
8383.000000000011
9003.75000000001
8604.000000000011
9990.25000000001
8577.00000000001
10585.75000000001
8436.000000000005
11358.250000000013
8270.000000000007
12520.500000000013
8289.00000000001
13902.500000000011
8383.000000000011
15484.000000000013
8786.000000000011
17225.25000000002
9248.000000000007
18330.25000000002
9327.000000000005
19043.75000000002
8917.000000000011
20050.000000000022
8521.000000000007
20580.750000000025
8659.000000000007
20910.750000000025
8934.000000000007
21289.000000000022
8782.000000000007
21620.250000000022
8421.000000000005
21728.750000000022
8164.000000000008
21894.25000000002
8207.000000000005
22190.250000000022
8515.000000000007
22555.500000000025
9050.00000000001
20636.000000000022
9262.00000000001