5868.2500000000055
3687.000000000004
5869.000000000006
4111.000000000003
5844.750000000006
4061.000000000004
5922.2500000000055
3915.000000000004
6400.250000000006
3993.0000000000045
7702.000000000007
3938.000000000004
8393.000000000007
3955.0000000000045
8598.00000000001
3930.000000000004
9026.750000000011
3943.000000000004
8360.500000000007
3937.000000000004
8030.750000000008
4007.000000000004
8352.500000000011
4122.000000000003
8016.250000000008
4144.000000000005
7358.000000000007
4286.000000000003
6932.250000000006
4443.0000000000055
7095.000000000007
4613.000000000005
7605.000000000009
4780.0000000000055
8038.250000000008
4894.0000000000055
8317.250000000007
4985.0000000000055
8197.00000000001
5073.000000000006
8326.75000000001
5120.000000000003
7855.000000000007
5108.000000000005
8039.000000000009
5032.000000000005
8346.75000000001
4918.0000000000055
7949.250000000008
4786.0000000000055
8244.750000000007
4615.000000000004
7847.250000000008
4412.000000000003
8332.75000000001
4175.000000000005
8976.500000000007
3939.000000000004
9294.250000000011
3709.000000000004
8692.750000000007
3509.0000000000036
8541.750000000011
3355.000000000003
8771.75000000001
3264.0000000000036
8730.750000000007
3217.000000000003
8404.000000000007
3221.000000000004
8319.750000000007
3369.0000000000036
8035.750000000007
4154.000000000004
8636.000000000007
5797.000000000007
8312.750000000007
6005.000000000006
8366.500000000011
5488.000000000006
8940.50000000001
6007.000000000006
9982.25000000001
6099.000000000004
9813.25000000001
6415.0000000000055
8902.75000000001
6611.000000000006
9198.500000000011
6724.000000000004
9610.50000000001
6895.0000000000055
9406.750000000007
6136.000000000005
9463.25000000001
6046.000000000004
9243.25000000001
6623.000000000005
8576.50000000001
5980.000000000003
7693.500000000007
6873.000000000008
7401.000000000007
8035.000000000008
7492.750000000008
8315.00000000001
7972.500000000009
8317.000000000007
8001.500000000009
9634.000000000007
7114.500000000007
9702.000000000011
6851.750000000007
9988.00000000001
7432.000000000008
11342.000000000011
7977.500000000007
11980.00000000001
8895.75000000001
11695.000000000007
9964.50000000001
12421.000000000015
10800.250000000011
11909.000000000007
10909.50000000001
10923.00000000001
10272.75000000001
9170.000000000007
9844.500000000011
8839.000000000005
8193.25000000001
8411.00000000001
7121.250000000006
7803.000000000009
7017.000000000007
8181.000000000008
7061.500000000007
8617.00000000001
6974.500000000006
7458.000000000008
6708.250000000007
6342.000000000007
6811.250000000006
6137.000000000004
7752.500000000006
6456.000000000005
8075.250000000008
6904.000000000007
7806.500000000008
6907.000000000008
8049.500000000008
6807.000000000007
8502.00000000001
6871.000000000008
8410.50000000001
7216.000000000007
8406.00000000001
7172.000000000007
8545.00000000001
6678.000000000008
8882.25000000001
6365.000000000007
9281.00000000001
6501.000000000005
9148.50000000001
6876.000000000008
9520.000000000011
7383.000000000007
10536.00000000001
7797.000000000007
11105.750000000011
8054.000000000009
10965.500000000011
8470.000000000013
9743.25000000001
8558.000000000005
9020.00000000001
8317.000000000007
8801.000000000011
8080.000000000008