3053.250000000003
1905.0000000000018
3114.500000000003
2030.000000000002
3228.750000000003
2133.0000000000023
3351.5000000000027
2382.000000000002
3466.7500000000036
2603.0000000000027
3566.2500000000036
2812.0000000000027
3636.750000000003
2908.0000000000023
3571.750000000003
2764.000000000003
3426.500000000004
2706.0000000000027
3181.750000000003
2644.0000000000027
2886.000000000003
2617.0000000000023
2665.7500000000023
2554.0000000000023
2543.5000000000027
2501.0000000000014
2575.0000000000023
2564.0000000000014
2701.0000000000027
2626.0000000000023
2954.5000000000027
2597.000000000002
3265.7500000000036
2599.000000000002
3586.750000000003
2556.0000000000023
3867.250000000003
2550.0000000000027
4128.000000000004
2461.0000000000014
4311.750000000005
2305.0000000000014
4380.500000000005
2314.0000000000023
4299.000000000005
2337.0000000000023
4157.750000000005
2294.0000000000027
4068.500000000004
2207.000000000001
4065.7500000000045
2201.000000000002
4057.250000000003
1957.000000000002
3979.250000000004
1834.0000000000018
3939.2500000000036
1849.0000000000018
5409.5000000000055
1830.0000000000018
5875.000000000007
1738.0000000000016
5545.2500000000055
1720.0000000000014
6116.000000000006
1702.000000000002
6803.000000000007
1682.0000000000018
6888.000000000006
1740.000000000002
8017.500000000007
1963.0000000000023
8300.000000000007
2290.0000000000027
8839.25000000001
2657.0000000000023
9327.25000000001
3013.0000000000027
9056.00000000001
3238.0000000000027
9234.250000000007
3366.000000000004
9802.500000000011
3432.0000000000036
9594.500000000007
3489.000000000004
8956.75000000001
3475.0000000000045
8461.000000000007
3482.0000000000027
8368.250000000007
3491.0000000000036
8399.500000000011
3417.0000000000027
7506.500000000007
3514.000000000003
7110.250000000006
3685.0000000000036
7084.500000000007
3917.0000000000045
7089.250000000008
4248.0000000000055
7445.500000000007
4239.000000000005
7175.250000000007
3425.0000000000036
7773.000000000009
3026.0000000000023
7509.250000000008
2908.0000000000023
7107.000000000007
2741.0000000000027
6853.750000000007
2529.0000000000023
7355.250000000007
2491.0000000000023
7879.500000000007
2699.0000000000027
7627.250000000009
2944.000000000003
7076.000000000007
3088.000000000002
6676.250000000008
3025.0000000000027
6327.500000000006
2894.0000000000023
6449.000000000006
2870.0000000000027
7004.250000000007
2721.000000000003
7177.250000000006
2580.000000000003
7373.250000000007
2676.0000000000023
7876.250000000007
2731.000000000003
5745.0000000000055
2888.000000000003
4944.0000000000055
3115.000000000003
5019.250000000005
3377.000000000003
5684.2500000000055
3492.000000000003
6069.2500000000055
3461.000000000002
6133.000000000007
3190.0000000000027
6233.750000000006
2922.0000000000027
5705.0000000000055
2621.0000000000014
5159.2500000000055
2254.0000000000027
5227.7500000000055
2032.0000000000025
5232.250000000006
2022.000000000002
5455.2500000000055
2154.0000000000023
6248.750000000006
2264.000000000002
7370.000000000007
2357.000000000002
7601.500000000007
2408.0000000000027
7204.750000000007
2326.0000000000014
6913.500000000006
2209.0000000000023
6776.250000000007
2103.0000000000014
6601.500000000006
2035.0000000000023
5623.0000000000055
1943.000000000002
4883.250000000005
1849.000000000002
4937.5000000000055
1782.000000000001