15255.000000000015
10764.000000000013
15026.500000000016
7534.000000000008
15830.250000000016
7351.000000000007
17240.25000000002
7474.0000000000055
18384.25000000002
6371.000000000005
19521.50000000002
5516.000000000005
19166.75000000002
4712.000000000005
18139.75000000002
4232.000000000005
17297.500000000015
3748.0000000000036
16003.250000000016
3205.0000000000023
14913.500000000015
3045.0000000000023
15237.500000000018
3036.0000000000027
15204.500000000015
2874.0000000000036
14831.750000000013
2948.0000000000014
14044.250000000013
3513.0000000000036
13473.000000000013
3218.000000000003
13180.250000000011
3112.0000000000027
13151.750000000015
4018.000000000004
12439.500000000015
4360.000000000004
12252.000000000011
3647.0000000000036
12683.250000000013
3279.000000000003
12501.000000000013
4187.000000000003
12278.250000000013
4687.000000000004
11513.250000000011
4873.0000000000055
11348.500000000013
4442.000000000003
12100.750000000013
3239.0000000000023
12759.000000000013
3239.0000000000023
12445.250000000011
2990.0000000000014
10998.250000000013
3175.0000000000036
10604.50000000001
3702.000000000004
11078.000000000011
7514.000000000006
12810.75000000001
11687.000000000005
14045.500000000013
12587.000000000011
14142.500000000016
9344.000000000007
14573.250000000015
5771.000000000007
15217.750000000015
4401.0000000000055
15054.500000000016
3827.000000000004
15164.250000000015
3573.0000000000036
16254.000000000016
3056.0000000000023
17843.250000000015
2916.0000000000036
18636.00000000002
2709.0000000000027
17145.750000000015
3180.000000000003
16202.750000000016
3697.000000000003
14716.750000000016
4456.000000000005
12572.500000000013
5158.0000000000055
11809.250000000013
7184.000000000007
11926.250000000011
10216.00000000001
11712.000000000011
9411.000000000011
12005.250000000013
8086.000000000007
10910.750000000013
6876.000000000008
10637.750000000013
5256.000000000006
9670.25000000001
4149.000000000003
9125.50000000001
3405.0000000000036
8849.50000000001
3292.0000000000036
8330.500000000011
3728.000000000004
6872.5000000000055
3707.000000000004
6352.000000000006
3804.000000000002
5572.000000000005
5229.0000000000055
5239.0000000000055
6801.000000000006
5879.0000000000055
5806.0000000000055
6024.750000000005
6400.0000000000055
6535.500000000007
6586.000000000007
6054.750000000006
5355.000000000006
5376.0000000000055
5944.000000000007
5232.5000000000055
7226.000000000007
5389.500000000005
8388.00000000001
5158.750000000005
9808.000000000011
5016.000000000005
9125.000000000013
5095.750000000006
9643.00000000001
5903.750000000005
10617.000000000007
6935.2500000000055
10995.000000000011
7644.000000000007
11067.000000000011
8279.75000000001
10932.000000000013
8626.25000000001
11525.000000000011
8184.000000000009
12097.000000000005
8496.000000000011
13374.000000000013
8571.75000000001
14739.00000000001
7700.750000000009
14418.000000000018
7075.750000000006
14427.000000000016
6642.750000000007
15061.000000000013
6635.000000000007
14996.000000000013
6574.250000000007
16110.000000000013
8197.250000000007
17398.000000000007
9868.25000000001
18950.000000000025
9248.25000000001
19986.000000000025
8700.50000000001
20132.000000000022
7661.25000000001
20492.00000000002
7078.250000000006
20809.000000000025
7209.000000000007
19629.00000000002
6901.750000000006
19424.000000000022