6746.7500000000055
6830.000000000007
5869.2500000000055
7030.000000000006
5270.5000000000055
7156.000000000005
5195.000000000005
7270.000000000007
5955.750000000007
7708.000000000008
7726.000000000007
8068.00000000001
8713.25000000001
8160.000000000008
9490.00000000001
8216.00000000001
12677.500000000013
8251.00000000001
16391.750000000015
8041.000000000008
18708.25000000002
7437.000000000008
20478.75000000002
6935.000000000005
22658.750000000022
6854.000000000008
24087.500000000022
6661.000000000009
23778.250000000022
6594.000000000007
21879.250000000022
6450.000000000004
20665.000000000022
6964.0000000000055
19172.00000000002
9897.000000000011
18782.50000000002
9123.000000000007
18369.00000000002
9825.000000000007
16980.50000000002
17252.00000000001
15242.000000000018
18641.000000000015
13743.750000000015
15429.000000000016
12704.750000000011
12869.000000000016
12612.750000000015
9374.00000000001
12617.750000000013
8057.000000000009
12700.500000000015
6652.000000000007
13785.750000000015
6184.000000000006
15232.250000000013
6954.000000000006
16243.750000000015
6287.000000000007
15770.250000000016
11238.000000000011
12567.250000000013
16945.00000000001
12264.75000000001
20018.000000000025
12421.250000000015
24245.000000000022
11920.750000000013
25633.000000000015
11107.00000000001
25451.000000000025
10885.000000000013
23171.000000000025
10177.50000000001
23736.00000000003
10145.250000000011
24414.000000000022
11099.500000000011
24530.00000000001
10269.500000000011
26128.00000000002
9054.50000000001
27517.00000000003
9334.75000000001
27548.000000000022
9723.000000000011
27955.00000000003
9555.500000000011
28105.000000000025
9054.25000000001
27937.00000000003
8941.000000000007
28968.000000000036
8642.500000000011
27883.00000000003
9251.500000000011
16078.000000000015
11025.000000000011
12196.00000000001
10904.500000000011
15202.000000000016
10419.50000000001
17295.00000000001
11125.000000000011
18933.000000000015
10164.500000000011
20112.00000000002
9624.25000000001
20917.000000000025
12389.000000000011
21885.000000000022
15160.750000000015
23045.000000000022
15994.250000000018
23765.00000000002
16114.000000000018
23906.00000000003
14957.750000000015
24058.000000000025
14997.250000000015
24239.00000000001
16180.250000000018
23677.00000000002
16432.50000000002
21891.000000000022
16806.50000000002
17665.000000000022
16627.250000000015
12082.000000000015
16907.000000000015
10544.00000000001
17698.000000000015
6544.000000000007
18465.750000000022
5049.0000000000055
18387.75000000002
4892.0000000000055
18389.00000000002
4655.000000000005
18343.50000000002
4492.0000000000055
17806.75000000002
4458.0000000000055
17023.00000000002
4413.000000000004
16492.000000000015
4135.000000000004
16514.00000000002
4049.000000000004
16397.750000000022
3949.000000000004
16019.500000000016
3911.000000000003
15414.750000000015
3709.000000000004
14492.500000000016
3211.0000000000036
13908.000000000013
2863.0000000000027
12751.000000000011
3321.000000000004
11287.500000000013
3907.000000000004
9990.250000000011
3846.000000000004
8948.00000000001
3176.000000000003
7543.250000000008
2795.000000000003
6773.250000000006
3089.0000000000036
6429.5000000000055
3309.000000000002
6264.000000000006
3425.0000000000036
6164.5000000000055
3801.000000000004
6207.250000000006
4158.000000000004