8176.500000000006
6147.000000000006
8669.50000000001
6786.000000000006
9235.750000000011
8771.000000000011
9393.50000000001
9327.000000000005
9515.00000000001
9189.000000000005
9432.75000000001
9373.000000000011
9377.00000000001
9193.000000000007
9173.250000000011
8804.000000000007
9082.500000000011
8440.00000000001
9060.25000000001
8714.00000000001
9237.25000000001
9447.00000000001
9267.75000000001
9880.000000000011
9310.25000000001
9830.000000000011
9577.00000000001
8772.000000000011
9937.500000000011
7543.000000000008
10057.50000000001
6069.000000000004
10245.25000000001
7133.000000000009
10427.250000000011
6986.000000000008
10583.750000000011
7074.000000000008
10379.750000000011
10341.000000000011
9803.500000000011
12582.000000000013
9454.00000000001
13323.00000000001
8738.50000000001
11901.000000000011
8229.250000000007
11363.000000000015
8703.00000000001
10039.00000000001
9244.750000000011
7789.000000000009
10050.500000000011
6715.000000000007
9999.000000000011
6552.0000000000055
8915.75000000001
6678.000000000006
7821.500000000008
6411.000000000006
8309.750000000007
6435.000000000004
9014.500000000007
6532.000000000005
9013.25000000001
6175.000000000007
9013.75000000001
6040.000000000006
10184.000000000013
6144.000000000007
10351.000000000011
6220.000000000005
9179.00000000001
7546.000000000006
10319.500000000011
9283.000000000007
11127.500000000011
10416.00000000001
10729.500000000011
10383.00000000001
10772.000000000011
10585.000000000011
11354.250000000011
11226.000000000011
11053.750000000011
11123.000000000013
12191.250000000013
10720.000000000011
12643.750000000011
10793.000000000011
12472.500000000011
11011.000000000011
11872.75000000001
11757.000000000007
11228.750000000013
12419.000000000011
10538.25000000001
9511.000000000011
10096.25000000001
5400.0000000000055
10580.500000000011
5418.0000000000055
10193.250000000007
5400.000000000006
10942.500000000011
5473.000000000006
11451.500000000011
7418.000000000008
11119.750000000015
8641.000000000005
11726.000000000013
9337.000000000007
11381.750000000013
9619.000000000007
11324.500000000013
8249.000000000004
10894.500000000011
8213.000000000005
9664.250000000011
8580.000000000005
8708.250000000011
8946.000000000005
7734.250000000008
9699.000000000011
6983.750000000007
10280.000000000011
7589.500000000009
10652.000000000013
7453.750000000007
10744.000000000013
6763.250000000006
10572.000000000013
6911.250000000006
10693.000000000007
7707.250000000007
10163.00000000001
8057.000000000008
8736.000000000007
8468.50000000001
5834.0000000000055
7870.500000000008
4670.000000000005
7136.750000000007
6487.0000000000055
7119.000000000009
6318.000000000005
7044.250000000006
4600.000000000004
7142.250000000007
4434.000000000005
7266.000000000008
4101.000000000004
6644.000000000007
3922.000000000004
6730.500000000006
4611.000000000004
6756.750000000006
6228.000000000007
6641.750000000007
7484.000000000009
7299.0000000000055
7961.00000000001
7738.000000000008
7815.000000000009
6779.750000000006
7853.000000000009
6572.750000000006
7301.000000000005
6901.000000000007
8754.000000000005
6612.5000000000055
9061.000000000011
6278.750000000006
7608.000000000008
6046.000000000006
7762.000000000007
6042.0000000000055
7777.000000000008
6181.250000000006
7518.000000000008