11787.750000000015
12744.00000000001
11837.50000000001
12642.000000000013
11506.500000000011
9822.000000000011
12131.000000000011
9233.00000000001
11420.000000000011
9029.000000000011
11255.000000000007
7591.000000000009
10918.500000000011
6487.000000000007
10709.00000000001
7096.000000000006
10833.750000000011
6128.000000000005
10488.250000000011
4361.000000000005
10266.25000000001
6413.000000000006
10004.250000000011
7162.000000000006
9994.000000000011
6553.000000000007
9863.00000000001
9136.000000000011
10488.00000000001
11089.000000000007
11139.500000000013
9305.00000000001
11724.750000000013
6878.000000000006
10673.00000000001
7497.0000000000055
10704.25000000001
8801.000000000011
10638.250000000011
8829.00000000001
8835.50000000001
10081.000000000011
9241.750000000007
11015.000000000013
9115.75000000001
11523.000000000011
9363.750000000007
10685.000000000011
10001.25000000001
10933.000000000015
10117.50000000001
10076.000000000007
9402.500000000007
8411.00000000001
9352.50000000001
9154.000000000007
9768.25000000001
9526.000000000011
9153.50000000001
10140.00000000001
8794.75000000001
12618.000000000011
8418.75000000001
11958.000000000013
8675.000000000007
9908.000000000007
8911.50000000001
8103.000000000008
8566.00000000001
8420.000000000005
7366.500000000008
9572.000000000011
7199.250000000007
11033.000000000013
6856.250000000006
12301.00000000001
6715.750000000007
11300.000000000011
7775.750000000007
10367.000000000011
8825.500000000007
10364.000000000011
8414.25000000001
11424.000000000015
8849.75000000001
12395.000000000013
12723.500000000011
11237.00000000001
17801.000000000015
8923.000000000005
17517.000000000022
8632.00000000001
14158.750000000015
9786.000000000007
10642.500000000011
10556.000000000007
8312.25000000001
10041.00000000001
7501.500000000008
12011.00000000001
7135.000000000006
10507.000000000011
6963.500000000007
7568.000000000007
6693.750000000007
10103.000000000005
7045.000000000006
10239.00000000001
7346.250000000008
8742.000000000007
7580.250000000008
8359.000000000005
7060.250000000009
7046.000000000007
7215.500000000008
7218.000000000007
8420.000000000011
7587.000000000008
8577.500000000007
9060.000000000005
10112.000000000011
10522.000000000011
10641.250000000011
9797.00000000001
9708.25000000001
9837.000000000005
7777.250000000007
9935.00000000001
6473.250000000007
10385.000000000011
6621.000000000007
10130.000000000011
7323.000000000007
10923.00000000001
8393.00000000001
11729.000000000013
9249.50000000001
12355.000000000013
7685.750000000007
12216.000000000007
7358.750000000007
13066.000000000015
8010.750000000008
12022.000000000005
8594.00000000001
9090.000000000005
8965.000000000007
9677.000000000005
8374.75000000001
10291.000000000013
8336.250000000007
10040.00000000001
8652.250000000011
9366.000000000011
8079.250000000008
8587.000000000005
7594.750000000007
8062.000000000007
7266.750000000006
7684.000000000009
7628.250000000007
7825.00000000001
7325.000000000007
9152.000000000011
6699.250000000007
10675.000000000011
6494.750000000007
10670.000000000007
5756.250000000006
8280.000000000004
5612.750000000006
5902.000000000004
5030.000000000005
6651.0000000000055
4078.0000000000045
8183.000000000008
4168.250000000004
6649.000000000006
4243.250000000004
5137.000000000004