20484.500000000022
19717.00000000002
20517.000000000022
19806.000000000022
20599.25000000002
19840.000000000025
20399.25000000002
19758.000000000025
20167.250000000022
19740.000000000015
20101.75000000002
19530.000000000025
20135.250000000022
19677.000000000022
20250.75000000002
19685.00000000002
20330.50000000002
19494.000000000022
20453.000000000022
19452.000000000015
20676.250000000022
19494.000000000022
20517.00000000002
19757.000000000015
18573.25000000002
19885.00000000002
17685.25000000002
19960.00000000002
16952.75000000002
19994.000000000022
15912.500000000016
19956.00000000002
15576.250000000016
19914.00000000002
15820.000000000018
19860.000000000022
15383.250000000018
19747.00000000002
14903.750000000018
19774.000000000025
14287.250000000013
19765.000000000025
14385.250000000016
19690.000000000022
14098.500000000013
19842.000000000022
13913.250000000015
19927.000000000022
14032.750000000015
19777.00000000002
14235.750000000016
19732.00000000002
13674.000000000015
19400.00000000001
11864.750000000011
18108.000000000022
12029.500000000015
17721.00000000002
12807.750000000013
25417.000000000033
12646.500000000013
28644.000000000033
11508.750000000013
29001.00000000003
10375.250000000011
27095.000000000033
10246.50000000001
25347.00000000002
10651.250000000013
22088.000000000022
11861.250000000013
16822.00000000002
12644.750000000011
13491.000000000013
12408.500000000015
12018.000000000007
13262.000000000013
10646.00000000001
12596.250000000011
7580.000000000007
10445.500000000011
6931.000000000006
10394.000000000011
9819.000000000011
13944.500000000016
12264.000000000015
15958.750000000016
11667.000000000007
14867.000000000013
11629.000000000013
12796.250000000013
12101.000000000015
11587.500000000011
13438.000000000016
11626.750000000013
14232.000000000011
11608.250000000007
13946.000000000018
11764.750000000013
13442.000000000016
11394.000000000013
11538.000000000013
12185.500000000013
9008.000000000007
8700.000000000011
7354.000000000007
5532.2500000000055
6323.000000000007
6291.000000000006
6473.000000000008
6862.000000000006
5846.000000000005
8225.250000000007
5913.0000000000055
10238.250000000011
10228.000000000007
11828.500000000013
12412.000000000007
12496.250000000015
12047.000000000016
11866.250000000013
12365.000000000015
11154.250000000013
12581.000000000007
10371.500000000011
12781.000000000013
10024.500000000011
13326.000000000016
10042.250000000011
13893.000000000013
10693.000000000011
14719.000000000011
10535.250000000011
15609.00000000002
10924.250000000011
16248.000000000015
11815.000000000013
16535.00000000001
12075.750000000011
16961.00000000001
12575.000000000013
17387.00000000001
13270.750000000015
17644.00000000002
13761.250000000015
17796.00000000002
14353.750000000015
17935.00000000001
14965.000000000015
18023.000000000025
15594.000000000015
18158.000000000015
16147.750000000016
18384.000000000015
16652.500000000015
18404.000000000022
16986.50000000002
18326.000000000022
17614.75000000002
18230.000000000022
17911.250000000022
18140.000000000015
17985.000000000022
18196.00000000001
18047.25000000002
18188.000000000015
18199.50000000002
18084.000000000022
18341.250000000015
18008.00000000002
18442.25000000002
17825.000000000022
18493.50000000002
17708.00000000001
18588.25000000002
17673.00000000002
18551.50000000002
17690.00000000002
18585.250000000015
17708.000000000022