21005.250000000022
21348.000000000022
20984.750000000022
21449.000000000022
21045.000000000022
21638.00000000002
21093.750000000022
21821.000000000022
21217.000000000022
21560.00000000002
21458.00000000002
21665.000000000025
21282.250000000022
21857.000000000022
21199.750000000025
21763.000000000022
21234.500000000022
21790.000000000022
21336.000000000022
22094.000000000025
21114.500000000022
22169.000000000025
21218.75000000002
22139.000000000025
21227.750000000022
22001.000000000022
21167.000000000022
21813.000000000025
21117.750000000022
21986.000000000022
21289.000000000022
21912.00000000002
21277.750000000022
22062.000000000025
20777.00000000002
21784.000000000025
20593.500000000022
22076.000000000025
18115.500000000015
21798.000000000025
16180.000000000016
18846.000000000022
14449.000000000015
16642.00000000001
11166.750000000011
15278.000000000016
9731.500000000011
13094.00000000001
8729.50000000001
12340.000000000015
7859.000000000006
11505.000000000013
7232.7500000000055
9798.000000000005
6967.250000000007
9504.000000000007
7224.500000000007
14639.000000000013
9560.50000000001
17726.00000000002
12612.500000000013
16363.000000000016
14281.250000000016
13357.000000000007
15613.000000000018
10700.000000000011
15729.250000000015
8938.000000000005
16326.250000000018
10099.000000000007
15838.750000000016
12171.000000000013
12870.000000000013
15074.00000000001
9390.750000000011
17019.00000000002
6855.000000000006
18621.00000000002
6872.5000000000055
20550.000000000022
7503.250000000009
21864.000000000022
9033.25000000001
22624.000000000022
10602.750000000011
22454.000000000025
11532.750000000011
21990.000000000022
12029.000000000013
21739.000000000022
12969.250000000011
21910.00000000002
13383.250000000011
21890.000000000025
13770.500000000015
20858.000000000022
14571.250000000016
20146.00000000001
14926.750000000016
20564.000000000015
15565.500000000015
21095.000000000022
15946.000000000013
20964.000000000022
16576.250000000015
20810.00000000002
17054.25000000002
21610.000000000022
16996.500000000015
21727.000000000025
17321.75000000002
21088.00000000002
17392.50000000002
21772.000000000022
17571.500000000015
22252.000000000025
17773.25000000002
22233.000000000025
17570.50000000002
22055.000000000025
17579.00000000002
22498.000000000025
18091.50000000002
22630.000000000025
18469.25000000002
22625.000000000022
19442.500000000015
22590.000000000022
20153.25000000002
22958.000000000022
20433.250000000022
22832.000000000022
21000.25000000002
22712.000000000025
21246.500000000025
22720.00000000003
21562.500000000025
22303.000000000025
21289.75000000002
22295.000000000025
20832.250000000022
22522.000000000025
21198.000000000022
22436.000000000025
21097.000000000022
22455.000000000022
20899.250000000022
22555.000000000022
21363.000000000022
22341.000000000022
21944.500000000022
21954.000000000022
21811.750000000022
22079.000000000025
21291.000000000022
22008.000000000022
21241.250000000022
21964.000000000022
21519.750000000022
22046.000000000022
21499.500000000022
21850.000000000022
21268.750000000022
21726.000000000025
21156.250000000022
21810.000000000022
21313.750000000022
21701.000000000022
21328.000000000022
21770.000000000022
21145.500000000022
21660.000000000015
21201.500000000022
21638.000000000022
21083.500000000022
21455.000000000022
20870.500000000022
21266.000000000025
21034.000000000025
21195.000000000022