13535.250000000015
15652.000000000018
13502.750000000013
15017.000000000018
13723.250000000013
16012.000000000016
13113.500000000015
14260.000000000016
13444.500000000015
13441.000000000015
12946.500000000015
14973.000000000016
12977.750000000015
14827.000000000016
13115.250000000015
15066.000000000015
13533.500000000016
17149.000000000015
13487.250000000015
16519.00000000001
13859.000000000016
18576.000000000022
13882.500000000016
18119.00000000001
13596.000000000013
17444.000000000022
12672.750000000011
15173.000000000016
13379.000000000011
15431.000000000013
13330.000000000015
15506.000000000016
12886.250000000013
16215.000000000015
13015.000000000015
16309.000000000018
12555.500000000013
17398.00000000002
13341.750000000015
17240.000000000015
12937.250000000013
13852.000000000015
13060.750000000013
11825.000000000011
12990.250000000015
12237.000000000011
12559.250000000011
11269.000000000011
12079.250000000013
9548.00000000001
11747.000000000011
11350.000000000013
12075.750000000011
14430.000000000011
12629.500000000013
21642.000000000022
13244.250000000015
24262.000000000022
12954.750000000013
22869.000000000025
13367.250000000011
19297.000000000022
14662.500000000016
15402.000000000015
15782.750000000016
13294.000000000013
16610.250000000015
10492.000000000011
17455.75000000002
9901.000000000007
17708.00000000002
12243.000000000015
17688.25000000002
12369.000000000013
18572.00000000002
11265.000000000013
18302.750000000022
10014.000000000011
17516.00000000002
12940.000000000015
16867.50000000002
13352.00000000001
16568.25000000002
12552.000000000013
16530.250000000015
14757.000000000016
16340.750000000013
15160.000000000016
14028.750000000015
15475.000000000018
10974.000000000013
14311.000000000015
9575.50000000001
15392.000000000018
8568.00000000001
14802.000000000015
8563.250000000007
16891.000000000015
9616.00000000001
19426.00000000002
10443.250000000011
16590.000000000022
10982.000000000011
15345.000000000016
11516.750000000013
16785.000000000015
11977.75000000001
18640.000000000022
11706.750000000013
19109.000000000022
11328.750000000013
17540.000000000022
10650.500000000013
15431.000000000013
10510.000000000011
16346.000000000018
10383.750000000011
15295.000000000016
10967.750000000011
13906.000000000016
11191.250000000013
11133.000000000011
11958.250000000013
14074.000000000016
11769.500000000011
17156.00000000002
10933.750000000011
18071.00000000002
12034.000000000011
15996.000000000018
12273.000000000013
18690.000000000015
10947.750000000011
22332.000000000025
10914.750000000011
16956.00000000002
10788.25000000001
10931.000000000011
11506.750000000011
12751.000000000016
11656.500000000011
12530.00000000001
11876.500000000011
13612.00000000001
11306.500000000011
15373.000000000016
9553.250000000011
15235.000000000015
8662.250000000007
13169.00000000001
9615.75000000001
13071.000000000015
9855.000000000011
13936.000000000018
11672.750000000013
15842.000000000016
11982.500000000011
18702.000000000022
11172.250000000013
18778.000000000022
10381.75000000001
17550.00000000002
10148.750000000011
16961.00000000001
9829.750000000011
17477.00000000002
9863.25000000001
17431.00000000002
10219.500000000011
17362.000000000015
10235.50000000001
16707.000000000015
11250.750000000013
16021.000000000016
11798.750000000011
15215.000000000016
12830.000000000011
14359.000000000015
12629.750000000011
13659.000000000015