32512.000000000033
32512.000000000033
32512.000000000033
32512.000000000033
32512.000000000033
32512.000000000033
32512.000000000033
32512.000000000033
32512.000000000033
32512.000000000033
32512.000000000033
32512.000000000033
32512.000000000033
32512.000000000033
32622.000000000033
32568.000000000033
27512.500000000033
29463.00000000002
12849.750000000016
18198.000000000022
15255.500000000013
19851.000000000022
15252.750000000015
20154.000000000022
15366.250000000015
20130.000000000022
14818.250000000013
20142.00000000002
15010.500000000018
20181.000000000022
15262.000000000016
20145.000000000022
15257.500000000015
20145.000000000022
15185.250000000018
20176.000000000022
15090.000000000018
20269.000000000022
15397.250000000018
20307.000000000022
15306.500000000016
20298.000000000022
15318.000000000015
20351.000000000022
15367.500000000015
20393.000000000022
12655.750000000013
20438.000000000022
9211.50000000001
20446.000000000022
9518.000000000011
20432.00000000002
9818.25000000001
20646.00000000002
10611.000000000013
21191.000000000022
11737.250000000011
21461.000000000022
13121.000000000013
21062.000000000022
14574.000000000013
21288.000000000022
16308.000000000018
21344.000000000022
17502.250000000015
21577.000000000022
19661.750000000022
21725.000000000022
21415.00000000002
22484.000000000025
22337.000000000022
24108.000000000022
22996.500000000025
25563.00000000002
21745.50000000002
25708.000000000033
21893.000000000022
26120.00000000003
22209.750000000022
26291.00000000003
23945.00000000002
26139.00000000003
25644.500000000025
26040.00000000003
26028.75000000003
25820.00000000002
26218.000000000025
25547.000000000025
26040.25000000003
25208.00000000003
24474.250000000025
24804.00000000003
23835.750000000025
24428.000000000015
24269.500000000022
23859.00000000002
25301.000000000025
22938.000000000022
24856.000000000025
21984.000000000022
23988.750000000025
21317.000000000022
21490.750000000025
21224.000000000022
21637.500000000025
21252.000000000022
23171.500000000025
21287.00000000002
23375.000000000022
21338.000000000022
23584.75000000003
21365.000000000022
23860.750000000022
21377.00000000002
24084.000000000025
21412.000000000022
24420.500000000022
21463.000000000025
25568.250000000025
21444.000000000022
26369.500000000025
21524.000000000025
26187.250000000025
21702.000000000022
25667.75000000003
21119.000000000022
25649.00000000003
21040.000000000022
25763.000000000022
21046.000000000022
25753.000000000025
21080.000000000022
25555.250000000025
21085.000000000022
25207.750000000025
21033.000000000022
24820.000000000025
21010.000000000022
24378.25000000003
20997.000000000022
23757.000000000022
20954.000000000022
23178.500000000025
20965.00000000002
22261.500000000022
20947.000000000022
21428.250000000022
20875.00000000002
20626.500000000022
20896.000000000022
19800.750000000022
20787.000000000022
18193.000000000015
20742.000000000022
16037.500000000015
20792.000000000015
13738.750000000015
20694.000000000022
10349.500000000011
20668.000000000022
8507.500000000007
20268.000000000022
23729.50000000003
27928.00000000003
32621.750000000033
32566.000000000033
32451.000000000036
32485.000000000033
32511.00000000003
32510.000000000033
32512.000000000033
32512.000000000033
32512.000000000033
32512.000000000033
32512.000000000033
32512.000000000033
32512.000000000033
32512.000000000033
32512.000000000033
32512.000000000033