6115.250000000006
2036.000000000002
11918.250000000015
3761.0000000000045
11602.50000000001
4153.000000000003
11249.750000000011
5690.0000000000055
11570.250000000011
7934.000000000007
11700.500000000013
8029.000000000008
10833.750000000013
7510.000000000006
9837.75000000001
10326.000000000011
9546.00000000001
12080.000000000013
8936.000000000007
11352.000000000013
8007.250000000006
11988.000000000013
7411.5000000000055
12630.000000000015
7415.750000000008
11785.00000000001
7706.000000000008
10680.000000000013
7190.500000000007
9442.000000000011
7442.500000000007
7977.000000000007
7902.000000000009
7366.000000000007
8281.25000000001
6346.000000000003
8522.25000000001
6944.000000000006
8798.25000000001
7640.000000000008
9029.00000000001
6372.000000000005
8871.250000000011
6810.000000000008
8674.00000000001
8015.000000000008
9309.25000000001
7881.000000000009
9851.00000000001
8015.000000000008
10081.500000000011
7098.000000000008
10362.500000000011
5910.000000000006
9725.25000000001
6154.000000000006
9033.000000000007
6681.000000000008
8851.50000000001
6403.000000000006
8985.75000000001
6441.000000000007
9017.500000000007
6777.000000000008
8737.00000000001
6244.000000000004
8730.25000000001
6235.000000000005
8628.000000000011
7509.000000000008
7922.500000000008
8160.000000000007
7079.250000000006
7907.000000000008
5828.250000000006
7180.000000000007
3702.250000000004
6427.000000000004
3571.250000000003
6523.000000000007
5055.750000000005
6569.000000000007
8123.750000000008
6291.000000000006
9676.00000000001
6117.000000000007
10053.250000000011
6263.0000000000055
10289.00000000001
6641.000000000006
9260.75000000001
7025.000000000007
8747.500000000005
6875.000000000006
8956.50000000001
6075.000000000005
9257.250000000007
5225.000000000006
9637.75000000001
4713.000000000003
9711.50000000001
4723.0000000000055
10435.50000000001
4922.000000000003
11077.750000000011
4887.000000000005
10981.75000000001
4860.000000000006
10399.250000000011
5031.0000000000055
9703.50000000001
5087.0000000000055
9910.750000000011
5175.000000000004
10500.75000000001
5467.0000000000055
10749.500000000011
5706.000000000005
10420.50000000001
5738.000000000006
10339.250000000011
5715.0000000000055
10044.250000000007
5488.000000000006
9862.000000000011
4988.0000000000055
9922.750000000011
4515.000000000003
9784.250000000011
4309.000000000003
9606.75000000001
4453.000000000005
9282.500000000011
4697.000000000005
9113.500000000011
4601.000000000005
8814.00000000001
4450.000000000003
8257.500000000007
4275.000000000003
8224.000000000007
4243.000000000005
8353.75000000001
4698.000000000005
7950.250000000007
5430.0000000000055
7912.500000000008
6062.000000000006
7295.000000000006
6337.000000000006
6862.500000000006
6580.000000000004
6659.000000000007
6565.000000000006
5665.2500000000055
6065.0000000000055
5034.250000000005
5523.000000000006
5201.0000000000055
5095.000000000004
4274.000000000005
3724.000000000004
258.0000000000003
69.00000000000004
1088.7500000000007
0.0
432.75000000000045
0.0
2128.2500000000023
0.0
2060.000000000002
0.0
2262.000000000002
0.0
1766.0000000000016
0.0
2256.0000000000027
0.0
350.00000000000034
0.0