3080.500000000003
3629.000000000004
3355.5000000000036
4133.000000000005
3573.500000000004
3756.0000000000027
3605.000000000003
3879.0000000000023
3794.000000000004
3741.0000000000036
3940.0000000000045
3238.0000000000027
3889.5000000000036
3056.0000000000023
4088.5000000000045
3271.000000000003
4085.750000000004
3855.0000000000027
3672.2500000000036
4308.000000000005
3481.7500000000027
4744.000000000005
3582.750000000003
5911.000000000006
4249.000000000005
5634.0000000000055
4073.250000000003
4747.000000000003
4032.250000000004
4224.000000000002
4055.000000000004
4273.000000000004
4034.250000000004
4506.000000000005
3992.000000000004
4966.0000000000055
4356.000000000004
4195.0000000000055
4375.250000000004
3550.000000000004
4283.750000000004
3290.000000000003
4256.250000000005
3509.000000000004
4750.250000000005
4437.0000000000055
4885.7500000000055
4387.000000000004
4842.0000000000055
3389.000000000004
4926.500000000005
3307.000000000003
5353.7500000000055
3212.0000000000036
5744.5000000000055
3278.000000000003
5940.0000000000055
3373.0000000000036
7659.500000000007
3672.000000000004
8624.00000000001
4028.0000000000036
9840.50000000001
3802.000000000004
10263.25000000001
3540.0000000000023
10379.500000000011
3245.0000000000036
10825.500000000011
3008.000000000003
12406.750000000013
2971.0000000000036
13423.250000000016
3817.0000000000027
13778.750000000013
5658.0000000000055
14395.000000000016
7519.000000000008
15392.500000000016
8542.000000000011
15619.500000000016
9403.000000000005
16357.000000000016
11237.00000000001
17047.75000000002
12531.00000000001
16942.00000000002
13867.000000000011
17909.75000000002
14913.000000000013
18389.250000000022
16371.000000000016
18358.250000000022
17119.000000000015
18019.50000000002
17805.000000000015
17636.25000000002
18933.000000000015
17843.50000000002
20050.00000000002
18645.000000000015
20688.000000000025
19198.25000000002
20918.000000000022
19073.500000000022
20389.000000000022
19034.750000000022
19517.00000000002
19039.000000000022
18046.000000000022
19608.00000000002
16541.000000000015
20332.250000000022
14744.000000000007
21106.500000000025
12951.000000000011
21482.750000000022
12605.00000000001
21519.500000000025
13658.000000000018
21525.750000000022
13659.000000000015
21134.50000000002
12664.000000000011
21084.000000000022
10533.000000000013
21185.250000000022
8657.000000000005
20926.750000000022
6743.0000000000055
21188.00000000002
4092.0000000000045
22372.750000000025
2302.000000000002
23173.500000000022
1360.0000000000011
22897.500000000022
205.00000000000017
22391.00000000002
55.00000000000004
21824.50000000002
12.000000000000002
21106.250000000025
0.0
20035.00000000002
0.0
18944.50000000002
2.0000000000000004
17521.50000000002
52.000000000000064
15212.500000000016
190.00000000000017
11395.000000000011
379.00000000000017
7991.250000000009
558.0000000000006
6454.000000000008
752.0000000000005
6340.2500000000055
896.000000000001
7353.750000000008
846.0000000000006
7525.250000000007
730.0000000000005
6994.250000000006
532.0000000000003
5637.250000000004
457.0000000000004
4082.500000000004
822.0000000000009
2699.0000000000027
1376.0000000000014
1857.000000000002
1666.0000000000016
2072.5000000000023
1730.0000000000011
1981.2500000000023
1870.000000000002
1792.0000000000018
2124.0000000000014