23304.500000000025
27723.000000000025
26123.75000000003
27628.000000000036
28689.750000000033
25467.00000000003
28184.25000000003
24607.000000000022
27512.750000000033
24477.000000000015
27199.00000000003
24812.00000000003
27049.250000000025
24981.00000000002
27190.00000000003
25329.000000000025
27347.500000000025
26257.000000000022
27513.75000000003
26986.000000000033
27784.25000000003
27215.000000000033
27504.750000000025
27112.000000000033
27328.25000000003
27299.000000000036
27305.25000000003
27446.000000000033
27429.250000000022
27416.000000000015
27514.500000000025
27343.000000000025
27271.250000000033
27282.00000000003
27128.50000000003
27269.00000000002
26984.500000000025
27104.00000000003
26726.75000000002
24669.000000000022
25926.25000000003
23201.000000000025
24860.250000000025
23201.000000000025
24428.500000000025
22670.00000000002
24073.500000000025
23541.000000000022
24124.750000000025
26309.000000000025
24791.500000000025
26519.000000000025
25096.750000000033
26403.00000000003
24910.750000000033
26126.00000000002
24758.500000000025
26242.000000000033
24594.500000000025
26017.000000000025
24318.00000000003
25878.000000000033
24002.250000000022
24992.000000000022
23333.750000000025
24124.000000000033
22419.75000000002
23254.000000000022
21641.750000000022
23362.000000000015
21354.750000000022
23506.00000000002
21137.00000000002
23544.000000000015
20786.750000000025
23913.00000000003
20779.75000000002
23670.000000000025
20794.75000000002
23775.000000000015
20239.00000000002
23231.000000000025
19418.000000000022
21838.000000000025
19313.00000000002
20024.000000000025
20662.250000000022
19182.00000000002
20624.750000000022
19199.00000000002
20410.25000000002
19294.000000000022
20449.250000000022
19729.00000000002
20714.25000000002
20356.00000000002
21093.75000000002
20973.000000000022
21285.000000000022
21490.00000000002
21358.500000000022
22133.000000000025
21769.25000000002
22589.000000000022
22304.750000000022
23440.00000000003
22872.000000000025
23997.000000000022
23389.75000000002
24525.00000000002
23759.750000000025
24920.000000000025
23982.500000000022
25362.00000000002
24189.500000000022
25745.00000000002
24362.250000000025
26044.000000000033
24406.250000000025
26138.000000000025
24465.50000000003
26282.00000000003
24537.000000000025
26450.00000000003
24479.75000000003
26614.00000000002
24473.50000000003
26557.00000000003
24428.000000000022
26444.000000000025
24445.250000000022
26621.000000000022
24467.50000000003
26561.000000000022
24485.750000000022
26349.000000000033
24455.500000000022
26151.000000000036
24385.750000000025
25881.000000000025
24455.000000000022
25464.000000000033
24490.250000000022
25141.000000000025
24453.00000000003
24659.000000000025
24375.50000000003
24106.000000000022
24202.25000000003
23579.00000000002
24004.750000000022
23028.000000000022
23763.00000000002
22239.000000000015
23514.25000000003
21412.000000000022
23289.500000000025
20935.00000000002
22960.00000000003
20589.000000000022
22687.000000000022
20608.000000000022
22203.25000000002
20654.000000000015
21534.50000000002
20682.000000000022
20374.250000000022
20809.000000000025
19592.00000000002
20997.000000000022
19628.250000000025
21243.000000000022
19875.750000000022
21462.000000000015
20130.25000000002
21778.000000000022
20378.50000000002
22119.000000000015
20626.250000000022
22304.000000000022