27687.25000000003
27717.000000000022
27738.250000000033
27265.000000000033
27894.50000000003
26627.00000000002
28101.25000000003
26377.000000000022
28103.25000000003
26384.000000000025
28029.75000000003
26881.000000000015
27973.00000000003
26914.000000000025
27978.50000000003
26798.00000000002
28009.50000000003
26996.000000000033
27863.500000000033
27383.000000000022
27903.75000000003
27588.00000000002
27134.50000000003
25390.00000000003
26237.50000000003
24107.000000000015
26252.000000000025
24849.00000000003
26358.750000000022
24540.00000000002
26518.50000000003
24783.000000000025
26551.000000000025
25866.000000000025
26324.000000000022
26520.00000000003
26088.250000000025
26102.000000000025
25769.00000000003
25654.000000000025
25664.250000000025
25414.00000000001
25517.25000000003
25633.000000000033
25385.25000000003
25617.000000000022
24996.50000000003
25210.00000000002
24589.00000000002
25354.000000000022
24549.250000000022
25517.000000000025
24376.500000000022
25533.00000000002
23629.500000000025
25510.000000000022
22970.250000000022
25214.00000000002
22652.500000000022
25425.000000000025
22736.500000000022
25349.00000000002
23104.000000000022
25089.000000000025
23028.750000000022
25012.000000000025
22585.250000000025
24935.000000000025
22207.500000000025
24124.000000000033
21661.250000000025
23895.000000000033
21383.500000000022
24558.00000000003
20993.750000000022
25546.00000000002
20660.500000000022
25434.000000000015
20321.000000000022
25352.00000000001
20020.50000000002
25408.000000000022
20139.000000000022
25269.000000000015
20629.750000000022
24966.00000000002
20674.000000000022
24294.000000000025
19552.000000000022
23952.000000000022
19749.000000000022
24096.000000000015
19629.50000000002
24889.000000000033
19711.500000000022
25452.00000000003
19972.00000000002
25250.000000000033
20322.250000000022
24785.000000000025
20549.750000000022
24470.000000000022
20804.50000000002
24464.000000000025
21096.250000000022
24031.000000000022
21046.50000000002
23747.000000000025
20987.750000000025
23932.00000000002
20912.50000000002
24150.000000000022
20941.000000000022
23401.00000000002
20768.500000000022
23197.000000000015
20681.500000000022
24056.00000000002
20670.75000000002
24727.00000000003
20557.25000000002
25016.00000000003
20439.750000000022
24718.000000000022
20482.75000000002
24337.000000000022
20413.250000000022
23407.000000000015
20183.25000000002
23454.000000000015
20123.000000000022
24103.00000000002
19934.50000000002
23380.00000000003
19645.75000000002
23088.000000000022
19444.000000000022
23323.000000000025
19333.00000000002
23622.000000000022
19288.50000000002
24294.000000000025
19511.50000000002
24564.000000000022
19563.75000000002
24502.000000000022
19697.250000000022
24034.000000000025
19837.00000000002
23725.00000000001
19846.75000000002
23200.00000000002
19908.75000000002
23378.000000000022
20489.25000000002
23002.00000000002
20935.000000000022
22939.000000000022
21207.000000000022
23747.000000000025
21568.500000000022
24187.00000000003
21867.000000000022
23841.000000000025
22203.250000000022
23269.000000000022
22579.250000000022
23238.000000000015
22818.25000000003
22970.000000000025
22902.000000000025
22774.000000000022
22950.500000000022
22367.000000000022
22958.000000000025
21673.000000000022
23081.500000000025
21297.000000000025
22819.250000000025
21705.000000000022