6173.2500000000055
5723.0000000000055
6056.000000000005
5899.000000000005
6029.500000000005
5782.000000000005
6114.750000000005
5800.000000000005
6138.750000000006
5956.0000000000055
6019.2500000000055
6089.000000000006
5988.0000000000055
5675.000000000006
6267.000000000006
5609.0000000000055
6258.000000000006
5698.000000000006
6207.750000000005
5566.0000000000055
6261.0000000000055
5834.000000000006
6312.750000000007
6111.0000000000055
6414.2500000000055
5636.000000000006
6514.250000000006
5502.0000000000055
6497.250000000006
5662.0000000000055
6484.250000000006
5647.0000000000055
6567.5000000000055
5843.000000000003
6480.500000000006
5827.000000000003
6609.750000000007
5729.000000000005
6724.000000000006
5497.000000000005
6722.750000000007
5254.0000000000055
6626.750000000006
5481.0000000000055
6712.5000000000055
5754.0000000000055
6556.000000000008
5667.000000000006
6550.000000000006
5672.0000000000055
6582.2500000000055
5702.0000000000055
6763.750000000006
5770.000000000006
7097.000000000008
6007.000000000006
7152.250000000006
5702.0000000000055
6844.000000000006
5524.000000000006
6871.500000000007
5822.000000000006
9292.250000000011
6277.000000000008
10797.25000000001
6423.0000000000055
11546.250000000013
6596.000000000006
12337.000000000011
6239.000000000007
13151.000000000011
6416.000000000006
13996.750000000015
6470.000000000006
14886.750000000015
6522.0000000000055
15825.000000000018
6620.000000000007
16689.750000000015
6554.000000000005
17460.500000000015
6377.0000000000055
18328.75000000002
6536.000000000007
19195.500000000022
6662.000000000006
19790.500000000022
6581.000000000006
20363.250000000022
6690.000000000008
20826.750000000022
6716.000000000008
21216.250000000022
6796.0000000000055
21537.250000000022
7147.000000000007
21780.500000000022
7545.000000000006
21908.500000000025
8144.00000000001
21764.000000000022
8366.00000000001
21862.250000000022
8491.000000000007
21723.00000000002
8759.000000000007
21737.500000000022
9184.000000000007
21994.750000000025
9777.000000000011
21981.000000000022
10244.000000000007
21690.750000000022
10150.000000000013
21480.500000000022
9974.000000000005
21355.500000000022
8798.000000000011
21688.250000000022
8898.00000000001
22167.750000000022
8753.00000000001
22603.250000000025
8516.00000000001
22849.500000000022
7767.000000000008
22810.000000000022
6838.000000000008
22226.750000000022
5733.000000000006
21326.750000000022
5465.0000000000055
20727.50000000002
5703.0000000000055
19955.250000000015
5907.000000000005
19148.00000000002
5760.000000000006
18201.250000000015
5831.000000000005
17256.75000000002
6141.0000000000055
16278.750000000018
6012.000000000002
15279.750000000015
6123.000000000006
14297.250000000011
5957.000000000003
12390.000000000013
5701.0000000000055
9185.50000000001
6025.000000000006
6657.250000000007
5998.000000000005
6294.000000000007
5750.000000000005
6481.750000000007
5974.0000000000055
6539.500000000007
6165.000000000006
6675.500000000007
6349.000000000005
6693.000000000006
6313.000000000004
6732.750000000007
6129.000000000006
6717.250000000007
5941.000000000006
6686.250000000006
6083.000000000006
6617.750000000005
6249.000000000006
6599.000000000006
6160.000000000007
6559.250000000006
6066.000000000006
6487.500000000006
6077.000000000004
6415.5000000000055
6056.000000000007