7854.750000000008
21083.000000000022
7929.750000000007
21184.000000000022
8048.250000000008
20923.000000000025
7985.250000000008
20446.000000000025
7899.750000000007
20318.000000000022
7857.000000000007
20844.00000000002
8210.000000000007
21855.000000000022
8555.50000000001
22922.000000000025
8795.25000000001
23614.00000000003
9173.75000000001
23621.000000000015
9393.750000000011
22784.000000000022
9468.250000000011
21144.000000000022
9204.50000000001
18699.00000000001
8644.75000000001
16025.000000000018
8091.250000000008
13551.00000000001
7552.750000000008
11595.000000000011
7113.750000000007
10087.00000000001
6908.250000000006
9147.000000000007
6875.2500000000055
9983.000000000011
7206.0000000000055
11756.000000000007
7924.250000000008
11944.000000000005
8627.75000000001
11976.000000000011
9047.50000000001
12965.000000000015
9118.50000000001
13182.000000000015
9212.25000000001
13666.000000000015
9293.50000000001
13775.000000000011
9740.50000000001
14064.000000000011
9822.000000000011
14697.000000000016
10364.750000000011
15092.000000000016
10901.000000000013
15035.000000000013
11039.000000000011
15098.000000000016
12784.250000000013
15171.000000000013
14712.750000000016
15229.000000000016
15199.000000000013
15094.000000000016
16444.750000000015
14835.000000000016
18092.25000000002
14107.000000000016
19837.750000000022
13697.000000000016
20636.00000000002
13867.000000000011
21153.000000000022
14551.000000000016
21546.500000000022
15016.000000000016
21916.250000000022
15483.000000000016
22501.000000000022
15877.000000000016
22620.500000000022
16101.000000000016
22704.750000000022
16243.000000000016
23031.500000000022
16051.000000000015
23178.750000000025
15463.000000000016
23247.750000000025
15284.000000000015
23562.000000000025
16493.000000000022
23762.500000000025
16904.000000000022
24013.250000000025
15565.000000000018
23898.50000000003
15218.000000000016
23655.000000000022
15229.000000000018
23461.500000000022
14844.000000000015
23006.00000000003
16761.00000000002
23301.750000000025
18684.00000000001
23617.750000000025
16252.000000000016
23786.250000000022
15147.000000000015
24037.250000000022
15572.000000000016
24035.50000000003
15773.000000000018
23973.500000000022
16317.000000000016
23564.00000000003
16522.00000000001
23345.000000000022
16346.000000000016
23037.000000000025
15763.000000000016
22591.750000000022
14787.000000000013
22143.750000000025
14243.000000000013
21778.000000000025
14230.000000000016
21433.500000000022
14088.000000000016
21278.250000000022
14075.000000000013
20847.250000000022
14363.000000000016
20581.750000000022
14445.000000000011
20073.250000000022
14339.000000000011
19698.50000000002
14033.000000000011
19316.75000000002
13395.000000000011
19198.500000000022
13196.000000000011
19273.000000000022
13478.000000000007
19120.25000000002
13233.000000000015
19186.750000000022
12435.000000000011
18961.50000000002
11174.000000000013
18535.00000000002
9829.000000000005
18076.750000000015
8784.00000000001
17728.25000000002
8605.000000000007
17297.500000000015
8759.000000000007
16597.75000000002
8647.00000000001
15928.750000000016
8275.000000000005
15077.500000000016
7679.000000000008
14345.500000000015
7243.000000000006
12989.000000000013
7106.000000000006
10779.750000000011
7297.000000000008
9752.500000000011
7583.000000000009
10097.000000000011
7807.000000000008