26876.00000000003
21511.000000000022
27075.25000000003
21618.000000000025
27204.75000000003
21689.000000000022
27267.50000000003
21758.00000000002
27233.500000000033
21787.000000000025
27143.00000000003
21814.000000000022
26746.500000000025
21871.000000000022
25892.000000000033
21779.000000000022
25334.250000000025
21507.000000000022
24929.000000000025
21138.000000000022
24780.00000000003
20728.000000000022
24933.25000000003
19105.000000000022
25142.00000000003
16735.00000000001
25331.250000000022
16103.000000000018
25743.250000000033
15864.000000000018
25966.00000000003
15887.000000000016
26269.250000000022
15886.000000000016
26554.75000000003
16374.000000000018
26859.75000000003
18363.000000000022
27117.500000000033
19851.000000000025
27180.500000000025
20030.000000000015
27134.750000000025
20064.000000000022
27077.75000000003
20640.000000000015
26770.250000000033
20978.000000000022
26429.25000000003
21046.000000000022
26341.500000000025
21243.000000000022
26480.00000000002
21140.000000000022
26823.50000000003
21245.00000000002
26594.75000000003
21470.000000000022
26271.250000000022
21286.00000000002
26179.750000000022
21319.000000000022
26378.000000000033
21500.000000000025
26678.250000000025
21485.000000000025
26640.250000000025
21591.000000000025
26512.00000000003
21574.00000000002
26326.25000000003
21621.00000000002
26212.000000000033
21723.000000000022
26118.75000000003
21763.000000000022
25828.250000000022
21668.000000000025
25527.50000000003
21839.000000000025
25610.500000000025
21705.000000000022
25464.000000000025
21761.000000000025
25454.000000000025
22059.000000000025
25064.500000000025
22098.000000000025
24788.250000000022
22260.000000000025
25071.00000000003
22393.000000000022
24905.750000000022
22621.000000000025
24712.250000000025
22977.000000000025
24451.250000000025
23160.00000000002
24435.250000000025
23260.00000000002
24638.50000000002
23336.000000000025
24957.000000000022
23297.00000000001
25179.000000000025
23107.00000000003
25355.50000000003
22881.000000000025
25624.25000000003
22643.000000000025
25803.250000000022
22436.000000000025
25882.750000000025
22235.000000000022
26131.250000000025
22032.00000000002
26308.00000000003
21815.000000000025
26298.250000000025
21664.000000000025
26290.000000000022
21598.000000000022
26300.00000000003
21488.000000000025
26336.250000000025
21320.000000000022
26318.250000000022
21196.000000000022
26333.250000000022
21123.000000000022
26391.750000000033
21060.00000000001
26389.000000000025
21087.00000000002
26372.750000000025
20986.000000000022
26297.000000000025
20923.000000000022
26215.500000000025
20853.000000000015
26252.500000000033
20790.000000000022
26262.75000000003
20676.00000000002
26326.25000000003
20689.000000000022
26309.500000000033
20686.000000000025
26258.50000000003
20654.000000000015
26219.25000000003
20682.000000000022
26153.500000000025
20744.000000000022
26041.250000000036
20809.000000000025
25972.50000000003
20860.000000000022
25788.000000000025
20970.000000000025
25607.000000000025
20998.000000000022
25553.500000000033
21069.000000000025
25493.500000000025
21180.000000000025
25360.50000000003
21089.000000000025
25359.000000000025
21183.000000000022
25330.500000000022
21169.000000000022
25294.750000000025
21115.000000000022
25176.50000000003
21102.000000000022
24982.000000000025
21010.000000000025
24768.750000000022
20898.000000000015