9372.000000000011
8317.000000000007
8665.75000000001
7685.000000000006
8435.75000000001
8010.00000000001
9189.00000000001
8736.000000000007
9807.75000000001
9468.000000000011
10961.750000000011
9593.000000000011
12874.500000000013
9624.000000000005
13798.750000000015
9662.000000000005
15585.500000000015
9464.000000000005
16922.250000000015
9690.00000000001
17652.50000000002
9759.00000000001
18357.500000000015
9924.000000000007
18306.000000000022
9736.00000000001
17318.25000000002
9311.000000000005
17806.250000000015
8714.000000000011
18283.000000000015
8273.00000000001
18546.000000000015
7866.000000000009
19065.00000000002
7443.000000000007
18789.75000000002
7935.000000000008
18715.75000000002
10015.000000000007
18753.00000000002
16403.000000000015
18572.750000000015
20376.00000000002
18653.750000000022
22070.000000000022
18825.75000000002
22996.000000000022
19502.500000000022
23599.00000000003
20073.00000000002
24042.00000000001
21631.000000000025
24664.00000000002
22928.500000000022
23420.000000000025
23328.000000000025
18650.00000000002
22989.500000000025
22248.000000000025
22252.250000000025
20535.000000000022
21631.750000000025
20164.00000000002
20748.25000000002
18874.00000000002
19154.500000000022
17781.00000000002
19267.000000000015
17016.000000000007
18539.75000000002
16547.00000000002
17391.50000000002
15917.000000000016
17256.25000000002
14292.000000000016
16630.00000000002
13196.000000000011
15662.250000000018
12493.000000000015
14687.750000000015
11463.000000000013
14158.250000000015
10766.000000000011
14835.250000000015
10209.00000000001
16366.000000000015
8655.000000000005
17395.00000000002
8047.000000000009
18444.50000000002
9408.000000000013
19440.500000000022
10239.00000000001
20332.500000000022
10548.000000000007
21125.000000000022
9049.000000000011
21492.000000000025
7243.000000000006
21696.250000000025
4981.000000000004
21221.500000000022
4229.000000000003
21326.500000000022
4212.000000000004
21578.000000000022
4086.000000000004
21763.750000000022
3938.000000000004
21498.00000000002
3984.0000000000036
21513.000000000025
4106.000000000005
21683.500000000022
4410.000000000004
21634.00000000002
4438.000000000003
21354.000000000022
4207.000000000005
21423.25000000002
4037.000000000004
21506.250000000022
3851.000000000005
21449.500000000022
3785.000000000004
21447.000000000022
3636.0000000000045
21253.750000000022
3488.000000000004
21150.00000000002
3504.000000000004
21098.250000000022
3408.000000000004
21183.500000000022
3632.0000000000036
21089.750000000025
4259.000000000005
20760.000000000022
4454.0000000000055
20372.750000000022
4372.000000000002
19803.000000000025
4865.000000000003
19160.50000000002
3849.0000000000036
18317.50000000002
3040.0000000000027
17394.500000000015
3734.000000000003
16682.50000000002
4333.000000000004
16336.25000000002
3188.000000000004
15744.000000000015
2196.0000000000023
15208.250000000016
1972.0000000000018
14744.250000000015
1921.000000000001
13805.500000000013
1899.000000000002
12377.250000000011
1664.000000000001
10863.250000000011
1684.0000000000016
8526.50000000001
1616.0000000000016
7945.00000000001
1508.0000000000014
7681.000000000006
1438.0000000000016
7258.250000000007
1363.0000000000016
6745.250000000007
1311.0000000000016
6284.000000000006
1216.0000000000014
5973.750000000006
1137.0000000000011