5457.000000000005
5821.0000000000055
5124.5000000000055
3771.000000000004
4881.750000000006
3618.000000000004
4841.500000000005
3841.0000000000045
4868.5000000000055
4025.000000000004
4736.0000000000055
3631.0000000000036
4720.250000000005
3326.0000000000036
4704.000000000004
3231.000000000004
4756.500000000005
3438.000000000003
4729.500000000004
3447.0000000000036
4647.500000000005
3307.000000000004
4592.500000000005
3304.0000000000023
4773.250000000005
3899.000000000004
4996.0000000000055
4206.000000000003
5068.2500000000055
4418.000000000002
5238.500000000005
4607.000000000005
5329.000000000004
4654.000000000002
5446.750000000006
4647.000000000005
5587.500000000006
4437.000000000005
5724.250000000005
4290.000000000003
5823.000000000005
4238.000000000004
5810.0000000000055
3921.0000000000036
6215.250000000006
3669.0000000000036
6982.500000000006
3414.000000000003
7483.500000000007
3069.000000000002
7855.500000000008
2904.0000000000023
9004.50000000001
2820.0000000000027
10588.250000000011
2717.000000000002
11234.500000000011
2678.0000000000027
13039.750000000015
2668.0000000000027
14612.250000000016
2665.0000000000027
15642.500000000016
2793.000000000003
16045.250000000015
3027.000000000002
15823.500000000015
3145.000000000002
15791.750000000016
3085.000000000004
16084.250000000018
3033.0000000000036
16244.500000000016
3142.000000000003
16187.250000000015
3204.0000000000027
16071.000000000016
3039.000000000003
15813.750000000013
2913.000000000002
15847.750000000015
2924.000000000002
15788.000000000013
3369.0000000000036
15866.750000000016
4092.0000000000045
15774.000000000015
4118.000000000005
15723.500000000013
3952.0000000000045
15928.000000000015
3644.000000000004
16107.500000000016
3201.0000000000045
16048.000000000018
3173.0000000000027
16032.500000000016
3177.0000000000027
15783.500000000013
3143.0000000000027
15485.000000000015
3068.0000000000023
15193.000000000013
3074.0000000000027
14967.750000000016
3110.0000000000023
14671.000000000011
3122.000000000004
14175.750000000016
3140.0000000000023
13758.250000000016
3209.0000000000023
13265.000000000013
3197.0000000000023
13126.000000000013
3144.0000000000023
13099.500000000013
3115.000000000003
13049.750000000013
3201.0000000000023
13124.750000000013
3271.000000000002
13299.500000000015
3399.0000000000023
13416.500000000015
3304.0000000000023
13340.000000000011
3283.000000000004
13021.750000000011
3287.0000000000036
12850.00000000001
3437.0000000000023
12756.00000000001
3213.0000000000036
12568.000000000013
3112.0000000000027
12395.000000000011
3144.0000000000023
11881.500000000013
3259.000000000004
11242.500000000013
3329.000000000004
10534.500000000011
3253.0000000000027
9358.750000000007
3377.000000000004
7992.750000000008
3378.000000000003
6316.250000000006
3148.0000000000023
4794.500000000005
3204.0000000000027
3785.000000000004
3357.0000000000023
3496.2500000000036
3273.000000000004
3404.250000000004
3177.0000000000027
3196.0000000000036
3242.0000000000027
2810.5000000000027
3139.0000000000027
2660.5000000000023
2978.000000000003
2636.7500000000027
2923.0000000000023
2748.5000000000027
3015.0000000000027
2874.750000000003
3162.0000000000027
2801.000000000003
3248.000000000002
2778.000000000003
3168.000000000004
2833.7500000000023
3125.0000000000023
2747.500000000003
3115.000000000003
2720.750000000003
3180.000000000003