24531.25000000003
24363.00000000001
24570.250000000022
24289.000000000015
24624.500000000025
24331.00000000003
24671.000000000022
24449.000000000022
24693.500000000025
24517.000000000022
24769.000000000025
24101.00000000002
24733.750000000025
21660.000000000015
24093.500000000022
19173.000000000022
23407.750000000022
17918.00000000002
22720.500000000025
17058.000000000015
22145.00000000002
16692.000000000015
22384.250000000022
18706.000000000015
23049.000000000022
22506.000000000022
24141.750000000025
24253.00000000002
24727.250000000025
24433.00000000002
24622.250000000025
24461.000000000025
24719.50000000003
24525.00000000002
24764.000000000025
24667.000000000033
24891.00000000003
24477.000000000015
24723.75000000003
24398.000000000015
24569.000000000025
24361.00000000003
24629.750000000022
24318.00000000001
24663.000000000025
24885.000000000022
24755.75000000003
24577.00000000001
24487.000000000022
23676.00000000003
24108.25000000003
23460.000000000025
23999.00000000003
23836.000000000025
24241.25000000003
24521.000000000033
24374.25000000003
24244.00000000003
24406.500000000025
24191.00000000002
24222.000000000022
24145.000000000025
23846.750000000025
24250.000000000025
23565.250000000022
24436.000000000033
23240.000000000025
24251.00000000002
22909.750000000025
23870.000000000036
22427.250000000025
23698.000000000015
21863.75000000003
23770.00000000001
21644.75000000002
23624.00000000003
21465.000000000022
23485.000000000022
20732.250000000022
23456.000000000015
19638.250000000022
23318.00000000003
19163.75000000002
22997.000000000022
18918.250000000022
22611.000000000022
19000.000000000015
22290.000000000022
18357.00000000002
22184.000000000025
18377.00000000002
22021.000000000022
18936.50000000002
21889.000000000015
18789.500000000015
21818.000000000022
18497.00000000002
21702.000000000025
18429.75000000002
21645.000000000015
18495.750000000022
21614.000000000022
18419.500000000022
21505.000000000022
18346.25000000002
21592.000000000022
18801.50000000002
21682.00000000002
19496.00000000002
21681.000000000025
19955.500000000022
21700.000000000025
20373.500000000022
21660.000000000015
20576.00000000002
21566.000000000022
20823.000000000022
21596.000000000025
20967.50000000002
21738.000000000025
21077.250000000022
21761.000000000022
21281.750000000022
21790.00000000002
21407.250000000025
21806.000000000025
21541.250000000022
21852.000000000022
21593.750000000022
21876.000000000022
21674.00000000002
21881.000000000022
21723.75000000002
21940.000000000022
21763.750000000022
21987.00000000002
21722.500000000022
21995.000000000022
21693.500000000022
22130.000000000022
21673.250000000022
22149.000000000025
21610.000000000022
21961.000000000022
21539.250000000022
21955.000000000022
21482.750000000025
21972.000000000025
21366.250000000025
22000.000000000025
21446.000000000025
22003.000000000022
21576.000000000022
21768.000000000025
21626.750000000022
21643.000000000025
21206.25000000002
21597.000000000022
20905.00000000002
21451.000000000022
20851.250000000022
21359.000000000022
20867.000000000025
21378.000000000025
20614.500000000022
21322.000000000022
20329.750000000022
21217.000000000022
19968.50000000002
21287.000000000025
19753.50000000002
21412.000000000022
19693.50000000002
21340.000000000015
19631.000000000022
21206.000000000022
19586.50000000002
21127.000000000015
19605.500000000022
21163.00000000002