5468.0000000000055
6371.000000000005
5525.2500000000055
6051.000000000005
5607.0000000000055
5559.000000000006
5271.750000000005
5291.000000000005
5149.000000000005
5214.0000000000055
5235.2500000000055
5247.0000000000055
5460.7500000000055
5102.0000000000055
5593.2500000000055
4840.000000000004
5654.500000000005
4612.0000000000055
5710.2500000000055
4447.0000000000055
5697.250000000005
4393.000000000003
5814.2500000000055
5071.0000000000055
5835.0000000000055
5584.0000000000055
5857.750000000006
5711.0000000000055
5818.750000000006
5636.000000000006
5710.2500000000055
5188.000000000005
5853.500000000007
4815.000000000005
6008.750000000006
4487.000000000005
6159.000000000006
4388.000000000005
6237.000000000006
4337.000000000004
6317.750000000006
4397.000000000003
6804.7500000000055
4527.000000000004
10760.750000000011
4450.000000000003
14203.000000000015
4308.000000000005
15577.500000000016
4133.000000000005
16025.500000000015
4003.000000000005
17439.00000000002
4018.000000000004
18037.250000000022
4058.0000000000036
18860.000000000022
4256.000000000003
19313.50000000002
4518.000000000003
20137.00000000002
4738.0000000000055
20979.750000000022
4838.000000000005
21622.750000000022
4993.0000000000055
21754.750000000025
4961.0000000000055
21852.500000000022
5389.0000000000055
22224.250000000022
6671.000000000008
21830.750000000022
8217.000000000007
21321.250000000022
9683.00000000001
20957.500000000022
11139.000000000011
21084.000000000022
12813.000000000015
21652.75000000002
14046.000000000015
22451.250000000022
14933.000000000011
23236.250000000022
15107.000000000016
23845.500000000022
14962.000000000016
23976.750000000022
15037.000000000018
23943.250000000025
15265.000000000016
23782.500000000025
14681.000000000016
23184.500000000025
14667.000000000007
22530.750000000025
14874.000000000015
21830.250000000022
15004.000000000013
21511.750000000022
15911.000000000018
22076.250000000022
16085.000000000018
22413.750000000025
16135.00000000002
22345.000000000025
16330.000000000016
22229.000000000025
16399.00000000001
22533.250000000025
16283.000000000018
22200.250000000022
15841.000000000016
21088.250000000022
15592.000000000015
20309.750000000022
15241.000000000018
20127.500000000015
14327.000000000018
20795.25000000002
13170.00000000001
21344.750000000022
11778.000000000011
21686.500000000025
10421.000000000013
21944.750000000025
8683.000000000007
21970.250000000025
7089.000000000008
21951.00000000002
5617.000000000006
21661.500000000022
4753.000000000006
21184.500000000022
4644.000000000003
20769.000000000022
4577.000000000004
20410.75000000002
4519.0000000000055
19807.00000000002
4503.000000000003
19259.250000000022
4518.000000000003
19148.00000000002
4584.0000000000055
19080.000000000022
4614.000000000003
18907.25000000002
4556.000000000005
18442.75000000002
4491.000000000005
17784.25000000002
4480.000000000003
16953.00000000002
4512.000000000004
15770.500000000016
4567.000000000005
13999.750000000016
4652.000000000003
12021.750000000013
4695.000000000004
10886.000000000013
4747.000000000003
10912.75000000001
4763.0000000000055
10280.500000000011
4785.000000000003
8857.25000000001
4917.0000000000055
7484.000000000007
5111.000000000006
6793.500000000006
5225.000000000006
7126.000000000006
5258.0000000000055
7408.500000000007
5174.0000000000055
7552.000000000007
5007.0000000000055