12855.000000000013
10462.000000000011
12729.250000000015
11902.000000000011
12728.250000000015
11719.000000000011
12630.000000000015
11185.000000000011
12560.500000000011
10416.000000000011
13022.750000000015
11711.000000000007
13014.250000000015
13885.000000000015
12758.250000000015
14418.000000000015
12498.250000000015
13916.00000000001
12751.500000000015
14067.000000000018
12652.000000000013
13975.000000000015
12734.500000000015
14644.000000000015
12526.000000000015
14342.000000000018
12578.500000000011
13279.000000000013
12676.000000000011
13277.00000000001
12307.500000000013
14141.000000000011
11311.250000000011
14449.00000000001
10858.250000000011
12446.000000000013
11706.750000000013
12184.000000000007
12317.50000000001
13123.00000000001
12095.250000000011
12990.000000000015
12092.750000000015
13569.000000000016
11872.500000000013
14050.000000000016
12267.75000000001
15796.000000000016
12482.500000000013
17556.00000000001
13593.250000000015
16692.000000000015
15128.250000000016
16308.000000000018
12886.250000000013
16934.000000000022
12657.250000000013
16116.000000000022
13640.500000000016
14492.000000000015
14560.500000000015
14830.00000000001
14864.250000000015
14127.000000000015
15136.750000000016
13352.00000000001
15805.500000000016
11446.000000000013
15369.750000000016
10728.000000000013
14659.000000000015
11190.000000000011
14690.000000000016
10309.000000000011
15323.250000000018
10583.000000000011
16460.00000000002
10571.000000000007
16704.250000000015
10592.000000000013
16990.75000000002
9638.00000000001
17691.75000000002
8585.00000000001
18363.00000000002
13244.000000000015
18051.75000000002
17420.000000000022
19431.25000000002
18393.00000000001
20662.250000000025
16933.00000000001
20137.500000000022
16409.00000000002
20743.50000000002
16545.00000000002
19601.000000000022
16763.00000000001
18653.250000000022
19530.000000000022
19159.25000000002
20036.00000000002
18280.75000000002
19512.000000000015
17287.000000000015
19273.000000000022
18855.50000000002
18227.000000000022
18424.75000000002
19088.000000000022
17685.500000000015
17799.00000000001
18170.75000000002
15812.000000000016
18814.750000000015
17909.000000000022
18104.25000000002
17524.00000000001
18207.25000000002
15953.000000000015
18400.75000000002
12962.000000000013
18049.25000000002
13221.000000000013
17931.500000000015
12776.000000000013
17617.25000000002
14487.000000000013
17944.75000000002
13981.000000000016
18169.25000000002
14442.000000000016
17837.75000000002
15046.000000000015
17208.750000000015
14236.00000000001
16881.25000000002
14407.000000000016
16959.75000000002
15162.000000000016
17651.50000000002
14113.000000000015
17109.75000000002
14732.000000000015
17220.500000000015
15079.000000000016
17711.750000000022
14652.000000000016
19172.00000000002
15738.00000000002
19458.00000000002
17766.00000000002
19383.750000000022
17782.00000000002
19361.25000000002
15201.000000000016
19733.75000000002
14478.000000000015
19856.000000000022
14160.00000000001
18814.00000000002
13948.000000000015
18403.25000000002
14999.000000000015
17593.25000000002
15486.000000000018
17457.50000000002
16637.000000000007
17490.75000000002
16727.000000000022
17753.75000000002
16813.000000000022
18228.250000000015
16281.000000000018
17466.00000000002
17924.000000000022
17202.250000000015
17871.000000000022
16451.75000000002
15929.000000000015