192.0000000000002
205.00000000000017
15366.750000000015
15844.000000000016
20610.75000000002
21101.000000000022
20272.750000000022
20670.000000000015
20465.25000000002
20570.00000000002
20826.250000000022
20380.000000000015
20832.25000000002
19963.00000000001
20677.500000000022
19604.000000000015
20546.000000000022
20303.000000000022
20343.750000000022
22283.000000000022
20369.500000000022
23682.000000000022
21213.750000000022
24254.00000000003
21640.25000000002
24170.000000000022
21806.750000000022
24065.000000000025
21890.500000000022
23543.000000000022
21706.75000000002
23158.000000000022
21399.000000000022
22611.000000000022
21294.000000000022
22489.000000000022
21214.250000000022
22682.000000000025
21171.250000000022
23100.000000000025
21492.250000000022
23347.000000000015
21604.500000000015
23507.00000000003
21435.500000000022
23637.000000000022
21116.50000000002
23844.00000000002
20804.25000000002
23952.000000000022
20344.250000000022
23754.000000000025
19811.000000000022
23170.000000000022
19169.00000000002
22395.000000000022
18515.000000000022
21699.000000000022
18099.00000000002
21695.000000000025
18002.750000000022
21576.000000000025
18086.250000000022
22834.000000000025
18169.000000000022
23623.000000000015
17920.500000000015
24328.00000000002
17316.000000000022
25073.00000000002
16799.500000000015
25192.000000000015
16460.00000000002
23760.000000000015
17206.750000000022
22705.000000000022
17808.50000000002
22835.000000000025
18964.250000000022
23223.00000000003
19250.250000000022
23108.000000000025
19598.50000000002
22371.00000000002
19761.25000000002
21455.000000000025
20441.000000000022
20053.000000000022
20696.500000000022
19056.000000000015
21143.250000000022
18355.000000000015
21451.750000000022
18133.00000000001
21341.75000000002
18194.00000000002
21340.250000000022
17821.000000000015
21378.750000000022
17426.000000000015
21121.000000000022
18613.000000000015
21019.00000000002
20096.000000000022
20972.500000000022
20789.000000000022
20712.000000000022
20857.000000000022
20767.250000000025
21508.000000000015
20872.250000000022
20801.000000000025
20673.250000000015
20089.000000000022
20711.25000000002
20363.000000000022
20806.000000000022
21352.000000000022
20974.500000000022
19763.00000000002
20773.000000000022
13480.000000000007
20519.50000000002
12031.000000000007
20231.250000000022
12536.000000000013
19978.000000000022
12601.000000000011
19947.000000000022
12959.000000000013
19987.75000000002
13861.000000000013
20071.750000000025
14542.000000000013
20076.750000000022
15001.000000000016
20082.75000000002
15597.000000000018
20094.50000000002
16251.000000000022
20239.250000000022
17219.00000000001
20384.750000000022
18247.000000000015
20374.750000000015
18590.00000000002
20445.00000000002
18199.00000000002
20689.000000000025
17350.000000000015
20507.500000000022
16185.000000000018
19943.500000000022
14272.000000000016
19639.75000000002
13328.000000000013
18467.750000000022
14176.00000000001
17655.75000000002
14476.000000000011
17468.750000000015
15162.000000000016
17110.00000000002
16098.000000000013
16538.50000000002
17226.000000000015
15867.750000000016
18194.00000000001
15281.000000000016
19295.000000000022
14455.000000000016
20388.000000000025
13394.000000000015
20772.000000000022
12379.750000000011
20376.000000000025
9050.00000000001
16545.000000000007
337.0000000000003
1016.0000000000013