10320.750000000013
6589.000000000008
10682.25000000001
6677.000000000007
9696.500000000011
6606.0000000000055
9187.250000000007
6546.000000000007
9207.000000000011
6278.0000000000055
9774.00000000001
6154.000000000006
10091.00000000001
6175.000000000006
8799.25000000001
5923.000000000005
8337.000000000007
6328.000000000008
8246.00000000001
7229.000000000007
8281.750000000007
7572.000000000008
9180.50000000001
7788.000000000009
9836.50000000001
7804.000000000009
10345.00000000001
7674.000000000007
10562.250000000011
7937.000000000008
10200.750000000011
8202.000000000007
9121.75000000001
7972.000000000007
8863.75000000001
7640.000000000008
9390.500000000007
7812.000000000007
10436.750000000011
7804.000000000009
10849.500000000013
7601.000000000008
10887.250000000013
6942.000000000007
10897.000000000011
7155.000000000007
11317.750000000013
7833.000000000007
11586.000000000013
8279.000000000004
11663.750000000011
7938.00000000001
11945.250000000013
6893.000000000006
12332.000000000013
6846.000000000004
12780.500000000013
6701.000000000008
12761.750000000011
6529.0000000000055
12036.750000000013
6395.000000000005
12818.250000000011
5912.0000000000055
15949.250000000016
6297.000000000007
18204.250000000022
7254.000000000008
20532.750000000022
10386.000000000011
22159.750000000022
12929.000000000013
23479.750000000022
13578.000000000015
23932.750000000025
13836.000000000011
24165.250000000025
13484.000000000015
24566.250000000025
13357.000000000016
24882.00000000003
14212.000000000013
25036.250000000022
14408.000000000016
25313.50000000003
14110.000000000011
25194.500000000025
14087.000000000013
25234.000000000022
13745.000000000011
25252.25000000003
12517.000000000013
25176.75000000003
11979.000000000015
25057.500000000025
12273.000000000015
25065.75000000003
12235.000000000005
24949.50000000002
12652.00000000001
25063.000000000022
12443.000000000007
25625.750000000025
11846.00000000001
26119.50000000003
12201.000000000013
26696.500000000025
12621.00000000001
27097.25000000003
10934.000000000011
26743.250000000025
8100.000000000009
25905.25000000003
5853.000000000005
25514.250000000025
5288.0000000000055
25799.250000000025
5505.000000000005
25987.750000000025
6193.000000000007
25905.750000000025
6714.000000000005
25499.000000000025
7782.000000000009
25272.500000000022
7745.000000000009
25076.75000000003
6740.000000000006
24872.000000000025
6333.000000000005
24756.750000000022
5936.0000000000055
24359.000000000025
5153.000000000005
23701.750000000025
4691.000000000004
23358.750000000025
3973.000000000005
23004.750000000022
3474.0000000000027
23119.750000000025
4174.000000000004
22952.750000000022
5275.0000000000055
22032.250000000022
5064.0000000000055
21358.00000000002
4436.000000000004
20480.750000000022
4147.000000000004
19486.25000000002
4128.000000000004
18408.500000000015
4294.000000000003
16762.00000000002
4126.000000000003
14560.250000000013
4160.000000000003
11271.50000000001
4265.000000000004
9574.00000000001
4069.0000000000036
9139.750000000007
3904.000000000004
8999.75000000001
4326.000000000004
8337.75000000001
4703.000000000004
7742.250000000007
5347.000000000005
7748.500000000007
5054.0000000000055
7843.750000000008
4192.000000000004
7906.000000000008
3971.000000000004
8035.250000000007
3688.000000000004
8191.500000000007
4821.000000000004