6607.750000000008
9383.000000000007
6559.250000000007
9331.000000000011
6523.500000000006
9272.00000000001
6486.250000000007
9240.000000000011
6751.250000000008
9246.000000000007
8166.000000000007
9224.000000000011
8846.00000000001
9218.00000000001
9065.75000000001
9103.000000000011
9357.75000000001
11409.000000000013
9788.50000000001
16908.000000000015
10548.000000000011
17317.000000000015
11593.750000000011
16985.000000000015
13170.000000000013
16999.000000000015
14326.500000000013
16810.000000000022
15311.500000000015
17241.000000000015
16254.750000000015
19335.00000000002
17081.00000000002
21647.000000000025
17798.250000000015
21757.000000000025
18513.500000000015
21695.000000000022
19300.000000000025
22115.000000000022
19951.50000000002
22278.00000000002
20398.75000000002
22139.000000000025
20230.750000000022
22181.000000000022
20507.00000000002
22092.000000000025
21164.250000000025
22298.000000000022
21222.500000000022
21957.000000000025
21455.50000000002
20807.000000000015
22386.25000000002
20250.00000000002
23092.250000000022
20382.00000000002
23371.000000000025
20317.000000000022
23921.000000000025
21284.000000000025
24545.750000000022
22124.000000000025
24753.500000000025
21861.000000000025
24982.250000000025
21398.000000000022
24795.000000000022
21244.000000000022
24832.75000000003
20951.00000000002
24754.000000000025
20623.000000000022
24193.500000000022
20395.000000000015
23971.00000000003
19918.00000000001
24171.500000000025
19243.00000000002
23949.750000000025
18897.00000000001
23068.25000000002
18362.00000000002
22472.250000000025
17740.00000000001
21690.750000000022
16961.00000000001
20439.75000000002
16227.000000000016
21204.000000000022
15240.000000000015
22597.250000000022
13320.000000000015
22489.250000000025
9989.000000000011
22397.750000000022
8476.000000000007
22815.250000000025
9410.000000000005
23479.25000000002
11126.000000000013
23964.00000000002
12382.000000000007
24626.75000000003
13434.000000000007
24907.500000000025
14586.000000000015
24925.00000000003
15246.000000000016
25417.000000000033
15707.000000000018
25733.500000000025
16176.000000000018
25727.25000000003
16388.000000000015
25936.00000000003
16415.00000000001
26170.500000000025
16542.000000000015
26139.250000000025
16369.000000000015
26028.000000000022
16155.000000000015
25772.25000000003
15975.000000000013
25426.500000000022
15806.000000000015
25087.000000000022
15658.000000000018
24755.750000000022
15413.000000000016
24499.750000000022
14951.000000000018
23983.000000000022
14559.000000000016
23497.000000000025
14202.000000000011
23019.000000000025
13551.00000000001
22473.750000000022
12864.00000000001
21978.250000000022
12260.000000000007
21222.000000000022
11337.000000000013
20301.000000000022
10426.000000000007
19498.00000000002
9728.00000000001
18610.00000000002
8888.000000000007
17681.00000000002
7556.000000000008
16673.000000000015
6245.000000000004
15161.750000000015
5497.0000000000055
13054.750000000015
5316.000000000004
10275.50000000001
5274.000000000004
7759.750000000007
5265.000000000006
5712.2500000000055
5237.0000000000055
4051.000000000004
5236.000000000004
3642.250000000003
5208.0000000000055
3602.7500000000045
5392.0000000000055
3551.500000000003
7731.000000000009
3539.250000000003
9836.000000000011
3538.7500000000036
6968.000000000008
3553.750000000004
5199.0000000000055