7732.250000000009
6635.000000000009
8327.00000000001
6660.000000000007
9798.500000000011
6345.000000000006
10830.000000000011
6281.000000000006
12151.25000000001
6482.000000000006
12582.000000000013
7142.000000000007
12534.000000000013
7682.000000000007
12158.750000000013
7884.000000000008
11440.250000000013
7977.000000000007
11116.25000000001
8337.000000000005
10949.000000000011
8399.000000000007
10702.000000000011
8006.000000000007
11070.500000000011
7757.000000000009
11691.250000000011
8281.00000000001
12603.500000000013
9467.000000000007
13435.000000000013
9976.00000000001
13804.500000000013
9166.000000000005
14145.500000000016
8050.000000000009
14122.500000000013
8300.000000000007
14020.500000000016
9376.000000000011
14081.000000000015
10336.000000000011
14622.750000000016
10242.000000000011
15383.250000000015
8923.000000000005
16860.750000000015
7806.000000000004
17968.000000000022
7375.0000000000055
18851.00000000002
8144.000000000008
18956.00000000002
8904.000000000011
18898.50000000002
8750.000000000007
18644.000000000022
8238.000000000005
17808.50000000002
7967.000000000008
17227.000000000015
7521.000000000007
17132.25000000002
7070.0000000000055
16825.500000000015
6944.000000000007
16529.75000000002
7217.000000000005
16386.000000000015
7511.000000000008
15493.000000000016
7778.000000000008
13636.250000000013
7917.000000000007
12978.250000000013
7561.000000000007
13690.750000000013
7520.000000000008
15804.750000000016
9824.000000000007
17817.50000000002
12689.000000000011
20085.750000000022
13029.000000000011
20561.75000000002
13328.000000000013
21025.25000000002
14729.000000000016
21690.500000000022
16283.000000000016
22419.00000000002
18677.000000000007
23123.000000000025
20634.000000000022
23752.250000000022
22410.000000000025
24272.000000000025
24543.00000000003
24759.00000000003
26210.000000000022
25273.750000000022
27118.00000000001
25602.500000000022
27099.000000000025
25414.750000000022
25956.000000000022
25177.000000000033
24640.000000000015
25730.500000000022
24492.000000000025
26331.750000000025
25298.00000000003
26759.750000000025
25773.00000000003
27005.75000000003
25739.000000000022
27014.00000000003
24394.000000000025
26459.500000000022
22330.000000000022
26745.500000000033
20530.000000000022
27112.25000000003
19356.000000000022
27157.25000000003
18532.00000000001
26682.50000000003
17596.00000000002
26415.00000000003
15943.00000000002
26108.500000000022
13923.000000000013
25488.250000000025
11369.000000000013
24825.750000000025
7537.000000000005
24153.750000000025
6796.0000000000055
23606.25000000002
7830.000000000008
23034.500000000022
8529.000000000007
22537.500000000022
9115.000000000011
21857.750000000022
9900.000000000011
21278.50000000003
10863.000000000013
20985.75000000002
11688.000000000011
20941.250000000022
11417.000000000011
20842.500000000022
10156.000000000011
20635.250000000022
10413.000000000011
20106.250000000022
12479.000000000011
19148.000000000015
13895.000000000016
17854.00000000002
14550.000000000016
15848.250000000016
14744.000000000007
12869.750000000011
14825.000000000016
10033.250000000011
14784.000000000013
8003.750000000007
14512.000000000015
8294.750000000007
13954.000000000013
8854.00000000001
13734.00000000001
9420.500000000007
13487.000000000016
9579.750000000011
13257.000000000011
9812.50000000001
13025.000000000013