5969.7500000000055
5058.000000000006
6032.750000000007
4226.000000000005
5947.500000000006
3554.0000000000027
5984.000000000006
3563.0000000000023
5844.5000000000055
3868.0000000000036
5929.750000000006
4059.000000000004
6682.000000000007
4010.000000000004
6963.500000000007
3973.0000000000036
7189.500000000006
3737.0000000000027
7767.250000000007
4911.000000000003
8557.500000000007
9014.000000000011
9405.75000000001
10769.000000000007
10006.750000000011
12855.000000000007
10891.500000000013
15664.000000000011
11778.000000000011
15347.000000000018
12107.000000000013
15153.000000000018
11902.75000000001
15878.000000000015
12184.750000000011
16036.000000000018
12741.00000000001
15484.000000000018
13117.500000000015
15906.000000000016
13599.250000000015
15884.000000000018
14225.250000000015
15494.000000000016
14216.250000000013
14611.00000000002
14835.500000000016
14842.000000000016
14776.500000000015
15606.000000000018
14813.250000000011
15061.000000000015
14416.000000000013
14605.000000000016
14311.000000000018
14317.000000000007
14521.500000000016
13625.000000000015
14422.500000000016
12926.000000000018
14562.500000000018
13997.000000000007
14840.500000000013
14259.000000000015
15049.750000000016
12747.000000000007
15586.000000000015
12972.00000000001
16208.500000000015
12470.00000000001
16850.75000000002
11822.000000000013
17284.00000000002
11217.000000000011
17643.50000000002
11646.00000000001
18060.00000000002
11928.000000000013
18622.00000000002
12445.000000000013
19172.75000000002
12752.000000000015
19682.00000000002
12943.000000000013
20141.250000000022
13230.00000000001
20612.250000000022
13729.000000000011
20968.000000000022
13515.000000000011
21210.750000000022
12649.000000000015
21580.500000000022
12219.000000000015
21893.25000000002
11716.000000000015
22125.25000000002
10858.000000000011
22396.250000000025
10002.000000000011
22726.500000000025
9419.000000000011
23028.500000000025
8659.000000000007
23206.000000000025
8362.000000000007
23380.500000000022
8114.00000000001
23680.25000000003
7700.000000000008
23618.000000000022
7177.0000000000055
23471.50000000002
6881.000000000007
23391.500000000025
7230.0000000000055
23138.750000000022
7733.0000000000055
22271.250000000025
8578.00000000001
21360.25000000002
9068.000000000005
20585.750000000022
8961.000000000005
20846.00000000002
8687.000000000005
21013.75000000002
8685.00000000001
20915.500000000022
8483.000000000007
20871.000000000025
8248.000000000007
20991.500000000022
8244.000000000005
20949.500000000022
8142.000000000007
20683.000000000022
8060.000000000008
20143.750000000022
7993.000000000009
19265.500000000022
7673.000000000007
18011.50000000002
7494.000000000008
16120.500000000016
7317.000000000007
13565.250000000015
7477.000000000007
12278.250000000013
7824.000000000007
11779.750000000013
8118.000000000008
11245.750000000011
8069.000000000008
10418.000000000013
8284.00000000001
9336.25000000001
7435.000000000008
7893.250000000006
7169.0000000000055
7622.000000000008
6891.000000000006
7543.000000000007
6686.000000000008
7666.750000000007
6673.000000000007
7691.750000000006
6479.000000000007
7585.250000000007
6558.000000000006
7422.750000000008
6818.000000000007
7374.0000000000055
7172.0000000000055
7414.500000000009
7378.000000000007
7302.000000000007
7420.000000000007
7326.250000000007
7866.000000000008