3435.7500000000036
3344.0000000000036
3542.2500000000036
3412.000000000003
3625.750000000004
3628.0000000000036
3525.250000000003
3633.000000000003
3277.7500000000036
3316.0000000000036
3215.2500000000036
3181.0000000000027
3431.000000000004
3350.0000000000036
3469.5000000000036
3508.000000000004
3298.000000000003
3217.000000000003
3267.250000000003
4442.000000000003
4920.250000000005
10551.000000000011
6262.500000000007
10646.000000000011
6951.2500000000055
11050.000000000011
8554.50000000001
13126.000000000013
10454.000000000011
13454.000000000011
11424.000000000013
13314.000000000013
12524.500000000013
13324.000000000015
13417.750000000015
13445.00000000001
14379.500000000015
13429.00000000001
14992.750000000018
12560.00000000001
15091.500000000016
13485.000000000011
16124.500000000016
13929.000000000013
16356.000000000018
13483.000000000015
16689.750000000015
12451.000000000013
16887.50000000002
12435.000000000011
17879.000000000022
14856.000000000011
18828.500000000015
13696.000000000015
19953.50000000002
13075.000000000011
20357.250000000022
13462.000000000015
20699.250000000022
13427.000000000013
20664.750000000025
13444.00000000001
20788.750000000022
12946.000000000007
21467.250000000025
11798.00000000001
20912.250000000022
11451.00000000001
20859.000000000022
11996.00000000001
20003.00000000002
11818.000000000016
19878.500000000022
10989.000000000011
21070.250000000022
9907.00000000001
20967.50000000002
7118.000000000005
14412.500000000015
3121.0000000000023
11680.000000000013
2819.000000000003
14335.250000000013
2972.0000000000036
15430.000000000018
2770.0000000000027
17262.00000000002
3333.0000000000027
18479.750000000022
4607.000000000005
19281.250000000022
6117.000000000007
19516.50000000002
7269.000000000008
19939.25000000002
8177.000000000007
20364.250000000022
8705.000000000007
20884.250000000022
9267.000000000011
21397.75000000002
9849.000000000011
21734.250000000015
10151.000000000011
21580.500000000022
10014.000000000011
21655.50000000002
10008.000000000011
21478.25000000002
9890.000000000011
21071.750000000022
9553.00000000001
20695.50000000002
8815.00000000001
20301.75000000002
8427.000000000005
19745.50000000002
8046.000000000008
19152.00000000002
7631.000000000008
18402.00000000002
6872.0000000000055
17492.25000000002
5766.000000000005
16594.50000000002
4824.0000000000055
15620.500000000016
3645.000000000004
14570.000000000015
2683.0000000000027
12950.500000000013
2111.0000000000027
11282.000000000015
2262.000000000002
9445.00000000001
1962.0000000000018
6822.500000000006
2020.0000000000023
3301.5000000000027
2116.0000000000023
1239.500000000001
2014.0000000000023
1170.2500000000011
1968.0000000000018
1145.5000000000011
1974.0000000000018
1405.7500000000014
1984.000000000002
1702.0000000000016
2158.0000000000023
2428.7500000000027
2240.0000000000023
1184.7500000000011
2184.000000000002
1252.0000000000011
2394.0000000000023
852.0000000000008
1890.0000000000023
4666.750000000005
5226.000000000006
30124.000000000033
30270.000000000036
32503.000000000033
32562.000000000033
28178.000000000025
29984.00000000003
22242.000000000022
29404.000000000033
27898.00000000003
31392.000000000033
32542.000000000033
32624.000000000036
29086.00000000003
32604.000000000033
24571.000000000025
32576.000000000033
31443.000000000036
32612.000000000036
32608.000000000033
32620.000000000036