23765.00000000003
23454.000000000015
23368.75000000002
23257.000000000015
23629.500000000022
23514.000000000015
23819.000000000022
24002.000000000015
23783.250000000025
23923.00000000003
23595.750000000022
23298.000000000025
23396.250000000022
18223.00000000002
23435.750000000022
15489.000000000018
23127.250000000025
14695.000000000015
21659.500000000022
16350.00000000002
20989.500000000022
18456.000000000022
20587.500000000022
18657.000000000022
21472.000000000022
20074.000000000022
21477.75000000002
21603.000000000025
22304.500000000022
24542.00000000002
22828.750000000022
25999.000000000033
23394.50000000002
26399.000000000025
23660.500000000022
27094.000000000022
24121.750000000025
28010.000000000033
24058.250000000025
28607.00000000003
24695.00000000003
28374.000000000025
24798.000000000025
28148.000000000033
24952.500000000025
27862.00000000002
24945.75000000003
26340.00000000002
24756.000000000025
25178.00000000003
24557.00000000002
25313.00000000003
24430.000000000025
27408.00000000002
24232.750000000025
28424.000000000025
24595.250000000022
28834.00000000003
25078.00000000003
29024.00000000003
25305.75000000003
28978.000000000033
25180.500000000022
28776.000000000036
24811.000000000025
28471.000000000025
24785.000000000025
28960.000000000036
25332.250000000022
28790.000000000025
25358.50000000003
28088.000000000025
24817.25000000003
28402.000000000022
24338.750000000025
28131.000000000033
23653.750000000025
28211.000000000036
23161.500000000025
28470.00000000003
23649.000000000022
28441.000000000025
23382.250000000022
27734.000000000022
22863.750000000025
24661.000000000025
22236.50000000003
22543.000000000022
21277.50000000002
22651.000000000025
20718.500000000022
23190.000000000022
21212.500000000022
24387.000000000025
21951.500000000025
25177.000000000025
22366.500000000022
24979.00000000003
22926.750000000025
25257.00000000002
23469.750000000025
25439.00000000002
23832.250000000025
25537.00000000003
24519.750000000025
24998.00000000002
25039.50000000002
24442.000000000022
25156.000000000022
24064.000000000015
25625.75000000003
24465.00000000002
25675.750000000025
25630.000000000022
25828.000000000025
26533.00000000003
26068.00000000003
27702.000000000022
26097.250000000025
27687.000000000022
26105.75000000003
27508.000000000033
26097.75000000003
27295.000000000033
26175.250000000022
27381.000000000022
26291.250000000025
28059.00000000003
26172.75000000003
28421.00000000003
26165.000000000022
28128.000000000022
25978.000000000025
27825.000000000036
25833.250000000022
27900.000000000033
25922.250000000022
28068.000000000022
25799.500000000022
28117.000000000033
25596.250000000025
27677.000000000025
25332.50000000003
28005.00000000003
25221.00000000003
28430.000000000033
25039.00000000003
28136.00000000002
25063.25000000003
28097.00000000003
24951.00000000003
27551.000000000033
24927.50000000002
27482.00000000003
24790.000000000025
27613.000000000015
24502.75000000003
27683.00000000001
24412.750000000025
27266.000000000025
24432.75000000003
27327.00000000003
24056.750000000025
27069.000000000025
23733.750000000025
26600.000000000033
23200.750000000025
26243.000000000033
22991.25000000003
26409.000000000022
22782.000000000022
27038.00000000003
22561.000000000022
27090.000000000033
23294.750000000025
26914.00000000003
24029.000000000022
27350.000000000025
24305.250000000025
26904.00000000003