7393.000000000006
9238.000000000007
7492.500000000007
12240.00000000001
8297.750000000007
16127.000000000015
9796.250000000011
19020.000000000022
11210.500000000013
19932.00000000001
12098.250000000013
19952.000000000022
12656.750000000015
19068.000000000022
12571.000000000011
17603.00000000001
12223.250000000015
15043.000000000015
11344.250000000013
12301.00000000001
10041.75000000001
11238.000000000015
9157.00000000001
10665.000000000013
8061.750000000009
9887.000000000011
7849.500000000009
9547.000000000011
8571.00000000001
9571.000000000011
8998.50000000001
9183.000000000011
10345.000000000011
8514.000000000007
11029.250000000013
8383.000000000011
10885.250000000011
8547.00000000001
10578.750000000011
8701.00000000001
10651.000000000011
8761.00000000001
10542.750000000011
8834.000000000007
10557.500000000011
8786.000000000005
10698.000000000011
8612.000000000011
10934.000000000011
8442.000000000005
10958.500000000011
8432.00000000001
11147.250000000013
8344.000000000011
11195.250000000011
7655.000000000007
11423.000000000013
6767.000000000009
11423.000000000011
6482.000000000006
11129.50000000001
6322.000000000006
11028.500000000013
6170.000000000007
12381.750000000011
6339.0000000000055
13357.000000000016
6819.0000000000055
14327.750000000016
7365.000000000006
15182.250000000016
7588.000000000008
16346.750000000015
7722.000000000008
17065.750000000015
7992.000000000008
17488.50000000002
8259.000000000005
18210.000000000015
8098.000000000008
19233.50000000002
7803.000000000007
19829.75000000002
7514.000000000007
20287.250000000015
7843.000000000008
20683.500000000022
9810.00000000001
21135.000000000022
11448.000000000013
21754.750000000022
11889.00000000001
22446.500000000025
12053.000000000005
23201.500000000022
12163.00000000001
23301.500000000022
12132.000000000015
24484.250000000025
11623.000000000013
25388.50000000003
12595.000000000016
24778.00000000003
13929.000000000015
23725.250000000025
15521.000000000016
22752.50000000002
16365.000000000015
22994.500000000025
17364.000000000015
22841.750000000022
18425.00000000001
22636.750000000022
19100.000000000015
22695.500000000022
19126.000000000022
23159.000000000025
18740.00000000002
23342.000000000022
18560.00000000002
23843.750000000022
17850.000000000015
24706.250000000022
17884.000000000022
25172.500000000025
17458.00000000002
25350.75000000003
16367.000000000018
25335.25000000003
14071.000000000015
25281.00000000003
10869.000000000013
25060.250000000022
8671.000000000005
24236.50000000003
8270.000000000007
23635.000000000022
7767.000000000008
23082.750000000022
7577.000000000009
22243.750000000022
7409.000000000008
20856.500000000022
8627.000000000011
19024.50000000002
8642.000000000011
17225.25000000002
7770.000000000008
15842.250000000018
7000.000000000007
13110.250000000015
6638.000000000005
11536.000000000011
6852.000000000005
10958.25000000001
7095.000000000005
9724.25000000001
7337.0000000000055
8278.000000000007
7467.000000000008
7792.750000000009
7230.0000000000055
7690.250000000007
7027.000000000005
7469.250000000008
7332.000000000009
7371.750000000007
7752.000000000008
7359.750000000008
8035.000000000006
7413.000000000007
8461.000000000007
7557.500000000007
8735.000000000007
7750.000000000007
8577.000000000011
7905.000000000008
8533.000000000005
7971.000000000009
8811.000000000007