8572.75000000001
9766.000000000011
9593.75000000001
9759.00000000001
10721.000000000007
9721.00000000001
9565.50000000001
9691.00000000001
8827.000000000007
9653.00000000001
8936.500000000007
9582.000000000013
8947.50000000001
9515.00000000001
8996.00000000001
9430.00000000001
9068.000000000011
9355.00000000001
9153.75000000001
9374.000000000011
9176.00000000001
9338.00000000001
9235.500000000007
9287.00000000001
9324.00000000001
9231.000000000007
9369.00000000001
9157.00000000001
9451.750000000011
9150.00000000001
9488.50000000001
9072.000000000011
9537.75000000001
9000.000000000011
9590.750000000011
8957.000000000007
9646.250000000007
8940.000000000011
9694.500000000007
8904.000000000011
9758.000000000013
8835.000000000007
9831.75000000001
8752.000000000011
9828.750000000011
8698.000000000007
9925.750000000007
8575.000000000007
10080.250000000011
8458.000000000005
10164.250000000011
8339.000000000007
10187.25000000001
8229.00000000001
10275.50000000001
8089.000000000009
10294.50000000001
7947.000000000008
10270.500000000011
7811.000000000007
10325.750000000011
7720.000000000009
10353.50000000001
7605.000000000009
10436.000000000011
7563.000000000006
10544.000000000011
7226.000000000007
11547.250000000011
9561.00000000001
12234.000000000015
14653.000000000013
12796.000000000013
16027.000000000015
13452.250000000013
16379.000000000016
14077.500000000015
18123.000000000022
14523.000000000016
19379.000000000022
14777.750000000016
20389.00000000001
14967.500000000015
21062.000000000025
14954.500000000015
21252.000000000022
15142.250000000013
20677.00000000002
15595.500000000016
18592.00000000001
16052.000000000016
17898.000000000015
16445.50000000002
18628.000000000015
16703.25000000002
18939.00000000002
16592.75000000002
18599.000000000015
16493.00000000002
18214.000000000022
16471.75000000002
17521.000000000007
16797.750000000015
16903.000000000022
16997.00000000002
16177.000000000016
16950.00000000002
15182.000000000013
17190.750000000015
13775.000000000011
17233.00000000002
11948.000000000011
17093.50000000002
10619.000000000011
17032.500000000022
10694.000000000013
16837.50000000002
10427.000000000011
16616.50000000002
10369.00000000001
16446.75000000002
10377.000000000013
16323.750000000016
10361.00000000001
16260.750000000016
10131.000000000013
16155.750000000016
10009.000000000013
16036.750000000016
9760.000000000005
15807.250000000018
9653.00000000001
15410.750000000016
9866.00000000001
14743.250000000015
10103.000000000011
13677.250000000013
10598.000000000011
11333.250000000011
11272.000000000013
9220.500000000011
11857.000000000015
9087.75000000001
12408.00000000001
9087.000000000007
12965.000000000016
9096.250000000007
13422.000000000015
9060.25000000001
13756.000000000013
8948.75000000001
14014.000000000013
8834.750000000011
14215.000000000015
8722.750000000011
14403.000000000018
8626.500000000011
14598.000000000011
8456.50000000001
14689.000000000011
8340.750000000007
14788.000000000016
8228.25000000001
14934.000000000016
8068.500000000007
14976.000000000015
7958.500000000008
15102.000000000015
7844.000000000008
15274.000000000015
7732.250000000007
15316.000000000015
7626.250000000008
15334.000000000018
7499.500000000007
15295.000000000016
7436.750000000006
15290.000000000018
7361.000000000007
15290.000000000018