3414.7500000000036
3647.000000000003
3426.750000000003
3981.000000000005
3305.000000000003
4329.000000000005
3299.500000000003
4507.0000000000055
3441.0000000000036
4881.0000000000055
3711.2500000000036
5240.000000000004
4053.2500000000036
5651.0000000000055
4373.500000000005
6040.000000000006
4565.250000000005
6219.000000000009
4684.250000000005
6116.000000000006
4807.0000000000055
5926.000000000006
4941.000000000005
6057.0000000000055
4876.2500000000055
6138.000000000004
4804.500000000005
6421.000000000006
4970.7500000000055
6520.000000000006
5153.7500000000055
6315.000000000007
5286.2500000000055
5835.000000000003
5284.2500000000055
5170.000000000005
5622.7500000000055
4222.0000000000055
6042.5000000000055
3531.000000000004
6549.250000000007
3766.000000000004
7282.750000000007
5080.000000000004
7693.7500000000055
5443.0000000000055
7991.750000000006
4518.000000000003
8405.000000000011
3798.0000000000036
8671.25000000001
4058.000000000005
9245.00000000001
5013.000000000005
9709.75000000001
5533.0000000000055
10152.750000000011
5181.0000000000055
10397.750000000011
4891.000000000005
10570.750000000011
5254.000000000005
10829.250000000011
5544.0000000000055
10911.000000000011
5341.000000000003
11172.500000000011
4829.000000000006
11586.750000000011
4812.0000000000055
12081.750000000013
4552.000000000005
12179.000000000013
4129.000000000005
12457.500000000015
3972.000000000003
12816.500000000013
4435.000000000003
17552.250000000015
4971.000000000005
21200.250000000025
4898.000000000005
22035.000000000022
5156.000000000004
22873.250000000025
6000.000000000004
23326.750000000025
7072.000000000007
23623.250000000022
7746.000000000006
23790.250000000022
8448.00000000001
23619.500000000025
10389.000000000011
23275.250000000025
11319.000000000013
22851.250000000025
11764.000000000011
22742.500000000022
11888.000000000015
22647.500000000025
12177.000000000015
22512.250000000025
11773.000000000013
22333.500000000022
11256.000000000011
22105.750000000022
10770.000000000011
22033.500000000025
10250.00000000001
22830.250000000025
9569.00000000001
23755.500000000025
9106.000000000011
23695.500000000025
8717.000000000011
23428.500000000022
8656.000000000005
24185.250000000022
8224.000000000007
24676.250000000022
7175.000000000008
23798.750000000022
6174.000000000005
23015.000000000022
5520.0000000000055
22519.000000000025
5372.000000000007
22258.750000000025
5248.000000000006
21789.250000000022
5225.000000000006
21022.500000000022
5030.0000000000055
21114.750000000022
4844.000000000004
21035.75000000002
4746.000000000005
20722.500000000025
4811.000000000005
20234.75000000002
4811.000000000005
20313.750000000022
4725.0000000000055
19955.250000000025
4761.000000000005
19697.75000000002
4659.000000000003
19726.250000000022
4575.000000000005
19119.500000000022
4892.0000000000055
18353.50000000002
4584.000000000005
17312.00000000002
4008.0000000000036
16300.000000000016
3405.000000000004
14989.250000000013
3361.0000000000023
14553.000000000013
3724.000000000004
13817.750000000016
4529.000000000005
11873.250000000011
5414.0000000000055
8827.500000000007
6094.000000000003
5799.2500000000055
6549.000000000008
5275.500000000006
6728.000000000007
4880.000000000005
6805.000000000007
4434.750000000004
6778.000000000004
4461.2500000000055
6990.000000000007
1922.750000000002
2749.0000000000027