31872.000000000033
20854.000000000025
31872.250000000036
20853.000000000015
31867.250000000036
20796.000000000022
31692.75000000003
20708.000000000022
31524.750000000033
20578.000000000015
31584.500000000036
20416.000000000022
31680.000000000033
20282.000000000022
31734.250000000033
20183.000000000015
31714.250000000033
20130.000000000022
31698.500000000033
20118.000000000022
31731.250000000033
20117.000000000022
31169.250000000036
20116.000000000022
30769.75000000003
20118.000000000022
31040.750000000033
20119.000000000022
31198.750000000033
20119.000000000022
31241.250000000033
20115.000000000022
31092.000000000036
20116.000000000022
31098.750000000033
20108.000000000022
31073.250000000033
20110.000000000022
30935.500000000036
20119.000000000022
30920.000000000033
20119.000000000022
30934.000000000033
20111.000000000022
30894.250000000036
20118.000000000022
30780.000000000033
20119.000000000022
30580.750000000036
20115.000000000022
30033.750000000036
20034.000000000022
28951.750000000033
20123.000000000025
27860.75000000003
19027.000000000022
27162.250000000033
16562.00000000002
26847.50000000003
20160.00000000001
26320.75000000003
20017.000000000022
26188.500000000025
19893.000000000015
25694.75000000003
19903.000000000022
25038.000000000025
19698.000000000022
24613.000000000025
19266.000000000022
24355.750000000025
19708.000000000022
24144.750000000025
19921.000000000022
24255.250000000025
19885.00000000002
24590.500000000025
19835.000000000025
24824.750000000025
19834.000000000025
25167.250000000025
19833.000000000015
25596.75000000003
19849.000000000025
26044.50000000003
19865.000000000022
26388.000000000033
19868.00000000002
26470.250000000022
19834.000000000022
26732.75000000003
19867.000000000022
26980.250000000033
19892.000000000015
27160.00000000003
19897.000000000022
27357.250000000025
19883.00000000002
27442.750000000025
19886.000000000022
27524.500000000033
19900.00000000002
27624.00000000003
19913.000000000025
27895.25000000003
19938.000000000015
28351.500000000033
19930.00000000002
28704.750000000033
19933.000000000022
29053.00000000003
19919.000000000022
29528.25000000003
19922.000000000022
29818.000000000033
19944.00000000002
30035.000000000033
19952.000000000022
30150.50000000003
19956.000000000022
30319.25000000003
19971.000000000025
30506.000000000033
19953.000000000015
30488.50000000003
19972.000000000022
30447.250000000033
19967.000000000022
30269.250000000033
19989.000000000025
30093.750000000033
19979.000000000022
29779.000000000033
19951.000000000022
29390.250000000033
19943.000000000025
29441.750000000025
19953.000000000015
29781.750000000033
19980.000000000022
30317.250000000033
20023.000000000025
31161.000000000033
20059.000000000022
31398.750000000036
20072.000000000022
30210.000000000036
20066.00000000002
30249.250000000033
20077.00000000002
31594.75000000004
20073.000000000022
32045.250000000033
20055.00000000001
32100.500000000033
20066.00000000002
32310.500000000033
20198.000000000015
30874.500000000033
19410.000000000022
5944.250000000006
5425.0000000000055
1419.0000000000016
2875.000000000003
2245.000000000002
3375.0000000000027
2684.500000000003
3720.000000000004
3543.500000000002
4345.000000000004
4620.000000000005
5137.000000000006
5484.500000000006
5789.000000000006
6165.000000000007
6291.000000000006
6532.250000000005
6561.000000000007
6624.000000000007
6624.000000000007