5003.250000000005
7512.0000000000055
5012.2500000000055
8071.000000000009
5666.0000000000055
8487.00000000001
6712.000000000007
8700.00000000001
7406.500000000007
8179.000000000008
7425.500000000008
7990.000000000008
7000.250000000006
7940.000000000009
6699.7500000000055
7814.000000000008
6809.250000000007
7856.000000000007
7267.500000000007
7972.000000000009
7381.000000000008
7878.000000000008
7344.000000000007
7766.000000000007
7829.500000000006
7629.000000000007
8023.000000000007
7583.000000000009
7770.750000000009
7286.000000000005
7340.250000000007
7465.000000000008
7247.250000000006
7363.000000000006
7467.750000000009
6733.000000000006
8288.00000000001
7007.0000000000055
9023.75000000001
6169.000000000006
9622.75000000001
5540.0000000000055
10142.500000000011
5947.000000000008
11066.000000000011
6679.000000000004
11737.250000000011
7440.000000000009
11455.250000000013
6825.000000000007
11456.750000000011
6299.000000000006
10903.500000000011
6350.000000000007
10907.75000000001
6051.000000000005
11676.250000000011
5276.0000000000055
12513.250000000015
5428.000000000005
12765.500000000013
6700.000000000007
12070.500000000011
8687.000000000011
11836.000000000011
10167.000000000007
10470.250000000011
10758.00000000001
10170.750000000011
10974.000000000015
10842.75000000001
11142.000000000011
11522.250000000011
11290.000000000013
11937.250000000015
11275.000000000013
12649.250000000011
10866.000000000013
13577.500000000016
9901.000000000007
14489.500000000015
8833.000000000011
15113.250000000016
8236.000000000005
15788.750000000016
8249.000000000007
16616.000000000015
8295.00000000001
17208.25000000002
8653.00000000001
17852.500000000015
9053.000000000011
18212.50000000002
9296.000000000005
18353.25000000002
9133.000000000011
18275.50000000002
9279.00000000001
18546.50000000002
9730.000000000005
18874.75000000002
9512.000000000007
19196.75000000002
8763.000000000005
19187.25000000002
8245.000000000005
19164.50000000002
7638.000000000006
18916.75000000002
7049.000000000007
18490.000000000022
6909.000000000007
18457.25000000002
7675.000000000006
18497.00000000002
8540.00000000001
18962.250000000022
8430.000000000007
19865.75000000002
7728.000000000009
20779.000000000022
7866.000000000008
21298.25000000002
9129.000000000005
21447.500000000022
9927.00000000001
21274.750000000025
10102.00000000001
21087.250000000022
9591.00000000001
20781.500000000022
8514.000000000007
20177.750000000022
7603.000000000008
19498.000000000015
7498.000000000009
18618.25000000002
8287.000000000007
17956.00000000002
9558.000000000007
17147.00000000002
10190.000000000007
16001.000000000015
9768.000000000005
15171.250000000015
9493.00000000001
14493.000000000016
9915.000000000011
13953.250000000015
10388.000000000007
13648.250000000013
10461.000000000011
12885.250000000013
9651.000000000011
10293.250000000013
8137.000000000008
9383.00000000001
7254.000000000007
9079.000000000007
7560.000000000009
8934.50000000001
7769.000000000008
9367.500000000007
7600.000000000008
9710.00000000001
7466.000000000008
9826.250000000011
7890.000000000008
10137.750000000011
8256.000000000007
10832.250000000011
7426.000000000006
11250.250000000011
6226.000000000007
11573.250000000013
6002.000000000006
11608.750000000011
6994.0000000000055
11745.250000000011
8069.000000000008