21087.500000000022
22481.000000000022
21099.25000000002
22270.000000000022
21064.000000000022
22334.00000000002
21038.250000000022
22622.000000000022
21116.250000000025
22628.000000000022
21096.500000000022
22383.000000000025
21113.75000000002
22444.00000000002
21128.000000000025
22636.000000000022
21255.750000000022
22636.000000000022
21359.50000000002
22592.000000000025
21298.750000000022
22538.000000000022
21196.500000000025
22695.000000000022
21229.000000000022
22726.000000000022
21331.500000000025
22466.000000000022
20970.750000000025
22513.000000000025
19887.00000000002
22805.000000000022
19425.000000000022
19976.00000000002
19505.75000000002
16325.000000000015
19827.75000000002
16119.00000000002
19928.500000000022
17389.00000000001
20388.500000000025
17914.000000000015
20851.500000000025
19212.00000000002
20948.250000000015
21217.000000000022
20939.750000000022
23807.000000000025
21102.750000000022
22778.000000000022
21759.500000000025
22642.000000000025
22029.000000000022
24722.00000000002
22050.25000000002
26980.00000000002
21857.750000000022
26364.00000000003
22164.75000000002
24251.00000000002
22446.750000000022
25963.000000000025
22444.50000000002
25294.000000000022
22574.000000000025
24326.00000000002
22522.000000000022
25066.00000000003
22780.25000000003
24758.00000000002
23608.500000000025
26928.000000000015
23484.25000000002
27628.000000000015
23286.75000000002
27518.000000000022
22982.50000000003
27074.00000000003
23155.500000000022
26311.00000000003
23271.00000000003
25756.000000000025
23145.000000000022
26102.000000000025
22729.000000000025
25739.000000000022
22026.000000000025
25403.000000000022
21082.000000000022
25252.000000000015
20675.500000000022
24939.00000000003
20511.50000000002
24628.00000000003
18047.75000000002
22139.000000000022
19592.25000000002
20434.000000000022
19929.500000000022
20570.00000000002
19355.750000000022
21555.000000000025
19864.000000000022
22560.000000000025
20097.25000000002
23456.000000000015
20832.750000000025
24153.000000000022
21742.00000000002
24970.00000000002
22499.500000000025
25514.000000000025
22904.250000000022
26253.000000000022
23019.500000000025
26780.000000000025
22901.250000000025
26739.00000000003
22711.25000000003
26494.00000000003
22507.750000000025
26647.000000000033
22302.000000000025
26624.000000000033
22208.250000000022
26731.000000000033
22129.750000000022
26647.00000000003
21974.750000000025
26324.000000000025
21811.500000000022
26418.00000000003
21592.750000000022
26493.00000000003
21338.000000000022
26371.00000000003
21023.000000000025
26008.00000000003
20617.25000000002
25900.000000000033
20185.250000000025
25447.00000000003
19726.25000000002
25134.000000000025
19128.75000000002
24128.000000000025
18519.00000000002
23534.00000000002
17961.75000000002
22901.00000000002
17511.00000000002
21942.000000000025
16654.000000000015
21334.000000000025
15481.500000000016
20257.000000000022
13641.500000000016
20179.000000000022
13488.000000000015
20244.000000000015
14431.500000000013
20348.00000000002
15363.750000000016
20247.000000000025
16682.000000000015
20433.00000000002
17602.250000000015
20541.000000000022
17989.000000000015
20409.000000000022
18257.50000000002
20767.00000000002
18328.50000000002
20840.000000000025
18277.50000000002
20336.000000000022
18373.00000000002
20626.000000000022
18591.000000000015
20856.000000000022