21152.750000000025
22555.000000000022
21161.25000000002
22337.000000000022
21134.250000000022
22403.000000000022
21116.000000000022
22686.000000000022
21180.000000000022
22703.00000000002
21164.500000000022
22464.000000000022
21194.000000000025
22527.000000000022
21194.00000000002
22713.000000000025
21324.000000000025
22710.000000000025
21418.500000000022
22640.000000000022
21375.75000000002
22600.000000000022
21257.000000000022
22740.000000000025
21287.500000000022
22797.000000000025
21410.000000000022
22526.000000000022
21050.500000000022
22584.000000000025
19956.250000000022
22873.000000000022
19489.250000000022
20074.000000000022
19575.500000000022
16376.000000000015
19888.75000000002
16167.000000000016
19990.250000000022
17466.00000000001
20465.25000000002
17960.000000000015
20921.25000000002
19287.00000000002
21005.750000000022
21242.000000000025
21007.000000000025
23905.00000000003
21161.500000000022
22824.000000000022
21842.500000000025
22700.00000000002
22102.000000000025
24768.000000000025
22116.500000000022
27067.000000000025
21919.750000000022
26477.00000000002
22230.750000000022
24238.00000000002
22524.500000000022
26105.00000000003
22509.500000000022
25373.000000000022
22643.500000000025
24380.00000000001
22598.500000000025
25147.000000000015
22843.000000000022
24797.00000000003
23690.000000000025
27019.00000000003
23558.000000000022
27694.000000000025
23360.500000000025
27591.00000000003
23036.750000000025
27140.000000000015
23211.250000000022
26370.00000000002
23332.750000000025
25844.000000000022
23225.250000000022
26198.000000000015
22800.500000000022
25801.00000000003
22096.250000000025
25460.000000000025
21143.250000000022
25329.000000000015
20738.500000000025
24995.000000000025
20620.250000000022
24713.000000000025
18040.75000000002
22198.000000000022
19681.75000000002
20462.00000000002
20017.25000000002
20615.00000000002
19410.250000000022
21631.000000000022
19938.500000000022
22622.000000000025
20157.250000000025
23522.00000000001
20891.500000000022
24220.000000000025
21805.250000000022
25032.00000000002
22571.000000000022
25575.000000000025
22968.500000000025
26334.00000000003
23090.750000000022
26861.00000000003
22974.25000000002
26813.00000000002
22793.750000000022
26583.000000000025
22569.000000000022
26733.000000000025
22377.500000000022
26689.00000000002
22280.000000000022
26795.000000000025
22199.000000000022
26716.000000000015
22040.750000000025
26370.00000000002
21882.500000000022
26508.00000000003
21657.500000000022
26547.000000000033
21406.750000000022
26439.000000000022
21091.500000000025
26046.000000000015
20682.000000000022
25957.00000000002
20247.500000000022
25494.000000000033
19790.250000000022
25203.00000000003
19196.25000000002
24181.000000000022
18581.750000000022
23603.000000000022
18029.00000000002
22976.000000000025
17585.50000000002
21998.000000000025
16713.500000000015
21409.000000000025
15566.000000000016
20324.000000000022
13702.250000000015
20239.000000000022
13540.750000000015
20303.000000000022
14508.000000000015
20404.00000000001
15420.750000000018
20314.000000000022
16736.500000000015
20497.000000000022
17674.00000000002
20608.000000000022
18044.75000000002
20469.000000000022
18321.000000000015
20808.000000000025
18398.50000000002
20917.000000000022
18339.75000000002
20401.000000000022
18441.000000000015
20682.000000000022
18666.25000000002
20948.000000000022