29388.00000000003
28456.000000000025
29811.750000000033
29068.000000000033
30586.000000000033
29848.00000000003
31330.000000000033
30646.000000000025
31901.500000000033
31447.00000000003
32127.750000000033
32016.000000000033
32270.500000000033
32189.000000000033
32304.000000000033
32427.000000000033
32322.250000000033
25230.00000000003
32347.500000000036
17240.000000000015
32387.500000000033
16367.00000000002
32010.500000000036
18064.000000000015
29046.50000000003
20937.000000000022
27867.00000000003
22839.000000000025
27864.75000000003
24270.00000000002
28317.50000000003
26019.000000000036
28477.75000000003
27397.000000000033
28538.000000000025
27705.000000000015
28218.00000000003
28363.00000000003
28014.00000000003
28711.000000000033
27914.00000000003
28036.000000000022
27697.50000000003
28861.000000000025
27645.250000000033
29491.000000000036
27494.250000000022
29488.000000000033
27194.750000000025
28977.000000000036
26783.500000000025
28723.000000000022
26707.75000000003
28245.00000000002
26655.50000000003
26558.00000000003
26334.00000000003
26531.000000000022
25747.50000000003
26427.000000000025
24687.000000000025
27043.000000000033
24681.000000000025
28308.00000000003
24716.500000000025
28727.00000000003
24378.00000000003
28701.00000000002
24690.250000000025
28988.00000000003
24880.000000000025
28868.00000000002
24376.250000000025
28883.000000000036
23658.500000000022
28598.00000000003
23650.500000000025
28591.000000000025
23394.25000000003
28144.000000000033
23650.00000000003
28376.00000000003
23804.500000000022
28620.00000000003
23984.25000000003
28663.000000000022
24351.500000000025
28664.000000000015
24366.750000000022
28378.00000000003
24239.750000000022
28051.000000000022
24571.250000000025
27936.000000000025
24647.750000000025
27467.000000000033
24552.000000000022
26972.000000000022
24456.500000000025
26529.000000000022
24684.500000000022
25876.000000000022
24954.000000000022
25821.000000000025
24988.75000000003
26248.00000000002
24929.00000000003
26377.000000000022
25135.250000000025
26390.000000000022
25423.500000000025
26559.000000000022
25529.50000000003
26537.000000000036
25497.75000000003
26370.000000000036
25761.500000000033
26529.000000000022
25835.750000000025
26502.000000000015
25901.250000000025
26384.000000000025
25886.00000000003
26457.000000000025
25929.75000000003
26492.00000000002
26052.750000000022
26478.000000000033
26228.25000000003
26369.000000000025
26336.75000000003
26274.00000000003
26631.00000000003
26149.000000000033
26803.75000000003
26221.000000000033
27042.00000000003
26312.00000000003
27479.50000000003
26251.000000000033
27721.250000000025
26187.000000000025
27737.000000000033
25939.000000000025
27798.250000000033
26179.000000000033
27745.250000000025
26271.000000000015
27830.250000000025
26344.00000000003
27871.00000000003
26342.00000000002
27843.75000000003
26264.000000000033
27830.00000000003
26171.00000000002
27911.750000000033
26058.000000000022
27947.000000000033
26149.000000000033
27861.75000000003
26022.00000000003
27891.25000000003
26234.00000000001
27967.75000000003
26397.000000000025
28075.500000000036
26431.000000000033
28212.75000000003
26685.00000000003
28327.75000000003
26877.00000000003
28809.25000000003
27577.00000000003
29210.25000000003
28093.00000000002
29578.000000000033
28477.000000000033
29921.250000000033
28715.000000000025