11149.000000000013
8931.000000000005
11743.250000000013
11919.00000000001
9670.25000000001
12597.000000000013
8422.000000000007
10861.000000000013
7948.500000000009
12067.000000000011
8822.50000000001
11876.00000000001
9566.50000000001
13629.000000000015
10000.00000000001
14028.000000000007
10282.000000000011
13327.000000000016
10693.000000000011
12859.000000000016
10697.250000000011
11212.000000000013
10106.250000000013
9503.000000000011
11018.750000000013
8576.000000000007
11674.000000000011
7390.0000000000055
12088.250000000011
9975.000000000011
13528.250000000013
9771.000000000007
14422.250000000015
8778.000000000005
14291.250000000013
13139.00000000001
13873.750000000016
15435.000000000016
14447.000000000015
16690.00000000002
14238.500000000011
15851.00000000002
14011.750000000015
13515.000000000011
14371.000000000013
11808.000000000011
15223.000000000016
13149.000000000005
16690.50000000002
14653.000000000013
18225.750000000022
15888.000000000013
18276.50000000002
15381.000000000015
17989.500000000015
16115.000000000016
18169.25000000002
18027.00000000001
18498.000000000022
16475.00000000001
19058.50000000002
15054.000000000016
19997.75000000002
15483.000000000015
20666.50000000002
14245.000000000015
20656.75000000002
13388.000000000007
20584.750000000022
12260.000000000007
20588.50000000002
12181.00000000001
20643.500000000022
14016.000000000015
20606.250000000022
13223.000000000013
20764.250000000022
14514.000000000018
20707.500000000022
14397.000000000016
20695.25000000002
13807.000000000013
21292.250000000022
14323.000000000011
21479.250000000022
13037.000000000007
21378.250000000022
12058.00000000001
21660.00000000002
11433.000000000013
21153.500000000022
11750.000000000011
19866.250000000022
11780.000000000011
19132.500000000022
12916.000000000013
19359.50000000002
13239.000000000015
19302.00000000002
11440.000000000013
19382.500000000022
11902.000000000011
19002.000000000022
11177.00000000001
19072.000000000022
9220.000000000011
18745.50000000002
8339.000000000007
18368.50000000002
7818.000000000007
18042.750000000022
6575.0000000000055
17690.750000000022
5771.000000000006
17066.000000000015
6799.000000000007
16472.25000000002
7909.000000000007
15837.750000000016
7929.000000000007
15448.000000000016
6312.000000000007
14404.000000000015
5938.000000000005
14661.500000000013
6347.0000000000055
12995.750000000015
6460.000000000008
13821.000000000011
5375.0000000000055
13024.750000000015
8113.000000000007
10957.00000000001
8538.000000000007
8606.50000000001
5673.000000000005
7782.750000000007
4159.000000000005
8092.500000000007
3580.000000000004
7987.500000000009
6440.000000000005
7159.250000000006
6867.000000000005
6547.500000000006
8514.000000000007
8836.50000000001
10887.000000000011
8265.00000000001
9776.000000000005
7479.750000000007
7776.000000000008
9570.500000000011
7594.000000000007
10545.500000000013
7917.000000000007
12015.500000000011
7740.000000000008
12603.250000000011
6824.000000000006
13849.000000000011
6840.000000000008
13663.750000000015
7409.000000000009
12126.750000000011
7352.0000000000055
10969.250000000011
8012.000000000008
10046.50000000001
4921.000000000006
9864.25000000001
3327.0000000000023
9860.250000000011
2773.000000000003
10135.250000000011
3185.0000000000027
11385.500000000013
3672.000000000004
10700.250000000011
4174.000000000004