4144.250000000005
15112.000000000015
4610.7500000000055
15834.000000000018
5254.0000000000055
16119.000000000015
6338.750000000006
16922.000000000015
7686.000000000007
17636.00000000002
8165.750000000007
17997.00000000001
9130.750000000007
18134.000000000022
9694.00000000001
17982.00000000001
9615.50000000001
17997.00000000001
10148.00000000001
17670.000000000015
11052.250000000011
17355.00000000002
10489.250000000011
17208.00000000002
10419.50000000001
17415.00000000002
10218.750000000011
17646.00000000001
9545.750000000011
18251.000000000022
9176.000000000011
18182.00000000001
8997.25000000001
16829.000000000015
7884.750000000008
14462.000000000015
7070.750000000008
12346.00000000001
6673.250000000006
10191.000000000013
6531.250000000006
8676.00000000001
8329.00000000001
8510.00000000001
10145.75000000001
7237.000000000007
11892.000000000013
4174.000000000004
12688.250000000013
2977.0000000000036
14187.750000000013
2794.0000000000023
15703.250000000018
2743.0000000000027
16059.250000000016
2803.000000000003
15793.000000000016
2722.0000000000027
16236.250000000015
2959.000000000003
17094.50000000002
3496.000000000003
17501.25000000002
5077.0000000000055
17485.00000000002
5804.000000000006
16843.250000000015
4762.000000000003
16510.500000000015
4422.000000000005
16953.25000000002
3944.0000000000045
17434.00000000002
3040.0000000000027
18152.50000000002
2211.0000000000027
19012.500000000022
1643.000000000001
19422.250000000015
3359.000000000003
20256.000000000022
8545.000000000007
20151.000000000022
7620.000000000009
19487.500000000022
7250.000000000008
20261.250000000022
11299.000000000013
21280.250000000022
14206.000000000018
21724.500000000022
15060.000000000015
21750.000000000025
16603.000000000015
21506.750000000025
16777.00000000001
21445.75000000002
16425.00000000002
21820.500000000022
15532.000000000015
22563.750000000022
13867.000000000011
23083.250000000025
12535.000000000007
23265.000000000022
10951.000000000011
23307.75000000002
10001.000000000004
23254.500000000022
8748.000000000005
23146.750000000022
7612.000000000008
22579.500000000025
7111.000000000007
21420.750000000025
6983.000000000009
21370.250000000022
6642.0000000000055
21016.250000000022
6620.000000000008
21422.000000000022
7569.000000000008
21287.75000000002
8816.000000000005
19785.000000000022
9385.000000000011
17635.000000000022
10740.00000000001
16941.250000000022
11710.000000000015
16930.50000000002
11811.000000000011
16727.25000000002
11786.000000000013
16296.750000000018
10915.000000000011
15711.750000000018
10770.000000000013
15243.50000000002
11480.000000000011
14682.250000000015
11585.000000000011
12253.00000000001
11417.000000000013
10562.250000000011
13481.000000000013
10018.750000000011
15108.000000000016
9299.500000000011
14930.000000000016
7695.000000000008
14670.000000000018
7372.000000000009
14249.000000000013
6999.500000000008
12398.000000000013
6892.250000000007
10490.00000000001
6625.500000000008
10485.000000000013
6179.7500000000055
10755.000000000011
6150.750000000006
10021.000000000011
7574.250000000006
10063.000000000011
8099.000000000008
9711.000000000007
8029.500000000008
9424.00000000001
9067.00000000001
9293.00000000001
9480.50000000001
7226.000000000007
8433.250000000005
7460.000000000007
9078.000000000007
7279.000000000007
9352.25000000001
6813.000000000009