32533.250000000036
32415.000000000036
32548.75000000003
32419.000000000036
32558.500000000036
32461.000000000033
32583.500000000036
32467.000000000033
32598.250000000033
32480.000000000033
32612.000000000036
32482.000000000033
32618.750000000036
32499.000000000033
32621.750000000033
32508.000000000036
32624.000000000033
32569.000000000036
32628.500000000036
30100.000000000025
32526.000000000036
24731.000000000022
31296.750000000033
20818.000000000022
30017.750000000033
18355.000000000015
28883.00000000003
17542.00000000001
28009.000000000025
17634.00000000002
27993.50000000003
19277.00000000001
28316.50000000003
23057.000000000025
29196.500000000033
27057.00000000002
30338.000000000036
27588.00000000002
30541.250000000025
28137.00000000003
30605.000000000033
29521.000000000036
30619.750000000036
30094.000000000036
30549.500000000033
30825.000000000022
30573.25000000003
31212.000000000036
30452.00000000003
30855.00000000003
30136.75000000003
30581.000000000022
29728.750000000033
30313.000000000036
29381.75000000003
28836.000000000036
28821.00000000003
28712.000000000033
28631.25000000003
27358.000000000025
28488.00000000003
28175.000000000022
28736.500000000033
31184.00000000003
29125.00000000003
31786.000000000033
29296.250000000033
31641.000000000033
29432.000000000033
31681.000000000033
29414.00000000003
31582.000000000036
29190.250000000036
31246.000000000036
29217.000000000025
31487.000000000036
28756.750000000025
31267.000000000033
28182.500000000033
31215.000000000033
27807.00000000003
31507.000000000036
27470.50000000003
31782.000000000033
27323.00000000003
31599.000000000036
26648.750000000025
31849.000000000036
25897.250000000025
32265.000000000036
25580.500000000025
32582.000000000036
26713.50000000003
32640.000000000033
27673.750000000025
32640.000000000033
27455.750000000025
32640.000000000033
27194.750000000025
32640.000000000033
26961.00000000003
32640.000000000033
26715.50000000003
32640.000000000033
26943.000000000025
32640.000000000033
27165.25000000003
32308.000000000036
27191.25000000003
31949.000000000033
27633.000000000036
32058.000000000033
28185.250000000025
31967.000000000036
28492.75000000003
31782.000000000033
28703.250000000025
31718.000000000033
28731.50000000003
31649.000000000033
28847.500000000033
31499.000000000033
29070.25000000003
31347.000000000033
29154.75000000003
31245.000000000033
29200.250000000036
31131.000000000033
29358.250000000025
31091.000000000036
29531.250000000033
31065.000000000033
29632.750000000033
31005.000000000033
29757.000000000033
31032.000000000036
29922.500000000033
31044.000000000033
30081.250000000033
31057.000000000036
30423.500000000036
31051.00000000003
30602.000000000036
31090.00000000003
30694.000000000036
31297.000000000036
30759.000000000033
31360.000000000033
30821.000000000033
31391.000000000036
30883.75000000003
31469.000000000036
30955.500000000033
31676.000000000033
31035.750000000033
31747.000000000036
31127.000000000033
31993.000000000036
31191.000000000033
32145.000000000036
31306.000000000036
32301.000000000033
31417.250000000033
32589.000000000033
31580.000000000036
32640.000000000033
31859.750000000033
32640.000000000033
32361.50000000003
32640.000000000033
32638.500000000033
32640.000000000033
32640.000000000033
32640.000000000033
32640.000000000033
32640.000000000033
32640.000000000033
32640.000000000033
32640.000000000033
32640.000000000033