23040.750000000025
19531.00000000002
23162.750000000025
19706.000000000022
23248.250000000025
19863.000000000015
23323.500000000025
19938.000000000015
23431.750000000025
20120.000000000022
23467.50000000002
20239.000000000022
23494.250000000025
20294.000000000025
23542.250000000022
20472.000000000015
23536.500000000022
20544.000000000022
23559.250000000022
20599.000000000022
23558.000000000022
20735.000000000025
23553.00000000002
20784.000000000025
22817.250000000022
20851.000000000022
21520.250000000022
20938.00000000001
20541.750000000022
20978.000000000025
19773.75000000002
20898.000000000015
19437.500000000022
20969.000000000022
19718.75000000002
21040.000000000022
20498.750000000022
21123.000000000022
21042.50000000002
21137.000000000022
21878.750000000022
21282.000000000025
22691.250000000022
21382.000000000022
22773.750000000022
21443.000000000022
22902.500000000025
21472.000000000022
22385.000000000022
21541.000000000022
21251.750000000022
21535.000000000022
20970.750000000022
21543.000000000022
21565.500000000022
21680.000000000022
23060.500000000025
21736.000000000015
23160.250000000022
21699.000000000022
23185.75000000002
21761.00000000002
23466.500000000025
21709.000000000025
23483.750000000025
21714.000000000022
22194.250000000022
21753.000000000022
21653.000000000022
21738.000000000022
21934.75000000002
21770.000000000025
22533.500000000022
21758.00000000002
20480.500000000022
21798.000000000022
21277.750000000022
21851.000000000022
24096.000000000022
21826.000000000022
24144.750000000025
21860.000000000022
24117.250000000025
21924.000000000022
24353.750000000033
21975.000000000025
24999.25000000003
22011.000000000025
25393.000000000025
22052.000000000022
25499.750000000025
22067.000000000022
25710.500000000025
22144.000000000025
25884.000000000025
22159.000000000022
26068.250000000025
22154.00000000002
26296.25000000003
22217.000000000025
26435.00000000003
22173.000000000022
26566.50000000003
22246.000000000025
26795.750000000022
22363.000000000022
26680.50000000003
22293.000000000022
26431.00000000003
22294.000000000022
26411.250000000033
22338.000000000025
26332.250000000025
22368.000000000025
26098.750000000025
22306.000000000022
25843.750000000025
22365.000000000025
25543.750000000025
22334.000000000025
25253.75000000003
22418.000000000025
24917.000000000025
22550.000000000025
24363.000000000022
22528.000000000022
23468.75000000003
22522.000000000025
23585.00000000002
22575.000000000025
25965.250000000022
22450.000000000022
25872.500000000033
22898.000000000025
27394.75000000003
24534.000000000022
27686.25000000003
24623.000000000025
27945.25000000003
24582.000000000033
29999.25000000003
24609.000000000022
29889.250000000025
23931.000000000025
28804.00000000003
22364.000000000025
27729.00000000003
22262.00000000002
26897.000000000033
22272.000000000025
26284.25000000003
22229.000000000022
27018.750000000025
23533.000000000015
30366.500000000036
24724.00000000002
20532.000000000022
21696.000000000022
14903.750000000018
19011.000000000022
16353.250000000015
19641.00000000002
17770.25000000002
23265.00000000001
19790.25000000002
23888.00000000003
15916.000000000016
21964.000000000025
27311.50000000003
24074.000000000022
30392.250000000033
24331.000000000033
27586.000000000036
23047.00000000003
25645.25000000003
22716.000000000025
25697.000000000025
22619.000000000022
25628.500000000025
22532.000000000025