10009.250000000011
10088.000000000005
9987.50000000001
9385.00000000001
10179.750000000011
9115.00000000001
10013.75000000001
10613.000000000011
9814.25000000001
11430.000000000011
10142.50000000001
10943.00000000001
10268.750000000011
10783.000000000011
8944.250000000007
11140.000000000011
9867.250000000013
11095.000000000013
9580.50000000001
9327.000000000005
9655.750000000011
9932.000000000011
10151.25000000001
10855.000000000013
10844.500000000011
11814.00000000001
10141.500000000011
13251.000000000007
10864.75000000001
13663.000000000013
10490.000000000011
12935.000000000015
9931.250000000011
12860.000000000011
9668.00000000001
12096.000000000013
9956.00000000001
10010.00000000001
9768.250000000011
8890.00000000001
9761.000000000007
8282.000000000005
10064.25000000001
7966.000000000008
9836.750000000011
8553.000000000007
10638.000000000011
8767.000000000011
10883.250000000011
9021.000000000005
12430.750000000011
9080.00000000001
15015.750000000013
8925.000000000007
16542.75000000002
8624.00000000001
16740.75000000002
7895.000000000007
16410.250000000015
8330.000000000011
16489.750000000015
9427.00000000001
16944.500000000015
9875.000000000013
17020.00000000002
10385.000000000011
17037.500000000015
10842.000000000011
16908.75000000002
10914.000000000007
17126.500000000015
11484.000000000011
17399.250000000015
12089.00000000001
18147.25000000002
12864.00000000001
17174.500000000015
12278.000000000013
15770.500000000013
11506.000000000011
15822.750000000018
11574.000000000011
16202.500000000016
11527.000000000015
16138.750000000016
12184.000000000007
15916.750000000015
12574.000000000015
16089.500000000018
12869.000000000016
15727.500000000016
12675.000000000015
15827.750000000016
12311.000000000005
15946.750000000015
11899.000000000015
16358.000000000018
11759.000000000007
17397.00000000002
11901.000000000011
19184.25000000002
12017.000000000007
19703.25000000002
12262.000000000013
19354.25000000002
11577.000000000013
18865.750000000022
10813.000000000011
18227.750000000015
10084.000000000007
17186.25000000002
9881.00000000001
17607.75000000002
9547.000000000011
17343.750000000015
9117.000000000007
16383.250000000016
8892.000000000005
16312.750000000016
8017.000000000009
14664.500000000016
8476.000000000007
13902.750000000016
9176.000000000011
14605.000000000016
10487.000000000007
14655.750000000015
16438.000000000022
13336.500000000016
18462.000000000015
12861.000000000015
11797.000000000015
13980.250000000015
8385.000000000007
14490.500000000013
9867.000000000011
14713.250000000015
9860.000000000005
13630.500000000011
8953.000000000011
13278.000000000015
8223.000000000005
15196.500000000015
7926.000000000009
15590.250000000015
8861.00000000001
14639.750000000016
10462.000000000011
12931.000000000013
7609.000000000007
12892.250000000015
6434.000000000006
12085.000000000015
6584.000000000007
12056.500000000013
10258.000000000011
11967.250000000011
11506.000000000013
12014.000000000013
10767.000000000011
11960.000000000011
11003.000000000011
12295.250000000011
12045.000000000013
13122.750000000011
13318.000000000011
13774.250000000013
13054.000000000013
13067.750000000015
12865.00000000001
12874.250000000011
10930.000000000013
12551.750000000015
10264.000000000011
12428.250000000013
11547.00000000001
12873.000000000011
11730.000000000005
13057.750000000013
11591.000000000013