4295.000000000004
2732.0000000000027
4249.000000000004
2236.0000000000023
4187.250000000005
1896.0000000000016
4168.0000000000055
1636.0000000000018
4100.750000000004
1593.0000000000011
3962.5000000000045
1626.0000000000016
3797.250000000004
1672.0000000000007
3640.750000000003
1725.0000000000016
3587.7500000000036
1791.0000000000011
3599.0000000000036
1785.0000000000018
3675.500000000004
1848.0000000000018
3695.750000000003
1930.0000000000011
3827.750000000004
2014.0000000000016
5080.0000000000055
2049.0000000000023
6010.250000000006
2164.0000000000014
6397.250000000007
2579.0000000000027
6668.250000000006
2825.0000000000027
7114.250000000007
3169.0000000000036
7474.000000000008
3437.0000000000045
7939.750000000008
3523.0000000000036
8559.00000000001
3745.0000000000036
8933.000000000007
4021.000000000004
9501.250000000007
4167.000000000005
9790.500000000011
4273.000000000004
10036.25000000001
4129.000000000005
10188.75000000001
4138.000000000003
10572.750000000013
3969.000000000004
10999.50000000001
3783.0000000000036
11263.50000000001
3508.0000000000036
10908.00000000001
3105.0000000000027
10729.75000000001
2715.0000000000027
10834.75000000001
2424.0000000000027
10910.000000000011
2209.0000000000023
11486.250000000011
2113.0000000000023
12043.500000000011
2085.000000000001
11783.250000000015
2084.0000000000014
11648.250000000013
2109.0000000000014
12396.750000000011
2158.0000000000023
13123.250000000011
2449.0000000000023
13034.750000000013
2972.0000000000036
13005.750000000013
3137.0000000000036
13155.25000000001
3410.000000000003
13179.750000000015
3726.0000000000036
12859.500000000013
4093.000000000003
12692.75000000001
4318.000000000004
13008.750000000016
4508.000000000005
13202.750000000011
4762.000000000006
13251.000000000013
5068.0000000000055
13459.00000000001
5359.0000000000055
13538.500000000011
5681.0000000000055
13749.750000000016
5947.000000000004
13706.000000000013
6127.000000000007
13771.250000000013
6293.000000000003
13910.000000000015
6368.000000000008
14199.500000000015
6490.000000000008
14427.000000000016
6632.000000000007
14203.000000000013
6712.0000000000055
13827.250000000013
6692.000000000005
13508.500000000011
6496.000000000004
13248.500000000015
6353.000000000008
12951.000000000015
6143.000000000005
12580.750000000011
5846.000000000005
12278.500000000015
5514.000000000005
11978.250000000011
5121.0000000000055
11683.000000000011
4760.000000000004
11372.25000000001
4544.000000000005
11004.750000000013
4374.0000000000055
10688.750000000013
4326.000000000004
10315.00000000001
4270.000000000005
10083.000000000011
4641.0000000000055
10045.25000000001
5445.0000000000055
9847.25000000001
6363.000000000007
9553.50000000001
6825.000000000008
9266.00000000001
6549.000000000008
9190.500000000007
5922.000000000005
8907.00000000001
5194.000000000004
8058.500000000008
4842.0000000000055
6831.000000000006
4946.0000000000055
5583.0000000000055
4904.000000000005
4813.250000000005
4937.000000000005
4045.500000000004
5563.0000000000055
2897.2500000000027
6231.000000000007
2529.0000000000023
6663.000000000004
2712.7500000000023
6690.000000000008
2740.500000000003
6304.000000000006
2631.250000000003
5595.0000000000055
2480.0000000000027
4902.000000000005
2303.7500000000023
4251.000000000005
2266.0000000000023
3621.000000000004
2432.7500000000027
3256.000000000003