13645.000000000013
13147.000000000016
14179.750000000016
13212.000000000011
14471.500000000018
13128.000000000016
14623.250000000015
13543.000000000015
14782.250000000015
13902.00000000001
14890.500000000013
13565.00000000001
15008.750000000015
13131.000000000013
14848.250000000015
12890.000000000011
14417.750000000015
13460.00000000001
14248.250000000011
13954.000000000013
14395.000000000016
13522.000000000015
14398.000000000015
12898.000000000013
13839.000000000015
12606.00000000001
13376.750000000015
12423.00000000001
13117.000000000016
12532.000000000013
12968.750000000015
12389.000000000011
12792.250000000013
12358.000000000011
12935.750000000013
12625.000000000016
13262.750000000013
12372.000000000011
12839.750000000015
12427.000000000007
12469.500000000011
12859.000000000015
12600.500000000015
13599.000000000015
12694.000000000015
14405.000000000018
12471.250000000013
13872.000000000015
12138.250000000015
13652.000000000011
12110.250000000015
13592.000000000011
12378.000000000013
12857.000000000013
12543.25000000001
12534.000000000007
12826.250000000013
11562.000000000013
12806.750000000013
11172.00000000001
12577.500000000011
10949.000000000015
12433.750000000013
10675.000000000011
12578.500000000015
10459.000000000011
12795.500000000013
10495.000000000007
12905.750000000013
10971.000000000015
12730.500000000011
11269.000000000011
12699.500000000015
11570.000000000013
13140.750000000011
11831.000000000015
13366.750000000015
11947.000000000011
13318.250000000015
12305.000000000016
12860.000000000015
12353.000000000013
12422.00000000001
12315.000000000015
12377.000000000015
12093.000000000007
12431.000000000013
12434.000000000011
12237.000000000011
13174.000000000007
12164.00000000001
14577.000000000016
12127.500000000013
15165.000000000015
12200.000000000013
15076.000000000015
12545.500000000015
14134.000000000016
13716.000000000016
13072.000000000015
14491.250000000015
12385.000000000013
14863.000000000015
11584.000000000013
14972.250000000015
11556.000000000011
15321.500000000015
11435.000000000015
15671.000000000016
11006.000000000013
16224.750000000016
11080.000000000011
16485.750000000015
10895.000000000011
16261.750000000018
10824.000000000011
16296.500000000015
10954.000000000013
16138.500000000016
11163.000000000011
15729.500000000015
11154.000000000011
15378.750000000016
11249.000000000013
14976.000000000015
11290.000000000013
14992.000000000016
10809.000000000011
14934.000000000015
10326.000000000011
15029.000000000015
9374.000000000011
15144.000000000016
8538.000000000007
14855.750000000013
8466.000000000005
14332.250000000015
8502.00000000001
14350.000000000015
9049.000000000013
14676.000000000015
8889.000000000011
14276.000000000015
9762.000000000011
14066.500000000016
11338.000000000013
13854.250000000015
11281.000000000013
13288.250000000015
12770.000000000011
12515.000000000013
13713.000000000011
11939.000000000015
13676.000000000016
11130.500000000011
13132.000000000016
11911.000000000013
12826.000000000013
13192.500000000013
13372.000000000016
13170.000000000013
12311.000000000011
12803.750000000011
12041.00000000001
13097.250000000015
13144.000000000016
13132.750000000015
13082.000000000016
12337.500000000013
12409.00000000001
11307.500000000011
9478.000000000005
10968.250000000013
10199.000000000013
11482.250000000013
12562.000000000015
11465.000000000013
13885.000000000015
11044.75000000001
14629.000000000015