8834.500000000007
3788.0000000000036
8733.25000000001
3808.000000000004
7372.500000000006
4455.000000000004
5932.5000000000055
4850.0000000000055
5463.5000000000055
4974.000000000005
5454.0000000000055
5389.000000000006
5464.5000000000055
5360.0000000000055
5748.500000000006
5773.0000000000055
6354.250000000006
6813.000000000005
7362.250000000007
5960.000000000005
8222.25000000001
5867.0000000000055
8942.50000000001
5890.0000000000055
9346.250000000011
5171.0000000000055
9911.75000000001
5531.000000000006
10438.500000000011
6096.000000000007
10659.750000000011
6462.000000000007
11522.500000000011
7174.000000000008
12494.500000000013
7297.000000000008
13273.250000000015
6758.0000000000055
13583.250000000015
6073.0000000000055
13782.250000000013
6232.000000000003
13594.750000000013
6980.000000000008
15242.000000000015
7861.000000000008
18078.75000000002
8139.000000000009
18591.250000000022
8632.00000000001
19061.00000000002
8535.000000000005
19465.50000000002
8538.000000000007
19558.75000000002
8396.000000000005
19539.000000000015
7906.000000000008
19655.750000000022
7896.000000000007
19762.250000000022
7951.000000000009
19919.500000000022
7697.000000000009
19851.500000000022
8020.000000000008
19410.25000000002
7522.000000000005
19158.50000000002
7112.000000000008
18940.750000000022
6959.000000000007
19085.000000000022
6623.000000000005
19333.500000000022
6403.000000000006
19155.25000000002
6599.000000000007
18141.25000000002
7376.000000000008
17802.000000000022
8347.000000000007
17973.00000000002
8947.000000000011
18506.75000000002
9007.000000000005
19249.00000000002
8159.000000000007
19614.50000000002
7222.000000000007
19411.750000000022
6563.000000000007
19240.00000000002
5457.000000000006
19298.50000000002
4796.000000000005
19222.250000000015
4522.000000000005
18665.00000000002
3943.0000000000036
18292.75000000002
3893.000000000004
18204.50000000002
3565.000000000004
18157.00000000002
3199.000000000003
17929.500000000022
3295.0000000000027
17544.750000000015
3254.0000000000036
17180.500000000015
3452.0000000000036
17082.00000000002
3473.000000000003
16866.50000000002
3221.000000000004
16669.50000000002
3138.000000000003
16030.500000000016
3161.000000000003
15394.750000000016
2961.0000000000023
15118.500000000016
3094.0000000000036
15141.250000000018
3362.0000000000045
15057.500000000013
3558.0000000000027
15004.000000000013
3563.0000000000023
14883.000000000016
3718.0000000000027
15246.250000000015
3952.000000000004
15128.000000000016
3884.000000000004
14658.250000000016
3603.0000000000027
14370.250000000015
3780.0000000000023
13920.000000000016
4413.000000000004
13062.000000000015
4374.000000000003
12173.500000000013
4209.000000000005
10954.500000000011
3944.0000000000036
9069.50000000001
4140.000000000005
8036.750000000006
4433.000000000005
7377.250000000007
4546.0000000000055
6393.750000000006
4489.000000000005
6205.2500000000055
4556.000000000005
6280.000000000006
4618.000000000004
5995.250000000006
4567.000000000005
5610.7500000000055
4357.000000000005
5163.0000000000055
4714.000000000004
4664.0000000000055
4852.000000000006
4988.000000000005
5023.000000000004
5176.7500000000055
5342.0000000000055
5011.750000000005
5661.000000000006
4798.5000000000055
5528.0000000000055
4739.250000000005
5722.000000000006
4742.500000000005
5958.0000000000055