26989.00000000003
25036.000000000015
26843.500000000033
25058.00000000002
26671.750000000033
24952.000000000025
26469.75000000003
24909.00000000003
26284.000000000025
24935.000000000025
26139.250000000025
24856.000000000015
26019.75000000003
24838.000000000022
25979.75000000003
25464.000000000033
25141.25000000003
23205.00000000001
24313.00000000002
20205.000000000022
23542.750000000022
20535.000000000025
22967.000000000022
20146.000000000025
23088.250000000022
19450.000000000015
22933.000000000022
18845.000000000022
22999.250000000022
17406.00000000002
24512.00000000002
19309.000000000025
25875.25000000003
24695.00000000003
26116.25000000003
25927.00000000002
25622.75000000003
24015.000000000015
26210.00000000003
24735.00000000003
26405.00000000002
27185.000000000033
26280.250000000025
27119.000000000025
26402.750000000025
27198.00000000003
26496.750000000025
27249.000000000033
26012.25000000003
26946.000000000033
24429.750000000025
26586.00000000003
23953.000000000025
25822.00000000002
24174.000000000025
25268.00000000003
23730.000000000022
25376.000000000015
24319.500000000025
25697.000000000025
26317.00000000003
26884.000000000033
26271.50000000003
26721.00000000002
26064.500000000022
26601.00000000003
26062.750000000025
26497.000000000022
26036.000000000025
26373.00000000003
26097.750000000022
26215.000000000025
25242.000000000025
26204.000000000033
23705.250000000025
26082.00000000003
23685.500000000025
25925.000000000025
23169.750000000022
25846.000000000025
22833.000000000022
25617.000000000022
24269.75000000003
25397.00000000003
23891.250000000025
25265.000000000015
21975.250000000022
25093.00000000003
24312.250000000025
24704.000000000015
25262.500000000022
24430.000000000015
23658.750000000025
23354.00000000002
24119.25000000002
23369.00000000002
25083.50000000003
24244.00000000003
25541.75000000002
24630.00000000003
26092.250000000025
24953.00000000002
26095.25000000003
25140.000000000022
26444.75000000003
25462.00000000003
26631.50000000002
25651.00000000003
26633.25000000003
25741.00000000003
26752.000000000022
25825.00000000003
26944.250000000025
26102.00000000003
27064.000000000033
26141.00000000002
27109.25000000003
26100.00000000003
27185.750000000033
26256.000000000033
27143.250000000033
26268.000000000022
27256.50000000003
26358.00000000001
27141.250000000025
26218.00000000002
27057.50000000003
26226.000000000015
27339.000000000033
26260.000000000025
27206.000000000033
26127.00000000003
27121.00000000003
26151.000000000015
27233.50000000003
26168.000000000015
27324.750000000025
26105.000000000025
27334.250000000025
26058.000000000022
27326.500000000025
26091.000000000015
27390.25000000003
26074.000000000033
27309.500000000025
25927.00000000002
27340.250000000033
25773.00000000003
27284.250000000033
25656.000000000033
27281.25000000003
25688.000000000033
27129.250000000033
25843.00000000003
26948.250000000025
25724.000000000022
26816.00000000003
25697.000000000025
26299.750000000033
25854.00000000002
26245.75000000003
25831.00000000003
26003.75000000003
25801.000000000033
26225.250000000025
25822.00000000002
26348.25000000003
25769.000000000022
26454.750000000025
25917.000000000022
26585.25000000003
25947.00000000001
26729.500000000025
25975.00000000003
26900.750000000022
26112.00000000003
27015.250000000025
26244.000000000025
27367.25000000003
26136.000000000033