3770.250000000004
1801.0000000000023
3526.7500000000036
1997.0000000000023
3832.5000000000036
1793.0000000000023
4461.750000000005
1328.0000000000014
4755.2500000000055
1243.0000000000014
5179.750000000005
1611.0000000000016
4975.7500000000055
1674.0000000000018
4727.250000000005
1553.0000000000011
4440.750000000005
1326.0000000000014
4594.750000000004
1196.0000000000011
4897.250000000005
1225.0000000000014
4996.2500000000055
1768.0000000000018
5887.250000000006
2223.0000000000014
7176.250000000007
2723.000000000003
6296.000000000006
3003.0000000000023
5720.500000000006
2795.0000000000027
5354.5000000000055
2907.0000000000027
5418.0000000000055
3006.0000000000027
5224.000000000004
2939.0000000000036
5419.500000000006
2988.0000000000023
5463.5000000000055
3077.000000000003
5738.750000000006
3119.000000000003
6219.2500000000055
3041.0000000000023
7043.500000000008
2869.0000000000027
7703.250000000006
2296.000000000002
8267.750000000007
1930.0000000000011
8664.250000000007
1839.000000000002
9083.00000000001
1678.0000000000014
9776.000000000011
1461.0000000000014
10363.500000000011
1397.0000000000011
10659.250000000011
1128.000000000001
11002.000000000011
1128.000000000001
11594.00000000001
1052.000000000001
11810.000000000015
1051.000000000001
11831.500000000011
1102.0000000000014
11913.750000000011
1625.0000000000018
12169.000000000013
2089.0000000000023
12557.750000000013
2107.0000000000014
12821.750000000013
2324.0000000000014
12717.000000000011
2293.0000000000023
12724.250000000013
1964.0000000000018
12791.250000000013
2108.000000000001
13161.500000000015
2357.000000000002
13878.500000000015
2170.0000000000027
14232.500000000016
1985.0000000000023
14049.750000000015
1987.0000000000011
13838.250000000015
2147.0000000000014
13872.750000000011
2723.000000000003
14157.250000000015
5445.0000000000055
14599.000000000015
6283.000000000004
14443.750000000015
4039.0000000000045
13925.000000000016
3805.000000000004
13382.500000000011
4075.0000000000045
13215.000000000013
3843.0000000000036
13078.250000000011
3956.000000000004
12540.750000000013
3724.000000000004
11475.75000000001
3903.000000000002
10045.25000000001
3939.000000000004
9011.25000000001
3854.0000000000036
7559.750000000007
3367.000000000004
6160.500000000006
3479.0000000000023
4812.750000000005
2720.000000000003
3849.0000000000036
2511.0000000000027
3515.7500000000036
2675.0000000000027
3314.500000000003
2613.0000000000027
3332.7500000000036
2689.0000000000023
3242.0000000000027
3038.000000000003
3333.0000000000036
2982.000000000003
3321.7500000000036
2935.000000000003
3702.250000000004
3034.0000000000036
4212.000000000004
2793.0000000000027
4171.000000000005
2588.0000000000023
3880.750000000004
2732.0000000000027
3733.0000000000027
2872.0000000000027
3887.000000000003
3057.0000000000036
4245.500000000005
3098.0000000000023
4616.750000000004
2558.0000000000023
6069.500000000006
2468.0000000000027
7363.000000000006
4674.000000000005
4245.500000000005
7813.000000000008
3558.000000000004
6554.000000000005
3081.000000000003
4726.000000000004
3147.250000000003
4202.000000000003
3021.0000000000027
4620.0000000000055
2766.5000000000027
4268.0000000000055
2821.7500000000027
3751.000000000003
2849.5000000000027
3925.0000000000036
2930.250000000003
4395.0000000000055
3043.5000000000027
4812.000000000003
3244.250000000003
4399.000000000005