18091.25000000002
17441.000000000015
18122.500000000015
17445.00000000002
18133.25000000002
17518.000000000015
18200.00000000002
17598.00000000002
18240.25000000002
17689.00000000002
18297.000000000022
17723.000000000022
18353.75000000002
17707.00000000002
18386.75000000002
17703.000000000022
18429.00000000002
17771.000000000022
18507.000000000022
18319.000000000022
18551.250000000015
18789.000000000022
18620.00000000002
18645.000000000015
18867.25000000002
18650.00000000002
18931.250000000022
18939.00000000002
18862.25000000002
18987.00000000001
18741.750000000022
18820.00000000001
18762.50000000002
18871.000000000015
19094.000000000022
19294.000000000022
19449.75000000002
19823.00000000002
19958.75000000002
20738.000000000022
20474.25000000002
20780.00000000002
20912.75000000002
21033.00000000002
21369.750000000022
21311.000000000022
21575.500000000025
21741.00000000002
21586.000000000022
21968.000000000025
21250.250000000025
21957.00000000002
20894.000000000022
21992.000000000022
20276.00000000002
22277.00000000003
20482.000000000022
22329.000000000022
20772.750000000022
22202.00000000003
21241.750000000022
21922.000000000025
21786.000000000022
21988.000000000022
21668.50000000002
22322.00000000002
21641.250000000022
22192.000000000022
21489.50000000002
22065.000000000022
21064.750000000022
21704.000000000022
20529.75000000002
21547.000000000022
20268.000000000022
21420.00000000002
20534.500000000022
21240.00000000002
20729.750000000022
20820.000000000022
20349.250000000025
20021.00000000002
19560.000000000022
18917.000000000015
19295.75000000002
18538.000000000015
19246.250000000022
18508.000000000015
19952.50000000002
18527.00000000002
20627.750000000022
18505.000000000015
20729.250000000022
18530.00000000001
20595.250000000022
18557.00000000002
20528.000000000022
18455.00000000001
20805.250000000022
18419.00000000002
20920.00000000002
18827.000000000015
21113.50000000002
19460.000000000022
21500.000000000022
19687.00000000002
22369.00000000003
20147.000000000022
22491.750000000022
20538.00000000002
22518.250000000025
20625.000000000015
22731.250000000022
20747.000000000025
22990.000000000025
20736.00000000002
23160.000000000022
20755.000000000025
23232.500000000022
20977.000000000025
23289.500000000025
21077.000000000022
23331.250000000025
21149.00000000002
23429.250000000025
21363.000000000025
23526.000000000022
21304.00000000001
23558.75000000003
21178.000000000022
23635.75000000003
21099.000000000025
23571.500000000025
20817.00000000002
23473.000000000022
20317.000000000022
23364.250000000022
19920.000000000022
23153.000000000025
19501.000000000022
22977.250000000022
19218.000000000022
22707.000000000022
18685.000000000022
22282.500000000022
18374.000000000022
21884.000000000022
18358.000000000022
21050.250000000022
18329.00000000002
19914.25000000002
18336.000000000022
19031.000000000022
18238.00000000002
18802.500000000022
18222.00000000002
18766.25000000002
18310.000000000015
18756.750000000015
18250.00000000002
18726.750000000015
18232.000000000015
18664.00000000002
18198.000000000022
18641.250000000022
18067.00000000002
18572.750000000022
18072.00000000001
18518.50000000002
18043.000000000022
18465.50000000002
18020.000000000015
18410.50000000002
17967.00000000001
18352.75000000002
18003.000000000015
18307.500000000022
17920.00000000002
18251.250000000022
17830.00000000001