23963.50000000001
23924.00000000002
23968.000000000004
23964.000000000015
23968.250000000007
23956.000000000022
23985.250000000007
23944.000000000015
23877.750000000007
23960.000000000007
23287.750000000007
24036.000000000015
22898.000000000015
22518.00000000002
22408.250000000015
19767.000000000022
22064.50000000002
17892.00000000001
22010.50000000001
16361.000000000018
22458.25000000002
16198.000000000016
23700.250000000015
17184.00000000002
24891.00000000002
20396.000000000015
25295.25000000002
25222.000000000033
25384.25000000002
26802.000000000025
25349.250000000022
27368.000000000022
25653.250000000025
27332.00000000003
25898.500000000022
27400.00000000003
26085.500000000025
27628.000000000033
26278.000000000025
27152.000000000022
26340.250000000022
27682.00000000002
26393.500000000025
27818.000000000022
26423.750000000025
28018.000000000025
26458.250000000033
27684.00000000003
26154.75000000003
26211.000000000033
25808.00000000003
24065.00000000003
25750.250000000025
23271.000000000022
25749.250000000025
22950.000000000025
26197.00000000003
23682.000000000022
26811.75000000003
26087.000000000025
26867.75000000003
27292.000000000033
26937.250000000033
27227.000000000033
27069.75000000003
27071.000000000033
27147.50000000003
27031.000000000025
27088.500000000025
27024.000000000025
26941.000000000033
26629.00000000002
26750.25000000003
25950.000000000025
26867.75000000003
25330.000000000025
26814.00000000003
25407.000000000025
26488.00000000003
25715.00000000002
26058.250000000025
26249.00000000003
25783.500000000025
26554.00000000002
25800.50000000003
26321.000000000007
25877.000000000025
25726.00000000003
25327.750000000022
24817.00000000003
24374.500000000025
23652.000000000022
24345.500000000022
23487.00000000003
23821.00000000002
24007.00000000002
23721.75000000002
23730.000000000015
24115.250000000025
23631.00000000001
24514.250000000022
24656.000000000022
24357.000000000025
25539.000000000015
24663.250000000025
26099.00000000001
24602.50000000003
26226.000000000015
24888.250000000022
26147.00000000003
25272.000000000025
26080.000000000025
25398.250000000025
25962.00000000003
25670.50000000003
26098.00000000002
25645.00000000003
26180.000000000022
25603.000000000025
26106.000000000033
25657.500000000025
26130.00000000003
25888.250000000022
25951.000000000022
26127.750000000022
25610.00000000002
26115.00000000003
25293.000000000025
25995.500000000025
25222.000000000015
25964.25000000003
25142.000000000022
25814.75000000003
24900.000000000022
25776.500000000025
24890.000000000025
25657.750000000022
24942.00000000003
25560.25000000003
24762.000000000015
25490.500000000025
24459.000000000022
25419.000000000025
24270.00000000002
25400.750000000033
24234.00000000003
25318.500000000025
24462.000000000015
25436.50000000003
24427.000000000022
25375.750000000025
24400.000000000015
25232.250000000025
24469.000000000025
25131.500000000022
24280.000000000025
24994.750000000015
24319.000000000022
24824.000000000015
24346.00000000001
24676.00000000002
24164.00000000001
24539.75000000002
23962.000000000007
24451.250000000025
23921.000000000025
24220.25000000002
23966.00000000002
24040.75000000001
23968.000000000004
23973.50000000002
23968.000000000004
23967.750000000015
23968.000000000004
23971.50000000001
23968.000000000004
23964.25000000002
23968.000000000004
23968.000000000004
23968.000000000004