32640.000000000033
32640.000000000033
32640.000000000033
32640.000000000033
32640.000000000033
32640.000000000033
32640.000000000033
32640.000000000033
32640.000000000033
32640.000000000033
32640.000000000033
32640.000000000033
32638.000000000033
32553.000000000033
32510.250000000036
26813.00000000002
30918.250000000033
22056.000000000022
29554.00000000003
20875.00000000002
28658.250000000033
20989.000000000022
28913.000000000025
22807.000000000025
29450.250000000033
25327.000000000033
29926.250000000036
27662.000000000025
30187.000000000033
28923.000000000015
30296.50000000003
29567.000000000025
30254.250000000033
29581.000000000036
30164.25000000003
30037.00000000003
30106.750000000033
30286.000000000036
29948.000000000033
30309.000000000033
29696.00000000003
30537.000000000033
29597.750000000033
30476.000000000033
29374.75000000003
30198.000000000033
28829.750000000025
29880.000000000033
28519.750000000025
30087.000000000033
28253.750000000033
29828.000000000033
28315.50000000003
30301.000000000033
28602.750000000025
30644.000000000036
28572.000000000033
30771.000000000036
28442.00000000003
30814.000000000033
28450.50000000003
31029.000000000033
28283.250000000033
31040.000000000036
27763.25000000003
30729.000000000033
26855.000000000033
30902.000000000033
26395.750000000033
31133.00000000003
26827.500000000033
31454.00000000003
26796.750000000025
31387.000000000036
26287.25000000003
31198.000000000036
25505.500000000025
31064.000000000036
25510.250000000025
31152.00000000003
25397.500000000025
31202.000000000033
26611.75000000003
31528.000000000036
27237.75000000003
32472.000000000033
26892.25000000003
32636.000000000033
26505.750000000025
32624.000000000036
26410.750000000025
32640.000000000033
26415.750000000025
32640.000000000033
25903.750000000025
32640.000000000033
25566.500000000022
32485.000000000033
25423.000000000025
32109.000000000036
25932.500000000025
32083.000000000036
26466.500000000025
31971.000000000033
27094.250000000025
31802.000000000036
27348.250000000033
31635.000000000033
27638.25000000003
31588.000000000033
27840.000000000033
31431.000000000033
27870.250000000033
31341.000000000033
27918.250000000033
31252.000000000033
27950.50000000003
31210.000000000033
28068.500000000022
31180.00000000003
28172.50000000003
31155.00000000003
28308.500000000033
31186.000000000036
28469.25000000003
31202.000000000033
28502.50000000003
31215.000000000033
28679.000000000033
31270.000000000033
28767.750000000033
31363.000000000033
29132.000000000033
31496.000000000033
29504.250000000025
31498.000000000036
29856.500000000036
31555.000000000033
30047.000000000036
31633.000000000033
30151.75000000003
31672.00000000002
30273.25000000003
31794.000000000036
30422.00000000003
32055.000000000036
30597.500000000036
32386.000000000033
30772.500000000036
32618.000000000036
31015.75000000003
32633.000000000036
28808.250000000033
32640.000000000033
24443.000000000025
32640.000000000033
29483.500000000025
32640.000000000033
32592.500000000036
32640.000000000033
31599.00000000003
32640.000000000033
31469.000000000036
32640.000000000033
32474.000000000033
32640.000000000033
32631.000000000036
32640.000000000033
32640.000000000033
32640.000000000033
32640.000000000033
32640.000000000033
32640.000000000033
32640.000000000033
32640.000000000033
32640.000000000033
32640.000000000033
32640.000000000033
32630.250000000036
32640.000000000033