5003.500000000005
5300.0000000000055
4774.7500000000055
4644.0000000000055
4794.000000000005
4477.000000000003
4893.750000000005
4389.000000000003
4994.2500000000055
4395.000000000005
5033.7500000000055
4513.0000000000055
4935.0000000000055
4678.000000000003
4845.250000000005
4633.000000000003
4740.250000000004
4438.000000000005
4759.0000000000055
4207.0000000000055
4859.750000000005
4229.000000000003
4894.500000000005
4347.0000000000055
4886.2500000000055
4496.000000000003
4899.2500000000055
4867.0000000000055
4996.0000000000055
5089.000000000005
5377.000000000005
5142.000000000006
5683.2500000000055
5105.000000000003
6244.750000000006
5017.0000000000055
7041.750000000007
4887.000000000005
7601.750000000006
5261.0000000000055
8006.250000000009
6078.000000000006
8066.750000000007
7492.000000000009
8398.750000000007
8679.000000000011
8760.75000000001
8433.00000000001
8611.750000000007
8225.000000000007
8724.500000000011
8227.00000000001
12373.750000000013
9817.000000000007
12792.500000000015
12800.000000000011
12984.750000000013
11782.000000000016
13277.250000000013
12990.000000000015
13424.250000000011
14723.000000000015
13501.750000000013
17233.00000000002
13126.250000000013
19263.000000000022
13647.500000000013
19882.000000000022
14687.750000000013
20249.00000000002
15126.500000000018
20217.000000000025
15953.250000000016
20229.000000000025
16485.00000000002
21013.000000000025
16343.000000000011
21910.00000000002
16725.000000000015
20175.000000000022
17405.000000000022
19021.000000000022
18189.000000000015
18448.000000000022
19168.500000000015
17365.000000000015
20231.00000000002
16675.000000000022
21420.500000000022
16013.000000000016
21961.000000000022
15198.000000000015
22625.250000000025
14467.000000000015
22316.75000000003
14169.000000000015
22381.250000000025
13451.000000000013
22444.25000000002
12592.00000000001
22371.250000000022
12165.00000000001
23217.00000000002
11332.00000000001
24425.500000000025
10353.00000000001
24602.250000000025
9354.000000000011
24212.750000000025
8200.000000000005
24216.500000000025
7015.000000000006
24459.00000000003
6096.000000000008
24802.500000000022
4648.000000000003
24908.000000000025
3506.0000000000036
24203.250000000022
3451.000000000004
24352.500000000022
3473.000000000003
24572.250000000022
3445.0000000000045
24915.25000000003
3440.0000000000027
25500.000000000025
3476.000000000003
25433.00000000003
3505.0000000000036
25123.750000000022
3612.0000000000036
24789.250000000025
3888.000000000004
24384.50000000003
4154.000000000004
24236.750000000025
4424.0000000000055
23744.250000000025
4687.0000000000055
23198.500000000022
4832.000000000004
22415.000000000022
4813.000000000004
21321.000000000022
4824.0000000000055
20416.750000000022
4893.000000000004
20496.000000000022
5043.000000000006
19955.25000000002
5219.000000000006
19442.500000000022
5578.0000000000055
18739.50000000002
6241.000000000007
17725.50000000002
6706.000000000006
15042.750000000016
6889.000000000009
12384.250000000011
6854.000000000004
11794.000000000011
6828.000000000007
10863.75000000001
6510.000000000007
9684.50000000001
6211.000000000005
7613.250000000009
5939.000000000007
5018.7500000000055
5981.0000000000055
4391.500000000005
6126.0000000000055
4352.500000000004
6207.000000000004
4292.500000000004
6226.000000000007
4298.500000000005
6875.000000000007