4835.250000000005
6736.000000000006
4872.750000000005
7008.000000000007
4862.500000000004
7384.000000000007
4712.000000000005
7496.000000000008
4537.7500000000055
8005.000000000007
4566.0000000000055
8582.000000000007
4784.250000000005
8744.00000000001
5027.7500000000055
8118.000000000008
5275.5000000000055
6712.0000000000055
5537.5000000000055
5273.0000000000055
6372.250000000007
4034.000000000005
6960.250000000007
3567.0000000000036
7586.000000000008
3725.000000000004
8233.000000000007
4040.000000000003
8642.500000000007
4438.000000000005
8908.25000000001
4583.000000000003
9285.750000000007
4525.000000000005
9518.75000000001
4613.000000000005
9875.000000000011
5271.000000000006
10389.50000000001
6224.0000000000055
10741.250000000011
6828.000000000007
11133.750000000013
6726.000000000003
11405.750000000011
6453.0000000000055
11569.500000000011
6615.000000000005
11877.250000000013
6756.000000000006
11985.000000000013
6513.000000000007
12257.50000000001
6019.0000000000055
12589.250000000015
5845.000000000007
13218.250000000013
5948.000000000006
13522.750000000016
5802.000000000004
13712.000000000015
5403.0000000000055
14018.250000000013
5213.000000000004
14626.000000000015
5300.0000000000055
19183.500000000015
6408.0000000000055
22469.750000000022
9948.00000000001
23370.500000000022
11193.000000000011
23997.500000000025
11931.000000000011
24473.25000000003
13231.00000000001
24540.750000000025
14540.000000000015
24695.250000000025
14681.000000000016
24621.500000000025
16251.000000000022
24146.500000000022
18271.00000000001
23858.750000000022
19615.000000000022
23640.250000000022
20319.000000000015
23579.75000000002
20484.000000000022
23697.75000000003
20739.00000000001
23844.250000000022
20560.000000000022
23491.750000000025
19762.00000000002
23393.75000000003
19230.00000000002
23548.250000000022
18907.000000000022
23379.750000000022
18428.000000000022
23882.000000000025
17440.000000000015
24668.250000000022
16766.000000000022
24671.250000000025
16315.000000000016
24526.000000000033
16066.000000000013
25165.750000000025
15677.000000000016
25799.250000000022
14775.000000000018
25562.250000000025
13611.00000000001
24921.250000000025
12234.000000000015
24789.500000000025
10406.00000000001
24530.75000000003
9384.00000000001
24415.000000000025
8071.000000000007
24161.250000000025
6416.000000000007
23565.000000000025
5625.000000000006
23478.500000000025
5232.0000000000055
23686.500000000022
4993.000000000006
23495.000000000025
4863.000000000004
23349.000000000025
4635.0000000000055
23126.500000000025
4261.000000000004
23317.25000000003
3972.000000000003
22739.500000000025
3626.000000000004
22285.75000000002
3239.0000000000023
22229.250000000025
3390.000000000004
21708.250000000025
4311.000000000004
20895.500000000022
4886.0000000000055
19916.75000000002
4690.000000000003
18979.500000000022
3833.0000000000045
17890.00000000002
3042.000000000002
16767.00000000002
3016.0000000000027
16262.500000000015
3462.0000000000036
15257.500000000015
4556.000000000005
13496.500000000015
5915.000000000005
10810.75000000001
6967.000000000007
7565.750000000008
7704.000000000007
5975.7500000000055
7887.000000000007
5576.500000000005
7793.000000000007
4992.000000000005
7639.000000000008
4704.500000000005
7618.000000000007
4577.750000000005
7831.000000000008
4506.000000000005
7821.000000000009