31591.250000000033
31631.000000000036
28496.00000000003
22164.000000000022
26981.25000000003
13313.000000000013
25991.00000000003
9256.00000000001
24799.250000000025
6107.000000000008
23342.500000000022
4362.000000000005
22394.250000000025
4316.000000000005
21668.25000000002
4677.0000000000055
20557.75000000002
5407.0000000000055
20253.000000000022
5319.0000000000055
19733.500000000022
5504.000000000006
19356.250000000022
7872.000000000007
19870.250000000025
10669.00000000001
20445.00000000002
13801.000000000013
20862.500000000025
16274.000000000016
20877.500000000025
18541.000000000025
20841.00000000002
18885.000000000022
20198.750000000022
18417.00000000002
19298.25000000002
19431.000000000022
18888.75000000002
18121.00000000001
18657.75000000002
17361.00000000002
18453.25000000002
18219.000000000007
18606.000000000022
17699.000000000015
18705.00000000002
19086.000000000015
19362.25000000002
23969.00000000001
20604.000000000022
25150.00000000002
20997.00000000002
25422.000000000033
21011.250000000025
25148.00000000003
20741.500000000022
25147.000000000015
20171.750000000022
25202.000000000022
19365.25000000002
23598.00000000002
18564.25000000002
20127.00000000002
17822.00000000002
18151.00000000001
17331.50000000002
17512.00000000001
16932.25000000002
17062.000000000022
16711.250000000015
19339.000000000022
17904.25000000002
21657.000000000025
18801.75000000002
20959.000000000015
18276.25000000002
21455.000000000022
19226.25000000002
24788.00000000002
22937.000000000025
31692.000000000033
24364.750000000025
32640.000000000033
24438.00000000003
32640.000000000033
24190.750000000022
32640.000000000033
24065.750000000025
32640.000000000033
23828.000000000022
32232.000000000033
23597.750000000022
30940.00000000003
23396.750000000022
29195.000000000025
23569.000000000022
28359.00000000003
22807.500000000022
27039.000000000025
22499.250000000022
24741.00000000002
22221.000000000022
23873.00000000003
22286.50000000002
25153.00000000003
22541.750000000025
24845.000000000025
22546.750000000022
25205.000000000015
22791.250000000025
26705.000000000033
23236.000000000022
27476.000000000033
23370.500000000025
26952.000000000025
23389.250000000025
26628.000000000025
23346.750000000025
26593.000000000033
23495.750000000025
26326.00000000003
23464.25000000002
26156.00000000002
23514.000000000022
25983.00000000003
23575.50000000003
26059.000000000015
23631.250000000025
26036.00000000002
23794.75000000002
26003.000000000025
23837.25000000003
25846.00000000003
23792.250000000022
25879.000000000025
23853.000000000025
25842.000000000022
23909.750000000025
25772.000000000025
24015.25000000003
25684.000000000025
24322.25000000003
25797.000000000022
24497.750000000025
25832.000000000025
24604.00000000003
26378.000000000015
24800.000000000022
26598.000000000025
25359.000000000022
26883.000000000015
26084.00000000003
27069.000000000025
26379.750000000025
27830.00000000003
26661.50000000003
28103.000000000025
26889.75000000003
28067.000000000033
27059.00000000003
28332.000000000025
27310.250000000025
28921.000000000025
27519.000000000033
29260.000000000033
27837.75000000003
29659.000000000025
28216.750000000022
30261.000000000025
28612.750000000033
30891.000000000036
28972.50000000003
31955.000000000033
29486.000000000025
32640.000000000033
31177.000000000036
32640.000000000033
32453.750000000033
32640.000000000033