4751.250000000005
5076.000000000004
4819.750000000005
5594.0000000000055
4900.000000000005
5850.000000000003
4930.750000000004
5873.000000000007
4913.000000000005
5885.000000000005
5012.7500000000055
6250.000000000005
5023.7500000000055
6642.000000000007
5108.750000000005
6818.000000000007
5194.5000000000055
6688.000000000008
5331.5000000000055
6417.000000000005
5561.2500000000055
6214.000000000004
5645.250000000006
6070.000000000006
5641.7500000000055
6269.000000000007
5582.250000000006
6596.000000000006
5546.500000000006
6835.000000000007
5690.0000000000055
7002.0000000000055
5766.750000000006
7085.000000000008
5932.750000000006
7045.000000000006
6045.7500000000055
6897.000000000005
6085.250000000006
6598.0000000000055
6137.500000000006
6078.000000000006
6320.000000000006
5771.0000000000055
6405.750000000006
5708.000000000006
6545.500000000007
5654.0000000000055
6491.500000000007
5783.0000000000055
6522.250000000008
5952.000000000005
7559.500000000007
6172.0000000000055
8695.75000000001
6258.000000000005
9188.75000000001
6351.000000000004
10154.750000000011
6469.0000000000055
11211.000000000013
6649.000000000006
11952.250000000013
6731.000000000007
12830.000000000011
6776.000000000007
13403.000000000013
6914.000000000008
14068.750000000013
7159.000000000008
14783.250000000016
6981.000000000005
15715.500000000016
6709.000000000008
16624.250000000022
6478.000000000005
17273.250000000022
6321.000000000006
17880.25000000002
6711.000000000008
18161.750000000022
7767.000000000008
18244.750000000015
8509.00000000001
18465.000000000015
9611.000000000007
18646.000000000022
10058.000000000011
18823.750000000022
10056.00000000001
19162.25000000002
9159.000000000005
19365.75000000002
7890.000000000008
19405.75000000002
7156.000000000005
19589.000000000022
6931.000000000006
19657.50000000002
6874.000000000005
19781.250000000022
7175.000000000008
19753.500000000025
7600.000000000008
19750.75000000002
7337.0000000000055
19642.000000000022
7191.000000000007
19275.25000000002
6955.000000000007
18811.250000000022
6786.000000000006
18369.75000000002
6764.000000000008
18257.25000000002
6741.000000000007
18223.25000000002
6703.000000000008
17839.50000000002
6723.000000000006
17349.250000000022
6494.000000000005
17263.00000000002
6143.000000000005
17376.00000000002
5640.0000000000055
18053.500000000022
5244.0000000000055
18778.25000000002
4881.0000000000055
19252.25000000002
4331.000000000005
19232.75000000002
3840.000000000004
19166.750000000022
3636.000000000004
19226.00000000002
3486.0000000000036
19035.750000000022
3174.0000000000036
18696.750000000022
3103.000000000002
18472.50000000002
3004.000000000002
18099.50000000002
2913.000000000003
17523.00000000002
2818.000000000003
16888.00000000002
2704.000000000003
16207.500000000018
2564.000000000003
15178.250000000015
2449.000000000003
13874.750000000015
2449.0000000000027
12710.000000000013
2384.0000000000027
11199.500000000013
2234.0000000000023
9055.25000000001
2163.000000000002
7641.000000000008
2045.000000000002
6534.500000000006
1931.000000000002
5065.000000000005
1931.000000000002
4739.2500000000055
1870.0000000000018
4971.2500000000055
1923.0000000000023
5088.250000000005
2002.0000000000018
5581.5000000000055
2181.0000000000014
6371.250000000006
2037.000000000002
6691.000000000007
1772.0000000000023