4661.000000000005
5900.000000000005
4724.2500000000055
5746.0000000000055
4689.250000000005
5815.000000000005
4800.7500000000055
6329.000000000006
4718.000000000004
6527.000000000006
4542.5000000000055
6619.000000000006
4538.5000000000055
6744.000000000007
4588.750000000005
6507.0000000000055
4390.000000000005
6273.000000000005
4259.000000000005
6627.000000000008
4169.750000000005
6867.000000000005
4130.500000000003
7166.000000000009
4052.500000000004
7550.0000000000055
4084.500000000003
7323.00000000001
4016.0000000000036
7982.000000000008
4011.000000000004
8814.00000000001
4113.750000000005
8581.000000000011
4210.500000000005
8398.000000000005
4305.000000000005
8248.000000000007
4394.000000000004
7679.000000000008
4643.500000000005
7207.0000000000055
4759.500000000004
6259.000000000007
5139.000000000004
5956.000000000006
5522.500000000005
6275.000000000004
7664.500000000008
5394.0000000000055
12683.750000000013
5249.000000000005
16637.75000000002
5321.000000000006
18864.500000000022
6712.0000000000055
20264.000000000022
9126.000000000011
21425.250000000022
11354.000000000011
22299.250000000022
13562.000000000011
23011.750000000025
14809.00000000002
23327.75000000002
15517.000000000015
23704.25000000003
15871.000000000016
23887.250000000025
16273.00000000002
24087.500000000022
17681.000000000022
23988.750000000025
17445.00000000002
23811.250000000025
16971.000000000022
24360.000000000025
17379.000000000015
24775.250000000022
17964.00000000002
24931.25000000003
18666.00000000002
25128.25000000003
19068.000000000022
25534.00000000003
19297.000000000022
25581.500000000025
19526.000000000022
25263.50000000003
19642.000000000022
24710.500000000025
19998.000000000022
24158.000000000022
19799.000000000022
23925.25000000003
19839.00000000002
23964.000000000025
19485.00000000002
24195.750000000022
18896.00000000001
24737.750000000025
17888.00000000002
25062.500000000025
17743.000000000015
24984.000000000025
17214.00000000002
24689.50000000003
16817.000000000015
24346.75000000003
16463.000000000015
24123.500000000022
15604.000000000016
23562.50000000003
14355.000000000015
23552.500000000025
13270.000000000016
23440.000000000025
12366.000000000016
23094.250000000025
10966.000000000011
22524.75000000002
9557.000000000011
21991.50000000002
7995.000000000007
21599.000000000025
6912.000000000007
21079.500000000022
5861.000000000005
20400.000000000022
4274.000000000004
20304.500000000022
3048.0000000000036
20001.75000000002
3028.0000000000036
19642.500000000022
3028.0000000000036
19174.250000000022
3217.0000000000036
19434.500000000022
3367.0000000000036
19705.750000000025
3662.0000000000023
19870.25000000002
3713.000000000003
19524.750000000015
3703.000000000004
19049.000000000022
3635.0000000000045
18634.500000000015
3668.0000000000036
18019.250000000015
3627.000000000004
17565.250000000015
3765.0000000000045
16564.25000000002
3917.0000000000045
14881.250000000013
3826.0000000000045
12623.000000000015
3731.0000000000036
10629.25000000001
3579.000000000003
8892.75000000001
3375.0000000000027
6334.000000000006
3334.0000000000036
4482.750000000005
3522.000000000004
4620.250000000005
4015.000000000004
4660.500000000005
4685.000000000005
6363.7500000000055
12209.00000000001
7550.500000000007
17638.000000000015
5133.2500000000055
10017.000000000011
3724.000000000003
5927.000000000003