28980.00000000003
30649.00000000003
29009.250000000033
30556.000000000033
29055.500000000025
30632.00000000003
29088.25000000003
30625.00000000003
29077.500000000036
30622.000000000033
29090.50000000003
30825.00000000004
29201.500000000033
29555.00000000002
28226.250000000033
24459.000000000022
27066.250000000033
21626.000000000022
26275.750000000033
18407.00000000002
25654.250000000025
16854.00000000001
25375.00000000003
17307.000000000022
25226.000000000025
17511.00000000001
25496.750000000022
18267.00000000002
26895.00000000003
22895.00000000002
27522.250000000033
25429.00000000001
27720.50000000003
26702.00000000003
28186.25000000003
28081.000000000033
28416.50000000003
29289.000000000033
28246.250000000025
29471.000000000033
28224.50000000003
29924.000000000033
28007.000000000033
29999.000000000033
27841.500000000022
29811.000000000025
27039.000000000025
27403.000000000025
25994.250000000025
25061.00000000003
25494.25000000003
24816.00000000002
25202.00000000003
24643.00000000003
25745.00000000002
25932.00000000003
26985.00000000003
30076.00000000003
27106.500000000036
30471.00000000003
27046.25000000003
30500.000000000036
26481.50000000003
30349.00000000003
25948.250000000022
30570.000000000033
25951.50000000003
30624.000000000033
25846.00000000003
29601.000000000033
24884.000000000025
27430.00000000003
24179.500000000025
26634.000000000022
23936.250000000025
27704.000000000033
23538.750000000025
28282.000000000022
23776.750000000025
30031.000000000033
23426.750000000025
30740.000000000025
22450.25000000002
30283.000000000036
21484.500000000022
30525.00000000003
24192.750000000022
30255.00000000002
25217.25000000002
28853.000000000036
24994.250000000025
29888.000000000033
25677.50000000003
30301.000000000033
26229.50000000003
30336.000000000033
26386.25000000002
30371.00000000003
26831.500000000033
30401.00000000003
26990.25000000002
30287.000000000036
26708.50000000003
30350.00000000003
26968.00000000003
30292.000000000022
27095.750000000025
30247.00000000003
27182.25000000003
30289.00000000003
27414.25000000003
30276.000000000033
27475.250000000025
30345.00000000004
27492.75000000003
30392.00000000002
27638.500000000025
30474.000000000033
28295.500000000033
30462.000000000036
28630.50000000003
30460.000000000033
28940.75000000003
30414.000000000022
28937.75000000003
30483.00000000003
29133.750000000033
30619.000000000036
29226.75000000003
30742.000000000033
29505.250000000025
30850.00000000003
29667.500000000033
30889.00000000004
29822.250000000033
30928.000000000033
30101.250000000033
31029.000000000033
30207.000000000033
31117.000000000033
30293.000000000033
31163.000000000033
30489.250000000036
31212.000000000036
30617.75000000003
31442.000000000033
30691.750000000036
31680.000000000033
30710.500000000033
31888.000000000036
30854.750000000025
32004.000000000036
31197.000000000036
31994.000000000033
31278.750000000036
31962.000000000033
31320.000000000033
31918.000000000036
31292.750000000033
31847.000000000036
31182.000000000036
31820.000000000036
31130.000000000033
31840.000000000036
31159.000000000033
31854.000000000036
31100.000000000036
31826.00000000004
29635.25000000003
31808.000000000036
27458.500000000025
31808.000000000036
27776.250000000033
31808.000000000036
30178.750000000036
31752.00000000004
31139.50000000003
31772.000000000036
31047.000000000036
31792.00000000004