3138.7500000000036
5161.0000000000055
3242.250000000003
5328.0000000000055
3296.7500000000036
5567.0000000000055
3307.000000000003
5768.0000000000055
3285.750000000004
5723.0000000000055
3430.000000000003
5650.000000000005
3523.7500000000027
5608.0000000000055
3368.000000000003
5554.000000000006
3187.7500000000036
5481.0000000000055
3077.2500000000027
5784.0000000000055
2912.2500000000027
5811.000000000004
2711.5000000000027
5651.0000000000055
2518.2500000000023
6270.0000000000055
2481.7500000000023
7365.000000000006
2452.0000000000027
7555.0000000000055
2577.2500000000027
6603.000000000006
2681.2500000000023
6491.0000000000055
2778.7500000000023
6723.000000000006
3040.500000000003
6469.0000000000055
3477.5000000000036
6256.000000000007
3874.2500000000036
5750.0000000000055
3869.000000000003
5415.000000000004
3934.0000000000036
5306.0000000000055
4733.500000000005
5169.000000000005
4956.750000000005
4797.0000000000055
5060.500000000005
4565.0000000000055
5203.000000000005
4786.0000000000055
5153.750000000005
4491.000000000005
5107.500000000005
4400.000000000003
5077.500000000005
4717.0000000000055
4832.500000000005
4434.000000000005
5192.250000000005
4300.0000000000055
6718.750000000006
4434.000000000005
7724.250000000007
4650.0000000000055
8380.75000000001
4958.000000000004
9355.00000000001
4843.000000000005
10311.750000000013
4619.000000000004
10871.250000000011
4722.000000000004
11866.000000000011
4896.0000000000055
12701.000000000011
4821.000000000004
13442.250000000016
4679.0000000000055
14256.750000000016
4775.000000000004
14732.250000000013
5372.0000000000055
14875.750000000016
6063.0000000000055
15084.000000000011
6603.000000000006
15489.750000000015
6829.000000000005
15792.750000000016
7281.000000000006
16083.000000000018
7394.000000000008
16451.75000000002
6871.000000000008
16609.25000000002
7148.000000000009
16944.00000000002
7870.0000000000055
17351.25000000002
8684.00000000001
17523.25000000002
9370.00000000001
17795.250000000015
8977.000000000011
17978.50000000002
8434.00000000001
18139.75000000002
7892.000000000007
18229.75000000002
7505.000000000007
18532.50000000002
6658.000000000008
18830.500000000015
6201.000000000008
19046.000000000022
5132.0000000000055
19244.750000000022
3228.0000000000023
19277.50000000002
2661.0000000000014
19028.00000000002
2779.0000000000023
19141.750000000022
2924.000000000004
19248.750000000022
2735.0000000000023
19332.00000000002
2583.0000000000027
19408.25000000002
2645.0000000000027
19356.500000000022
2831.0000000000027
20159.25000000002
2736.0000000000023
20322.500000000022
2571.0000000000023
20230.750000000022
2805.0000000000027
20136.000000000022
3524.0000000000036
19800.250000000022
3281.0000000000045
19287.75000000002
2832.0000000000027
18775.750000000022
2556.0000000000023
17833.500000000015
1921.0000000000023
16395.000000000015
1622.000000000001
14419.250000000015
1578.0000000000018
13328.000000000016
1636.0000000000018
13109.500000000015
1401.0000000000014
12824.250000000013
1035.0000000000011
12315.000000000015
653.0000000000007
11839.750000000013
652.0000000000007
11094.500000000011
924.0000000000009
10260.750000000011
953.0000000000008
9104.00000000001
819.0000000000007
7314.750000000008
896.0000000000011
4060.500000000004
872.000000000001
2472.2500000000027
961.0000000000009
2382.5000000000023
1284.0000000000016