11058.750000000015
18651.00000000002
10520.750000000011
19331.000000000022
9989.75000000001
19901.000000000022
9558.750000000011
20700.000000000015
9481.500000000007
21365.000000000022
9988.250000000011
21743.00000000002
10481.500000000013
22059.000000000025
10787.250000000013
22008.000000000022
10977.50000000001
21385.000000000022
10878.000000000011
21114.000000000025
10966.00000000001
20806.000000000022
11345.750000000011
19824.00000000002
11737.750000000011
18219.000000000022
12577.750000000013
16174.000000000016
13192.750000000015
13251.000000000016
13756.500000000013
11001.00000000001
13964.000000000015
10930.000000000013
13728.000000000015
11899.000000000015
13146.750000000011
13551.00000000001
12116.250000000015
15754.000000000015
11111.250000000013
17611.000000000022
10614.750000000011
19042.000000000025
10455.500000000011
19326.000000000022
10032.00000000001
17787.000000000022
9493.250000000011
15417.000000000016
8779.50000000001
13349.000000000011
8366.50000000001
11527.00000000001
10232.000000000011
11362.000000000013
11571.250000000015
10814.000000000011
12499.000000000013
9778.000000000011
12825.250000000015
8688.000000000011
12868.750000000013
7191.000000000007
12668.000000000013
5980.000000000003
11617.500000000011
5441.0000000000055
12449.500000000013
5589.0000000000055
14144.000000000013
4563.000000000006
15837.500000000016
4799.000000000005
17221.50000000002
9003.00000000001
17243.25000000002
13088.000000000015
17200.750000000015
16204.000000000018
16949.50000000002
19702.00000000002
17874.00000000002
19152.00000000002
18075.50000000002
19709.000000000015
17728.50000000002
23602.00000000003
18311.75000000002
19031.00000000002
18115.250000000015
17568.00000000002
17434.25000000002
18831.00000000002
18743.00000000002
18449.000000000022
19752.00000000002
19945.00000000002
18624.50000000002
19792.00000000002
17234.75000000002
20661.00000000002
17160.75000000002
26747.000000000033
17122.50000000002
28093.00000000002
16967.000000000015
24456.00000000003
16630.25000000002
24664.00000000002
15833.500000000013
21981.000000000025
14935.500000000013
20782.000000000022
13855.500000000015
24665.00000000003
12987.250000000015
24792.00000000003
12201.750000000011
23883.00000000003
11497.500000000011
26263.00000000002
11189.750000000013
23844.00000000002
9318.250000000007
17785.00000000001
6751.750000000006
14516.000000000016
6398.500000000007
16577.00000000002
6268.750000000006
17505.00000000002
6037.2500000000055
16372.000000000018
6288.000000000006
14576.000000000016
6152.250000000007
19175.000000000022
6154.500000000006
18732.00000000002
6413.750000000006
16038.000000000018
5919.5000000000055
11801.000000000015
5126.000000000005
13430.000000000015
4229.000000000005
15285.000000000015
3693.250000000003
11763.000000000011
3391.0000000000036
10991.000000000013
3408.000000000003
10980.000000000011
3344.2500000000036
12217.000000000013
3188.5000000000036
11176.00000000001
3119.2500000000036
8067.000000000007
2701.2500000000027
5032.000000000005
2482.7500000000023
2671.0000000000027
2665.5000000000027
2889.0000000000027
2798.5000000000027
3158.0000000000027
2592.2500000000027
3326.0000000000036
2682.0000000000027
4180.000000000003
2686.0000000000027
4666.000000000005
2826.2500000000027
3716.0000000000045
2904.500000000003
3226.0000000000036
2703.7500000000027
3504.000000000004