2958.250000000003
4831.000000000003
3038.2500000000027
5129.000000000005
3127.2500000000036
5480.000000000006
3164.000000000003
5846.000000000005
3038.500000000003
6102.000000000007
2959.0000000000027
6298.000000000004
3089.7500000000027
6280.000000000005
3351.250000000003
6203.000000000007
3805.750000000004
6496.000000000004
4407.500000000005
6836.000000000005
4978.250000000006
7061.000000000007
5281.250000000005
7176.000000000003
5434.7500000000055
7271.000000000006
5777.7500000000055
7257.000000000006
6363.500000000006
7483.000000000007
6912.500000000007
6673.000000000008
7311.000000000006
5208.0000000000055
7355.250000000007
5024.000000000006
7250.000000000008
5604.0000000000055
6997.000000000007
5247.0000000000055
6211.250000000006
4808.000000000003
5408.500000000005
4527.000000000005
5257.5000000000055
4860.000000000006
5059.0000000000055
5719.0000000000055
5219.000000000005
4920.000000000004
5825.750000000006
4606.000000000003
6040.750000000006
3918.000000000004
6394.000000000006
2279.000000000002
6887.0000000000055
2707.0000000000027
7316.500000000006
4002.000000000004
7098.250000000006
4530.0000000000055
6537.750000000006
4801.0000000000055
6376.500000000007
5081.000000000005
7844.750000000007
5339.000000000004
8413.000000000007
5657.000000000005
8082.50000000001
6072.0000000000055
7763.750000000009
6515.000000000008
7559.500000000007
6928.000000000005
7603.000000000008
7284.000000000008
7412.250000000006
7539.000000000008
7230.750000000006
7801.000000000008
7613.750000000008
8026.000000000009
7604.250000000008
8196.00000000001
7713.000000000006
8300.000000000007
7698.500000000008
8300.000000000007
7628.250000000007
8149.000000000008
7920.000000000008
7888.000000000007
7196.250000000007
7553.000000000009
7413.250000000008
7126.000000000005
9431.50000000001
6698.000000000007
10610.250000000011
6276.0000000000055
11447.500000000011
5909.000000000004
12495.500000000013
5481.0000000000055
13544.750000000015
5046.0000000000055
14177.250000000015
4575.000000000005
14497.500000000015
4163.000000000005
15057.500000000013
3895.0000000000045
16135.500000000018
3606.000000000002
16904.50000000002
3576.000000000003
16572.50000000002
4505.000000000002
16151.500000000018
5385.000000000006
16138.500000000018
6447.000000000007
16116.750000000011
7209.000000000006
16219.750000000018
7833.000000000009
16482.25000000002
8060.000000000008
16906.250000000022
7940.000000000007
17858.25000000002
6981.000000000005
18205.500000000022
5169.000000000005
18011.25000000002
3298.000000000003
17116.00000000002
3493.000000000004
15684.000000000015
3786.0000000000036
14584.000000000015
3971.000000000003
13187.750000000011
4010.000000000004
10578.50000000001
3966.0000000000045
8941.25000000001
3923.000000000004
7439.000000000006
3922.000000000004
4763.500000000005
3930.000000000004
3477.5000000000036
3880.000000000003
2981.0000000000027
3721.0000000000045
2722.7500000000027
3482.0000000000027
2989.000000000003
3146.0000000000036
3400.000000000003
2526.0000000000027
3705.5000000000027
1862.000000000002
3886.7500000000036
1352.0000000000016
4011.250000000003
1068.000000000001
4186.000000000005
856.0000000000009
4445.000000000005
692.0000000000008
4642.2500000000055
566.0000000000005
4836.0000000000055
478.0000000000005
5260.250000000005
427.0000000000004