9946.00000000001
9908.000000000007
9930.75000000001
9906.000000000011
9896.50000000001
9906.000000000011
9931.250000000007
9802.000000000007
10032.00000000001
9802.000000000007
10136.000000000011
9806.000000000005
10161.00000000001
9865.000000000011
10038.75000000001
9836.000000000011
9708.75000000001
9797.00000000001
9477.75000000001
9791.000000000011
9317.750000000007
9754.000000000011
9224.25000000001
9717.000000000011
9229.75000000001
9732.000000000011
9481.25000000001
9635.000000000013
9656.25000000001
9527.000000000007
9528.750000000011
9411.000000000011
9362.50000000001
9301.00000000001
9310.00000000001
9181.00000000001
9638.25000000001
9018.000000000007
10415.500000000011
8938.000000000005
11073.75000000001
8872.000000000007
11652.000000000011
8935.00000000001
12175.250000000013
8833.000000000011
12800.500000000013
8691.000000000011
12946.500000000015
8604.000000000011
13117.250000000013
8587.000000000005
12854.000000000011
8584.000000000007
12873.500000000013
8563.00000000001
13633.250000000013
8674.000000000007
14419.750000000016
8769.00000000001
15459.250000000018
8862.000000000005
16199.250000000015
8865.000000000007
16627.75000000002
8859.000000000004
16885.25000000002
8906.00000000001
17133.00000000002
8944.00000000001
17581.250000000015
8932.000000000011
17803.250000000022
9175.000000000011
17629.750000000022
9809.000000000007
17912.500000000015
10104.000000000011
18241.75000000002
11192.000000000011
18328.00000000002
10648.000000000011
18425.500000000022
9298.000000000011
18284.75000000002
8777.000000000005
18081.000000000015
8659.000000000007
18150.25000000002
8525.00000000001
18637.000000000022
8804.000000000007
19189.75000000002
9257.00000000001
18771.00000000002
8892.000000000005
18396.25000000002
9268.000000000007
18053.00000000002
8687.000000000005
17987.50000000002
8544.000000000007
18427.50000000002
8414.000000000007
18818.00000000002
8267.00000000001
18470.00000000002
8190.000000000007
18005.50000000002
8453.000000000007
17337.50000000002
8382.000000000005
16712.750000000015
8225.000000000007
16298.000000000016
7974.000000000006
16438.25000000002
7864.000000000006
16787.00000000002
7767.000000000008
16481.50000000002
7613.000000000007
16094.750000000016
7541.000000000007
15820.750000000016
7459.000000000007
15722.000000000016
7364.000000000009
15753.250000000016
7244.000000000007
15691.000000000016
7147.000000000007
15450.750000000018
7089.000000000008
15157.000000000016
6979.0000000000055
14894.250000000015
6809.000000000006
14911.500000000015
6641.000000000006
15010.750000000013
6553.000000000008
14946.250000000016
6476.0000000000055
14823.750000000016
6458.000000000006
14559.500000000011
6463.000000000005
14541.000000000015
6463.000000000005
14571.250000000016
6441.000000000007
14370.500000000013
6484.0000000000055
13736.750000000013
6584.000000000007
13002.500000000011
6707.000000000005
12429.250000000015
6819.0000000000055
12466.250000000011
6929.000000000006
12380.250000000013
7022.000000000006
12095.250000000013
7233.000000000007
11564.500000000011
7415.000000000005
10924.750000000013
7578.000000000006
10911.000000000011
7806.000000000008
11032.250000000013
8081.000000000006
11008.250000000013
8305.000000000005
11167.500000000013
8586.00000000001
11347.000000000013
8786.000000000005