23265.25000000002
23310.00000000003
22870.750000000025
21848.00000000002
22479.250000000022
20162.00000000002
22151.50000000002
18295.000000000015
21714.750000000022
16657.00000000001
21245.500000000025
15554.000000000015
20872.500000000022
14885.000000000016
20819.000000000022
13734.00000000001
21550.750000000022
12595.000000000016
22259.750000000022
13597.00000000001
22893.750000000022
15901.000000000016
23428.000000000022
18654.00000000001
23652.75000000002
21146.000000000025
23858.250000000025
23736.00000000003
24029.750000000022
24457.000000000022
24242.50000000002
24749.000000000015
24351.750000000025
25540.000000000022
24230.50000000003
26016.000000000025
24204.000000000025
25710.000000000015
24306.25000000003
25662.000000000022
24527.000000000025
25108.00000000003
24360.750000000025
26032.000000000033
24419.25000000003
27076.000000000025
24141.500000000025
26114.000000000033
24021.250000000022
26118.000000000022
24041.750000000025
26025.00000000003
24515.000000000022
25275.000000000033
24701.500000000022
25321.00000000002
24519.750000000025
26657.00000000003
24633.500000000025
27934.000000000033
24664.500000000022
26481.00000000003
24751.250000000022
27089.000000000025
24830.500000000025
27508.000000000033
24639.500000000022
28268.000000000033
24382.750000000025
28494.000000000022
24449.500000000025
29012.000000000022
24598.250000000025
28834.00000000003
24122.750000000025
27656.000000000025
24112.50000000003
27721.00000000003
24363.500000000025
29002.000000000025
24734.000000000025
29495.000000000025
25438.500000000025
29571.000000000033
25125.750000000022
29485.000000000022
24731.500000000025
29314.00000000003
24113.750000000022
29000.000000000015
23175.500000000022
28351.00000000003
22356.750000000022
27480.000000000025
22625.250000000025
24584.000000000015
22134.750000000025
22757.000000000022
21702.000000000022
22435.000000000022
21553.000000000025
22770.000000000022
21613.750000000022
23534.00000000002
21884.250000000022
24095.00000000003
22743.25000000003
24875.000000000022
24056.750000000025
25788.00000000003
24440.000000000022
26187.000000000025
24672.500000000025
26547.000000000033
24826.250000000022
26693.00000000003
25035.250000000025
26755.000000000025
24950.75000000003
27018.000000000033
24960.250000000025
27291.000000000022
25031.000000000022
27460.000000000022
24947.000000000022
27627.000000000022
24944.250000000022
27587.000000000025
25078.500000000025
27332.00000000003
25330.000000000025
27494.00000000003
25407.50000000003
27782.000000000015
25526.750000000025
27812.000000000015
25533.250000000025
27820.000000000033
25596.250000000025
27662.000000000025
25676.25000000003
27541.00000000003
26027.750000000033
27426.000000000022
26172.00000000003
27515.00000000003
26190.000000000025
27732.000000000022
26333.500000000025
28044.000000000036
26626.50000000003
28116.000000000033
26648.750000000022
28146.000000000033
26870.25000000003
28253.000000000033
27117.750000000025
28132.00000000003
27332.750000000033
28127.00000000003
27584.50000000003
28055.000000000033
27922.250000000033
28040.00000000003
28100.00000000003
28129.000000000025
28198.000000000036
28055.00000000003
28224.000000000033
27918.000000000033
28276.500000000033
28040.000000000033
28398.75000000003
27888.00000000003
28300.25000000003
27768.00000000003
28139.00000000003
27695.00000000002
28053.250000000025
27547.000000000025