6409.7500000000055
6655.000000000008
6240.5000000000055
6532.000000000005
6396.500000000006
6085.000000000004
6320.750000000006
6204.000000000005
6330.500000000007
6671.000000000004
6391.250000000006
6973.000000000005
6365.500000000006
6698.000000000006
6536.000000000008
7089.000000000009
6525.250000000007
8091.000000000008
6214.750000000006
7906.000000000008
5959.000000000006
7284.000000000008
5722.5000000000055
6885.000000000006
5628.0000000000055
6891.000000000006
5774.5000000000055
6714.000000000005
5874.000000000005
6150.000000000005
5479.750000000006
5836.0000000000055
5475.750000000005
6111.0000000000055
5986.0000000000055
6345.000000000006
6493.000000000006
5944.000000000006
6210.0000000000055
5300.0000000000055
6046.750000000006
5445.0000000000055
5870.750000000005
5601.0000000000055
5808.2500000000055
5448.000000000006
6276.250000000007
5499.000000000006
6515.500000000006
5938.000000000005
6222.750000000006
6523.000000000007
5795.0000000000055
6182.000000000006
5559.500000000006
5684.0000000000055
6067.000000000005
5310.000000000005
7055.750000000006
5022.0000000000055
8905.00000000001
4926.0000000000055
10263.750000000011
4388.000000000005
10798.25000000001
4242.000000000004
12682.250000000011
4055.0000000000045
14774.250000000013
4874.000000000004
15936.500000000015
5850.000000000006
15703.750000000016
6789.000000000007
15114.500000000015
6887.0000000000055
14878.750000000013
6563.000000000007
14736.500000000013
6729.000000000007
14778.500000000015
7413.0000000000055
14664.750000000013
6983.000000000004
14487.750000000015
6798.000000000009
14747.250000000016
7595.000000000007
14851.000000000013
7426.000000000006
14549.250000000016
7737.000000000008
14346.750000000015
7424.000000000006
13392.500000000013
6324.0000000000055
12336.250000000013
6145.000000000008
11987.000000000013
6402.000000000005
12284.250000000015
6922.000000000008
12874.250000000013
7274.000000000008
13355.000000000013
7619.000000000007
13474.250000000015
8104.000000000008
13147.250000000013
7845.000000000006
12927.750000000011
7100.000000000008
12666.000000000015
7738.000000000008
12061.250000000015
9482.000000000007
11536.25000000001
11446.000000000013
11123.000000000011
13142.000000000015
9914.50000000001
11693.00000000001
8753.50000000001
10928.000000000013
9085.25000000001
11466.000000000011
7740.750000000006
10922.00000000001
7309.250000000007
10229.000000000011
7272.250000000008
10510.000000000007
7206.000000000008
10813.000000000011
6957.000000000007
11223.000000000013
6762.250000000007
10908.000000000013
6337.500000000007
11041.000000000011
5398.5000000000055
9748.000000000007
5023.000000000005
9331.000000000011
5809.750000000007
7724.000000000008
7468.500000000007
8128.000000000007
6895.750000000008
8941.000000000007
5997.500000000006
8665.000000000011
6981.000000000006
9111.00000000001
7978.000000000007
8947.000000000011
7709.500000000007
7963.000000000007
7188.750000000007
7728.000000000006
7051.500000000008
9086.000000000007
7007.250000000007
10707.000000000011
7458.250000000007
11311.000000000011
7532.750000000007
11600.00000000001
7606.250000000007
12100.000000000011
7476.7500000000055
11278.000000000013
8215.500000000007
11693.00000000001
8680.750000000007
11718.000000000011
7626.500000000008
10913.000000000011
7380.000000000009
10455.000000000011