21408.00000000002
21408.00000000002
21408.00000000002
21408.00000000002
21408.00000000002
21408.00000000002
21408.00000000002
21408.00000000002
21408.00000000002
21408.00000000002
21405.25000000002
21362.00000000002
21405.25000000002
21520.000000000022
21424.75000000002
20426.000000000015
21360.00000000002
17660.00000000002
20493.000000000015
16773.00000000002
20070.000000000022
17342.00000000001
20305.25000000002
18071.00000000002
20903.750000000022
19126.00000000001
21449.00000000002
21182.000000000025
22230.750000000022
22488.000000000025
22417.00000000002
23005.000000000025
22658.750000000015
23315.000000000015
22908.250000000022
23042.000000000022
23092.000000000025
23244.000000000015
23282.500000000025
23443.000000000022
23318.500000000022
23540.00000000002
23446.250000000025
23763.00000000002
23547.750000000025
23465.00000000003
23605.250000000025
23440.00000000003
23580.75000000003
23338.000000000025
23389.500000000025
22812.000000000022
23209.250000000022
22717.00000000002
23437.750000000022
22954.000000000022
23723.250000000025
23500.000000000022
23862.750000000025
23743.000000000015
24081.750000000025
23882.000000000015
24138.250000000022
23934.00000000002
24134.250000000025
23811.000000000025
24027.500000000022
23804.000000000022
23700.500000000025
23485.000000000022
23435.750000000022
23460.000000000025
23165.750000000025
23518.000000000015
23076.250000000025
23438.000000000022
23103.50000000002
23415.000000000025
23095.500000000022
23370.00000000001
22452.75000000002
23260.00000000002
21850.500000000022
22927.00000000002
21853.250000000022
22889.000000000022
21520.250000000025
22550.00000000002
20259.500000000022
21766.000000000022
20494.25000000002
21670.000000000022
20911.25000000002
21948.000000000022
20977.250000000022
22458.00000000002
21216.000000000022
22765.000000000022
21661.500000000022
22945.000000000022
22078.750000000022
23004.00000000002
22406.75000000002
23086.000000000022
22543.500000000022
23221.000000000025
22677.000000000022
23227.000000000015
22871.25000000002
23290.00000000002
23043.250000000022
23217.00000000002
23191.250000000022
23139.00000000002
23113.000000000022
23189.00000000002
23122.500000000022
23172.00000000002
23321.500000000025
23109.00000000002
23362.750000000025
23086.000000000022
23352.250000000025
23064.000000000022
23379.750000000022
23005.000000000022
23384.250000000022
22957.000000000025
23387.750000000022
22893.000000000022
23363.250000000022
22781.00000000002
23295.750000000022
22548.00000000002
23208.750000000022
22422.000000000015
23137.500000000025
22309.00000000001
23012.250000000025
22130.000000000022
22883.750000000022
21986.000000000022
22711.000000000025
21833.00000000002
22496.000000000025
21634.00000000002
22389.250000000022
21471.00000000001
22176.000000000022
21414.00000000002
21896.000000000022
21403.00000000002
21588.50000000002
21402.00000000002
21375.25000000002
21408.00000000002
21375.25000000002
21408.00000000002
21426.25000000002
21408.00000000002
21420.75000000002
21408.00000000002
21397.00000000002
21408.00000000002
21408.00000000002
21408.00000000002
21408.00000000002
21408.00000000002
21408.00000000002
21408.00000000002
21408.00000000002
21408.00000000002
21408.00000000002
21408.00000000002
21408.00000000002
21408.00000000002
21408.00000000002
21408.00000000002
21408.00000000002
21408.00000000002