7443.500000000008
6209.0000000000055
7299.500000000007
6602.000000000008
7773.250000000008
5562.000000000003
8115.000000000009
5847.000000000006
7529.250000000008
6920.000000000009
6946.750000000006
6661.000000000005
6821.500000000009
6634.000000000006
7433.500000000006
8048.000000000007
8371.75000000001
9048.000000000007
9644.500000000011
8940.00000000001
10281.250000000007
8204.00000000001
11000.250000000011
7720.000000000005
11740.500000000011
7275.000000000008
11932.250000000011
7652.000000000009
11799.000000000013
8159.00000000001
11565.000000000011
8028.000000000008
10851.750000000013
7980.000000000008
9950.250000000011
8202.000000000007
9838.50000000001
8053.00000000001
9982.75000000001
7466.000000000008
10183.250000000011
7068.000000000006
10555.250000000013
8493.000000000011
10906.000000000011
9641.000000000011
11795.00000000001
8577.00000000001
12485.500000000011
7624.000000000006
13490.500000000015
6509.000000000005
14049.000000000011
6748.000000000006
14281.000000000018
6959.000000000007
14485.500000000015
7258.000000000006
15128.250000000016
7463.000000000008
14859.500000000016
7438.000000000009
14282.750000000016
7442.000000000008
13549.250000000015
7302.000000000006
13694.250000000015
6869.000000000008
13950.250000000013
6535.000000000006
14451.250000000013
6339.0000000000055
14217.250000000015
5620.0000000000055
13825.500000000015
5067.000000000006
13807.000000000013
4903.0000000000055
14236.000000000018
5344.000000000005
14795.000000000011
5443.0000000000055
15196.750000000016
5825.000000000004
15214.750000000016
6713.000000000007
14706.250000000011
7121.000000000006
14102.500000000011
7115.000000000007
14442.000000000016
7490.000000000007
15108.000000000016
8134.000000000009
15342.250000000016
8009.000000000007
15827.000000000013
7466.000000000008
16560.500000000015
7195.000000000007
16849.75000000002
7235.000000000008
17097.500000000015
7516.000000000008
17468.750000000015
7645.000000000008
17284.25000000002
8414.000000000011
17340.750000000022
8661.000000000011
17455.75000000002
8327.00000000001
17558.000000000022
8776.00000000001
17468.00000000002
9924.000000000007
17545.75000000002
10880.000000000013
17524.750000000015
11956.000000000007
17116.500000000015
12975.000000000016
16303.250000000016
13509.000000000016
15888.500000000015
12903.000000000011
15271.500000000016
11456.000000000013
14681.000000000013
9908.000000000013
14222.750000000013
8747.000000000005
13908.750000000011
7382.000000000007
13503.250000000015
6482.000000000006
12673.250000000015
6217.0000000000055
11805.000000000011
5713.0000000000055
11595.75000000001
4908.0000000000055
11575.750000000013
3959.0000000000045
11213.000000000011
3856.0000000000036
10244.25000000001
4644.000000000003
9718.250000000011
6260.000000000004
9245.50000000001
8456.00000000001
9104.25000000001
8553.000000000007
9116.25000000001
8667.000000000007
8726.75000000001
9723.000000000011
8029.50000000001
10320.000000000013
6937.500000000006
10778.000000000011
5472.2500000000055
10603.00000000001
5427.7500000000055
8995.000000000007
5748.750000000006
7591.000000000006
5944.000000000006
8881.000000000007
6105.250000000007
9945.000000000011
6138.750000000006
9991.000000000011
6338.250000000007
9426.000000000011
6326.500000000007
8491.000000000007
6420.000000000006
7601.000000000006