18272.00000000002
13521.00000000001
18585.75000000002
14704.000000000011
18487.000000000022
13798.000000000013
17151.50000000002
13753.000000000016
15797.750000000016
14594.000000000016
18164.00000000002
13404.000000000013
18656.00000000002
12936.000000000011
18077.750000000015
14867.000000000013
18231.000000000022
14363.000000000016
18441.50000000002
15073.000000000018
17803.00000000002
14004.000000000011
17063.50000000002
13144.000000000016
15823.750000000015
12826.000000000013
14903.750000000013
12564.000000000016
14182.500000000013
12352.000000000016
14003.250000000013
13122.000000000015
13633.500000000015
12711.000000000015
13069.250000000015
12511.000000000011
12252.750000000013
11695.000000000007
11224.750000000015
12894.000000000015
11017.500000000011
14175.00000000001
10397.50000000001
13628.000000000015
10099.50000000001
14306.000000000015
9595.000000000007
13334.000000000011
8872.00000000001
13160.000000000007
8655.750000000007
11819.000000000007
8952.25000000001
10853.000000000007
9311.75000000001
11047.000000000013
8899.00000000001
11601.00000000001
8590.50000000001
11510.000000000013
8440.00000000001
10019.000000000005
8213.50000000001
10036.00000000001
8331.750000000007
10107.000000000011
8397.75000000001
10737.000000000011
8468.75000000001
11973.000000000013
8406.000000000011
13409.000000000011
7867.500000000008
13422.000000000015
8725.250000000007
14428.000000000015
8635.250000000007
14724.000000000018
8259.250000000007
15063.000000000016
8672.50000000001
18074.00000000001
7559.500000000009
19018.00000000001
7007.750000000006
16782.00000000002
7890.500000000006
16590.00000000002
7874.750000000007
13303.000000000011
8323.00000000001
10247.00000000001
8840.50000000001
11744.000000000007
9483.250000000011
11163.000000000011
10302.500000000013
8488.000000000005
10358.750000000011
8662.00000000001
10384.00000000001
9151.000000000005
11289.50000000001
9944.000000000011
11694.000000000011
9903.000000000011
11904.750000000013
8881.000000000007
12073.500000000011
6907.000000000004
11349.250000000013
6823.000000000008
11422.000000000011
6711.000000000003
12279.750000000015
5622.000000000006
12834.000000000013
5299.0000000000055
13117.250000000013
5512.0000000000055
14235.250000000016
6221.000000000004
14876.250000000015
6223.000000000006
15148.000000000016
6560.0000000000055
15974.250000000015
7143.000000000008
16701.50000000002
8729.00000000001
16637.500000000015
9676.00000000001
16684.00000000002
10429.000000000011
17457.25000000002
11067.000000000013
18870.000000000022
11548.000000000013
18874.75000000002
12123.000000000007
18229.250000000022
12593.000000000013
17645.50000000002
11609.000000000015
16962.500000000015
10555.000000000011
18040.500000000015
10493.000000000011
18262.00000000002
8972.000000000004
17845.75000000002
8976.000000000005
18568.50000000002
6797.000000000008
19626.50000000002
7102.000000000006
19214.50000000002
8328.00000000001
19892.000000000022
10017.000000000011
20829.25000000002
10514.000000000013
20912.250000000022
9306.000000000007
21443.750000000022
10558.000000000011
21164.00000000002
11216.000000000013
20840.500000000022
11815.00000000001
20274.250000000022
12472.000000000013
19799.500000000022
12869.000000000007
19728.250000000022
13595.000000000015
20072.50000000002
13893.000000000013
19382.750000000022
13322.00000000001