11939.750000000013
11643.000000000011
12394.000000000013
13600.000000000018
12793.500000000015
17418.00000000001
12851.000000000015
18267.000000000022
13077.250000000016
18472.000000000022
12796.000000000011
14238.000000000013
12637.250000000015
12537.000000000013
12742.500000000016
12672.000000000007
12890.750000000013
12819.00000000001
13101.250000000013
12952.000000000011
13031.500000000013
13037.000000000016
13022.000000000016
13155.00000000001
13112.500000000011
13244.000000000015
13225.750000000015
13285.000000000015
13189.250000000013
13309.000000000013
13199.000000000015
13343.000000000013
13178.000000000015
13366.000000000016
13143.500000000011
13340.000000000015
13070.250000000013
13319.000000000016
13010.750000000015
13266.000000000016
12941.250000000015
13264.000000000015
12859.250000000013
13222.000000000013
12782.000000000016
13157.000000000015
12705.250000000011
13096.000000000015
12656.750000000011
13043.000000000011
12601.750000000013
12966.000000000015
12530.250000000015
12870.000000000007
12450.250000000011
12796.000000000011
12331.250000000015
12722.000000000015
12159.750000000013
12630.000000000015
12053.250000000011
12567.000000000013
11642.250000000011
12313.000000000011
11603.000000000013
11110.000000000011
11457.500000000011
11852.000000000013
11299.000000000011
12684.000000000015
10829.000000000011
11327.000000000013
10650.50000000001
10305.000000000013
10393.500000000011
10590.000000000011
9329.500000000011
11555.000000000013
8391.000000000007
10464.000000000011
7928.500000000008
8756.000000000005
7769.750000000006
9986.000000000004
8047.000000000007
11920.00000000001
7659.500000000007
11607.000000000013
7290.250000000007
11526.000000000011
7165.000000000007
11660.00000000001
7583.000000000007
10405.000000000011
7356.250000000006
9658.00000000001
6864.500000000007
9649.000000000007
6402.500000000006
10340.000000000011
5588.7500000000055
10012.000000000013
5021.0000000000055
9486.000000000005
4832.500000000005
9145.000000000011
5578.500000000006
9122.000000000011
6304.0000000000055
9786.000000000007
6350.7500000000055
9987.000000000011
6017.000000000006
9573.000000000007
5249.7500000000055
9305.000000000011
4992.2500000000055
10269.000000000013
5328.000000000006
10648.000000000013
5572.000000000006
10424.000000000011
5976.000000000006
10592.000000000011
5964.750000000005
10369.000000000011
6112.750000000006
10283.000000000013
6115.250000000007
10221.000000000007
6206.500000000006
10153.000000000013
6159.7500000000055
10082.000000000011
5976.5000000000055
10014.000000000011
6370.0000000000055
9947.000000000007
7056.500000000007
9866.00000000001
7395.000000000006
9813.00000000001
7744.750000000007
9760.000000000011
8061.000000000007
9718.000000000007
8376.00000000001
9677.000000000005
8773.000000000007
9621.000000000011
8973.50000000001
9501.000000000011
9410.75000000001
9400.000000000013
9871.000000000011
9271.00000000001
10178.75000000001
9188.00000000001
10833.000000000011
9137.00000000001
11316.000000000013
9089.00000000001
11123.250000000011
9042.00000000001
11785.500000000011
9008.00000000001
11683.250000000013
8913.00000000001
11859.500000000013
8822.00000000001
11840.750000000013
8754.00000000001
11427.500000000011
8633.000000000011
11351.250000000011
8539.000000000011
11386.250000000011
8459.000000000005
11374.250000000013
8416.000000000007