19167.25000000002
20685.000000000015
15288.250000000016
18583.000000000015
16407.00000000002
19978.00000000001
16480.00000000002
20043.000000000022
16542.000000000015
20527.00000000001
15731.50000000002
20767.00000000002
14947.000000000016
21712.00000000002
15329.250000000016
22383.000000000022
15545.500000000018
21792.000000000022
15772.750000000013
18845.000000000022
14497.750000000016
19592.000000000022
13849.250000000016
20788.000000000022
14859.500000000016
21500.000000000022
14602.500000000015
20186.000000000025
14099.500000000011
19540.000000000022
13856.750000000016
19180.000000000022
14456.750000000015
18646.000000000022
14582.500000000016
17139.00000000002
13968.250000000013
16726.000000000015
13522.500000000015
18888.000000000015
13034.250000000015
20315.000000000022
14088.250000000013
19639.00000000002
14981.750000000018
17931.000000000025
13428.250000000011
16691.000000000022
13589.000000000011
16485.00000000002
14378.000000000016
16704.00000000001
12976.500000000013
14565.000000000015
11315.000000000011
15057.000000000015
10378.500000000011
15881.000000000015
11127.250000000011
15549.000000000016
13111.750000000013
14690.000000000016
12909.000000000013
15619.000000000015
12002.000000000011
15854.000000000018
11787.750000000011
16557.000000000015
12458.250000000013
15866.000000000015
11811.000000000011
17729.000000000015
11304.000000000013
17569.00000000001
11017.500000000011
17790.000000000015
9586.75000000001
19481.000000000015
8591.750000000011
17721.00000000002
7815.750000000007
16466.000000000015
7579.000000000007
16473.00000000001
7646.250000000007
15910.000000000015
7424.750000000008
15522.000000000013
7812.000000000006
15266.000000000016
8237.50000000001
16120.000000000016
7605.750000000007
14903.000000000016
7832.000000000007
14513.000000000015
8026.500000000008
15856.000000000013
7839.750000000008
17969.000000000022
7588.500000000007
18420.00000000002
7263.7500000000055
18041.00000000002
6786.750000000007
18155.000000000015
6287.000000000007
17464.00000000001
5859.5000000000055
17310.00000000001
5860.2500000000055
17396.000000000015
5903.750000000005
17464.00000000001
5601.750000000006
17327.00000000001
5692.750000000006
16537.00000000001
5578.0000000000055
16756.000000000015
6235.750000000007
18233.000000000015
5933.0000000000055
18531.000000000022
5513.500000000004
17678.000000000022
4884.7500000000055
17201.00000000002
4661.250000000005
16576.00000000002
4841.250000000005
18227.00000000001
4926.750000000005
18606.00000000001
5075.7500000000055
17332.000000000015
5295.0000000000055
20320.000000000015
6437.500000000007
21468.00000000002
6735.500000000007
19353.00000000001
7331.500000000006
17906.00000000001
8055.500000000009
16554.000000000022
8765.750000000007
14850.000000000018
8047.750000000007
13607.000000000011
7169.750000000008
12247.000000000013
6951.250000000007
11312.000000000013
7704.500000000006
14359.000000000015
8539.750000000007
13731.000000000015
9423.500000000007
9333.00000000001
10141.500000000011
7715.000000000006
9833.50000000001
9335.000000000011
10330.000000000011
7135.000000000008
11104.750000000011
7274.000000000008
10198.50000000001
8486.00000000001
11334.000000000011
11318.00000000001
13423.000000000011
11367.00000000001
15129.000000000016
13105.000000000011
13820.750000000015
15016.000000000016
18217.00000000002
18738.00000000002