9682.75000000001
16702.00000000001
10027.000000000011
17032.000000000022
10560.000000000011
15692.000000000016
11599.250000000011
13422.000000000016
12244.50000000001
12825.000000000007
11951.750000000013
14224.000000000018
12621.500000000011
14218.000000000015
13524.500000000015
14513.000000000015
13193.000000000015
15195.000000000018
12441.250000000013
14743.000000000007
12600.000000000015
13650.000000000016
13233.000000000015
12803.00000000001
13530.750000000015
12404.000000000011
14131.000000000018
12294.000000000013
14879.750000000015
12041.00000000001
15620.250000000016
11989.000000000005
15918.250000000016
11896.000000000007
16897.250000000015
11791.000000000013
17288.50000000002
11601.00000000001
17352.500000000022
11910.000000000016
17883.000000000015
12797.000000000015
17240.75000000002
12771.000000000015
16736.75000000002
11547.000000000013
16554.25000000002
10824.000000000013
16300.75000000002
10813.000000000013
15159.500000000013
10401.000000000011
14659.750000000015
9901.000000000007
13726.500000000013
10199.000000000011
12729.000000000015
10821.000000000011
11989.50000000001
10831.000000000013
12187.500000000013
11117.000000000011
12721.250000000013
13374.000000000013
12510.75000000001
13978.000000000018
12890.750000000015
12857.000000000013
12497.000000000013
11392.000000000011
12954.500000000016
10204.000000000011
12988.500000000015
10701.000000000013
12608.750000000013
11182.000000000013
12789.750000000013
8806.00000000001
13094.250000000015
5072.0000000000055
12763.000000000013
4731.000000000005
12910.000000000013
4901.000000000004
12679.000000000011
5948.000000000004
12269.00000000001
10059.000000000011
12917.250000000015
10808.000000000013
13454.250000000013
8181.000000000008
13668.750000000015
7033.000000000007
14226.000000000011
6681.000000000007
14275.750000000015
6924.000000000007
13755.500000000015
8346.000000000007
14566.500000000016
8751.000000000007
15398.750000000016
6995.000000000008
15285.250000000015
5767.000000000006
15214.750000000015
6390.000000000006
15683.500000000015
6516.000000000005
16052.750000000015
6617.000000000006
16515.50000000002
8385.000000000007
17096.25000000002
9096.00000000001
17776.500000000022
8992.000000000005
19631.750000000022
7689.000000000007
19794.250000000022
5825.000000000004
19942.750000000022
4882.000000000004
20336.50000000002
5222.0000000000055
21538.250000000022
5719.0000000000055
22352.00000000002
6476.0000000000055
22377.750000000022
6330.000000000007
21269.00000000002
6501.000000000005
21708.000000000025
6330.000000000007
21885.000000000022
8164.000000000008
21863.75000000003
8247.000000000007
22533.750000000022
7565.000000000008
22577.250000000022
9007.000000000005
22012.750000000025
8718.00000000001
21770.750000000025
9451.000000000007
21553.750000000022
10425.000000000011
21266.500000000022
10800.000000000013
20811.750000000025
10321.00000000001
20418.750000000022
9387.000000000005
20033.250000000025
8495.000000000005
19485.25000000002
8347.000000000004
19394.75000000002
9883.000000000011
19654.500000000022
9812.00000000001
19058.50000000002
10034.000000000011
18563.000000000022
10307.00000000001
18711.00000000002
9864.000000000011
18327.50000000002
9343.000000000011
17420.50000000002
9018.000000000007
17089.50000000002
9111.00000000001
17354.75000000002
8286.000000000007
17729.000000000015
7071.000000000008