13559.000000000015
17002.000000000025
13908.750000000015
18188.000000000015
14750.250000000015
19283.000000000015
14978.500000000016
20544.000000000022
15433.250000000016
19284.000000000015
15886.750000000016
17258.000000000015
15416.000000000015
16839.00000000001
14888.250000000016
17053.00000000001
14106.000000000016
19156.000000000022
13162.750000000011
19660.000000000025
13243.250000000015
18069.00000000002
13465.250000000015
16619.000000000015
13672.750000000013
15015.000000000015
13643.250000000015
15633.000000000015
13679.000000000013
15556.00000000002
13287.500000000016
13996.000000000018
12829.500000000013
14878.000000000015
13104.750000000015
16002.000000000018
13680.500000000015
17330.00000000002
14281.000000000013
19074.00000000002
14322.000000000016
18986.00000000002
14174.250000000016
17084.000000000022
14059.000000000016
15849.000000000018
13362.500000000013
15996.000000000016
12739.500000000013
15465.000000000015
11944.50000000001
14913.000000000013
11215.500000000011
14880.000000000018
11293.000000000011
15199.000000000018
11676.250000000015
15443.000000000018
11719.500000000011
14227.000000000013
12259.500000000011
13628.000000000015
13017.000000000013
12929.000000000015
12899.750000000016
14299.000000000015
11866.750000000015
13865.000000000015
11025.000000000013
12332.00000000001
11324.250000000011
12870.000000000007
12044.750000000013
11347.00000000001
13737.750000000015
11593.000000000005
15528.750000000015
13319.000000000015
15693.500000000016
13772.000000000016
14630.250000000016
13510.000000000007
14595.75000000002
12899.000000000007
13873.500000000015
12417.000000000005
12383.000000000013
12235.000000000011
11425.500000000013
14607.000000000016
11373.250000000011
15541.000000000015
11329.750000000011
14513.000000000015
11204.750000000011
14022.000000000015
11466.000000000011
13564.000000000015
11151.000000000013
14226.000000000016
11376.000000000011
14958.000000000016
11812.500000000011
14916.000000000015
11962.000000000011
14646.000000000018
11974.750000000011
14271.000000000016
11985.75000000001
14498.000000000016
11815.250000000013
14693.000000000018
12014.000000000013
14643.000000000011
11654.000000000013
14982.000000000018
11461.250000000013
15065.000000000013
11172.250000000011
15513.000000000016
10988.250000000011
15579.000000000015
10893.250000000011
15395.000000000015
11105.250000000011
14607.000000000016
11943.250000000011
13064.00000000001
12170.750000000015
12868.000000000015
12427.750000000015
12998.000000000011
13130.250000000015
12992.000000000007
12828.250000000013
12636.00000000001
11906.000000000013
13637.000000000011
12259.500000000011
12439.00000000001
12385.750000000011
10804.000000000013
11976.250000000013
11087.000000000015
12008.750000000015
11225.000000000011
11978.250000000015
10982.000000000015
12347.000000000013
11332.000000000015
13502.750000000013
9505.000000000007
12416.250000000013
7577.000000000009
12450.000000000015
7711.000000000007
12890.500000000015
7682.000000000006
13209.500000000013
7503.000000000007
13047.750000000016
7538.000000000007
13036.750000000015
7185.000000000007
12978.750000000015
6416.000000000008
12964.000000000013
6115.000000000004
12893.000000000015
6308.0000000000055
12383.500000000015
6202.0000000000055
12179.000000000013
5283.0000000000055
12269.750000000013
4863.000000000004
12308.750000000011
4746.000000000005
11960.000000000011
5214.0000000000055