13790.500000000013
13850.000000000015
12434.500000000013
11090.000000000013
11070.250000000013
8010.000000000007
11586.000000000013
8238.000000000005
11985.250000000013
8207.000000000005
12320.750000000015
8062.000000000009
12484.500000000015
7906.000000000008
12490.000000000011
7726.000000000008
12761.000000000013
7583.000000000009
12976.250000000013
7601.000000000008
13190.750000000016
7588.000000000008
13332.000000000015
7590.000000000007
13334.000000000015
7655.000000000008
13402.750000000011
7557.000000000007
13809.250000000015
7415.000000000005
14024.250000000015
7316.000000000009
14137.750000000015
7298.000000000008
14288.250000000013
7294.000000000007
14458.250000000013
7552.000000000007
14810.000000000016
8118.000000000009
14920.250000000015
8565.000000000005
14641.250000000016
8919.000000000007
14776.500000000015
9842.00000000001
14299.500000000015
10966.000000000011
13600.250000000015
11970.000000000016
13229.250000000015
13684.000000000011
13016.500000000013
15579.000000000015
12345.500000000013
13237.000000000013
12302.000000000013
13058.000000000011
12269.000000000013
12724.000000000011
11766.250000000011
11996.00000000001
11267.750000000013
13365.000000000015
10655.500000000011
15020.000000000013
10305.250000000011
13478.000000000016
9919.000000000011
12673.000000000013
9785.50000000001
13030.000000000015
9467.50000000001
12918.000000000013
9664.000000000011
13322.00000000001
9606.00000000001
12575.00000000001
8847.75000000001
13115.000000000013
8714.25000000001
13967.000000000016
9253.00000000001
11785.00000000001
9037.00000000001
9142.00000000001
8969.000000000007
8564.000000000005
8858.250000000011
8792.00000000001
8877.750000000011
8799.00000000001
8537.750000000011
8392.000000000007
8564.25000000001
7797.000000000007
8724.250000000007
7277.000000000007
8625.500000000011
6807.000000000007
8342.000000000007
6467.000000000007
8190.500000000008
7297.000000000008
8256.25000000001
7444.000000000008
8412.00000000001
7177.0000000000055
8361.25000000001
6502.000000000007
8354.25000000001
6257.000000000005
7983.250000000007
6672.0000000000055
8776.00000000001
5563.000000000006
9154.000000000013
5103.000000000006
9133.00000000001
5015.000000000004
8644.75000000001
5358.000000000004
8307.00000000001
6006.000000000005
8680.25000000001
6625.000000000004
8838.250000000007
6898.000000000007
9329.750000000011
6745.000000000005
9835.750000000011
6312.000000000006
10493.750000000011
5864.000000000004
11125.750000000015
5778.0000000000055
11343.750000000013
6003.0000000000055
11343.00000000001
6132.000000000007
11858.250000000011
5966.0000000000055
12395.000000000011
5547.000000000006
12840.250000000013
5177.000000000005
13376.000000000016
4967.000000000005
14139.000000000015
4969.0000000000055
14538.250000000015
4891.000000000005
16135.50000000002
4710.0000000000055
18079.25000000002
4545.000000000003
18498.50000000002
4397.000000000003
19300.75000000002
4245.000000000005
18889.50000000002
4173.000000000004
17416.00000000002
4208.000000000004
15619.750000000015
4415.000000000005
13488.500000000013
4501.000000000004
13498.000000000016
4204.000000000004
14948.500000000016
3771.000000000004
16620.500000000015
3441.0000000000023
18005.50000000001
2904.0000000000023
15594.000000000015
8726.000000000011
13499.250000000016
14106.000000000013