2957.750000000003
2819.000000000003
3190.000000000003
3392.0000000000036
3146.0000000000023
4031.000000000003
3061.750000000003
4641.0000000000055
3186.250000000003
5565.0000000000055
3275.7500000000027
6779.000000000006
3242.250000000003
7952.000000000008
3349.000000000004
9016.000000000011
3717.5000000000027
9782.00000000001
3768.2500000000036
10183.000000000007
4077.0000000000045
10204.00000000001
3690.5000000000036
9994.000000000011
3589.0000000000036
9786.000000000007
3753.7500000000036
9620.00000000001
3931.000000000004
9644.00000000001
3991.000000000004
9603.000000000007
4504.750000000004
9424.00000000001
4698.7500000000055
9162.000000000007
5214.500000000005
8738.00000000001
5762.500000000006
8371.00000000001
6481.000000000006
8093.000000000009
7036.250000000007
7742.000000000009
7363.750000000007
7290.000000000007
7916.250000000009
6744.000000000007
8078.750000000007
5924.000000000007
7596.750000000008
5469.000000000005
7350.500000000008
6176.000000000004
7314.000000000008
7032.0000000000055
7082.500000000006
8256.000000000007
7463.750000000007
9870.000000000007
6413.500000000006
11124.000000000005
6549.250000000006
11805.000000000011
6536.750000000006
11924.000000000015
5951.7500000000055
11668.000000000013
5744.000000000005
11078.000000000013
6468.000000000007
10554.000000000011
6693.500000000008
10087.00000000001
6653.000000000007
9716.000000000011
6781.000000000007
10166.000000000011
6754.250000000008
11769.00000000001
6825.250000000006
10847.00000000001
6085.250000000006
8930.000000000005
5419.000000000006
8399.000000000007
5746.750000000006
7869.000000000007
6680.250000000007
7632.000000000008
6890.250000000008
7093.0000000000055
6105.500000000006
4977.000000000004
6021.500000000006
3564.000000000004
6585.000000000006
2643.000000000003
6882.000000000007
2141.0000000000014
6626.000000000006
1755.0000000000018
6421.000000000006
2109.0000000000014
6460.500000000007
2333.0000000000023
6583.750000000006
2337.0000000000023
6940.500000000007
2234.0000000000023
7362.5000000000055
2125.000000000002
6921.000000000006
2327.0000000000027
6898.7500000000055
2669.0000000000027
6803.250000000006
3280.0000000000027
7315.000000000008
4935.000000000004
7006.500000000006
7358.000000000007
6781.500000000006
6893.000000000006
6647.750000000007
7140.000000000008
6413.000000000006
8491.000000000007
6105.750000000007
11870.000000000011
5005.0000000000055
10527.000000000013
4889.5000000000055
10413.000000000011
4836.000000000004
10373.000000000007
4757.750000000005
9906.000000000011
4712.5000000000055
9812.00000000001
4720.500000000005
10439.000000000011
4713.0000000000055
11269.000000000011
4617.500000000005
10770.00000000001
4484.500000000004
9875.000000000011
4245.000000000005
9321.00000000001
3952.000000000004
10032.000000000013
3638.250000000004
9703.000000000007
3451.5000000000036
9254.000000000004
3245.7500000000023
9635.000000000011
3127.7500000000036
10106.000000000007
3312.0000000000036
10175.000000000007
3615.7500000000036
9733.000000000007
3911.2500000000045
8688.000000000011
4073.750000000004
8041.000000000009
4206.000000000004
6986.000000000007
4316.250000000005
6442.000000000008
4394.5000000000055
5923.000000000005
4457.250000000005
4473.000000000003
4684.5000000000055
2909.000000000003
4807.250000000005
2132.0000000000027