7135.000000000008
1297.0000000000011
7309.000000000007
1310.000000000001
7547.000000000008
1175.0000000000011
7939.500000000008
1039.0000000000007
8269.000000000007
1155.0000000000016
8494.000000000007
1399.0000000000014
8715.00000000001
2039.0000000000016
8855.75000000001
2999.0000000000023
8862.25000000001
3733.000000000004
9113.00000000001
4248.000000000003
8990.50000000001
4361.000000000005
8823.500000000011
4182.000000000005
8655.75000000001
4467.000000000004
8252.25000000001
5226.000000000006
8063.750000000007
5850.000000000006
7914.250000000007
5914.000000000008
7823.750000000007
5625.000000000006
7902.250000000009
4976.0000000000055
8330.50000000001
4119.000000000003
9450.750000000007
3580.000000000004
11282.00000000001
3558.0000000000027
12634.000000000015
4221.000000000003
12985.750000000013
5223.0000000000055
13127.500000000011
6520.000000000006
13216.250000000013
7711.000000000008
13703.750000000013
8370.000000000007
14331.750000000016
8231.00000000001
14616.000000000015
7855.000000000007
14916.000000000015
7175.000000000008
15094.750000000016
6643.000000000007
14999.750000000013
6563.000000000007
15091.250000000015
6892.000000000008
15064.500000000015
7054.000000000008
15040.500000000018
6849.0000000000055
14025.500000000015
6574.000000000003
12925.000000000015
6467.000000000007
12433.250000000013
6784.000000000006
11333.750000000011
6891.000000000006
10432.000000000011
7598.000000000005
10615.750000000011
8644.000000000007
11400.250000000011
8985.00000000001
10897.750000000011
8538.000000000004
10581.750000000011
8890.00000000001
10211.250000000011
9055.000000000007
9786.25000000001
10563.000000000011
9811.500000000013
12215.000000000007
9988.00000000001
11232.000000000011
9507.00000000001
10139.000000000011
8832.50000000001
8254.00000000001
7984.000000000007
8692.00000000001
7847.750000000009
9576.00000000001
8820.25000000001
12898.000000000015
9583.250000000011
11808.000000000011
9033.50000000001
11200.000000000013
8441.00000000001
11390.000000000011
7988.250000000008
12450.000000000011
8206.50000000001
12657.000000000013
8521.750000000007
15177.000000000015
8824.75000000001
15432.000000000016
8486.50000000001
14323.000000000011
8038.750000000008
13090.000000000011
8165.000000000008
11414.000000000013
8684.75000000001
9635.000000000011
8520.25000000001
8664.000000000005
8614.25000000001
7955.000000000009
9231.000000000007
7376.000000000007
9771.50000000001
7120.000000000008
10262.00000000001
6925.000000000008
10639.750000000013
7073.000000000007
11280.500000000011
7138.000000000007
12057.250000000011
7061.000000000008
13131.500000000013
6959.000000000006
13304.500000000013
7163.000000000009
13895.75000000001
7353.000000000008
14521.250000000016
8049.000000000008
14616.500000000015
8734.000000000011
14394.500000000018
8925.000000000007
14856.250000000013
8962.000000000011
13870.500000000016
8709.000000000005
13538.250000000015
8297.000000000005
14048.250000000016
7677.000000000008
15489.000000000016
7000.000000000008
17041.750000000015
6387.000000000009
17614.25000000002
5800.000000000005
17704.750000000022
5509.0000000000055
17629.750000000022
7043.000000000007
17408.75000000002
6571.000000000007
17376.50000000002
4137.000000000003
17302.250000000022
2863.0000000000027
17227.25000000002
2399.000000000002