10848.000000000011
12210.00000000001
11033.750000000013
11796.000000000011
11134.750000000011
11191.000000000013
11082.250000000011
10625.000000000011
11012.250000000013
10172.000000000011
10958.000000000011
9828.00000000001
10867.250000000011
9555.000000000005
10719.750000000011
9397.000000000011
10597.250000000013
9357.000000000005
10632.500000000011
9620.000000000011
10889.250000000013
10489.000000000013
11311.250000000011
11451.000000000013
11674.500000000013
12102.00000000001
11867.500000000013
12181.00000000001
11809.25000000001
11509.000000000013
11620.500000000011
10344.000000000011
11514.000000000011
9477.00000000001
11373.250000000013
9186.00000000001
10837.750000000011
8985.00000000001
10407.75000000001
9218.00000000001
9870.50000000001
9036.000000000005
10214.250000000011
8923.000000000005
10566.750000000011
9327.000000000011
10582.750000000011
7765.000000000007
10596.00000000001
7217.000000000005
9938.000000000011
7735.000000000009
9666.750000000011
7926.000000000009
10027.250000000011
9385.000000000011
10291.500000000011
9758.000000000011
9938.250000000007
9768.000000000011
9765.50000000001
9976.000000000011
10549.750000000011
10889.000000000011
10089.000000000011
11132.000000000011
9634.75000000001
11652.000000000007
9300.750000000011
11893.000000000007
9089.00000000001
11577.000000000013
9029.000000000007
11937.00000000001
8823.00000000001
12433.000000000011
8540.50000000001
12212.000000000013
8641.000000000007
12637.00000000001
8640.75000000001
12713.00000000001
8705.750000000011
12750.000000000013
8736.50000000001
12661.000000000015
8462.000000000007
12211.00000000001
8181.750000000009
12923.000000000016
8200.25000000001
13501.000000000011
8423.000000000007
13836.000000000011
8966.50000000001
14287.000000000007
9282.00000000001
14391.000000000015
9533.750000000011
15186.000000000016
9793.250000000011
15129.000000000015
9843.750000000011
14955.000000000016
9849.25000000001
14333.000000000016
9613.250000000011
13163.000000000015
9476.50000000001
12810.000000000007
9419.00000000001
12490.000000000013
9284.000000000007
12476.000000000013
9228.50000000001
12476.000000000013
8995.000000000011
12444.000000000007
9139.000000000007
12314.000000000015
9210.750000000011
12260.000000000007
9774.250000000007
12195.00000000001
10319.500000000011
12012.00000000001
10817.750000000013
11886.000000000011
10555.000000000011
11899.000000000015
9565.25000000001
12107.000000000007
8582.500000000007
12333.00000000001
8550.000000000007
12519.000000000007
9751.250000000011
12626.000000000007
10288.25000000001
12617.000000000011
10482.250000000011
12510.000000000011
10790.250000000011
12439.00000000001
10584.750000000011
12431.000000000013
10144.50000000001
12418.000000000011
10644.500000000011
12285.00000000001
11260.250000000011
12151.000000000013
11088.250000000013
11902.000000000011
10871.250000000013
11614.000000000015
10974.000000000011
11311.000000000013
11030.000000000011
11172.000000000013
11058.250000000011
11238.000000000013
11024.750000000011
11134.000000000015
10976.00000000001
10958.000000000013
10941.500000000011
10775.000000000013
10911.75000000001
10674.000000000011
10905.000000000011
10652.000000000013
10933.250000000013
10667.000000000013
10942.000000000011
10519.000000000011
10954.750000000013
10577.000000000011
11063.500000000011
10735.000000000011