20215.750000000022
20629.000000000022
19349.25000000002
20539.00000000002
19890.00000000002
19269.000000000015
20172.250000000022
19209.00000000002
19960.000000000022
19991.00000000002
19943.500000000022
19523.000000000022
19881.500000000022
20392.000000000022
19896.00000000002
21473.000000000022
20997.000000000025
20606.000000000022
20510.250000000025
19064.000000000022
19885.25000000002
19083.00000000002
20256.75000000002
18975.000000000022
20573.750000000022
18543.00000000002
20474.75000000002
18796.000000000015
20236.25000000002
19373.000000000022
19612.75000000002
18035.000000000015
19437.75000000002
18282.00000000002
19715.25000000002
19896.000000000025
19931.250000000022
20541.000000000022
19876.50000000002
19250.000000000022
19630.50000000002
18135.00000000001
19729.25000000002
17802.000000000022
19270.00000000002
18587.000000000022
18371.50000000002
18472.000000000022
17838.250000000015
17991.00000000002
17169.50000000002
18324.000000000015
16557.75000000002
19275.00000000002
16258.000000000016
18672.000000000022
15347.500000000016
18402.00000000002
15150.250000000015
18386.000000000015
14825.750000000013
16890.000000000015
14012.500000000015
16469.00000000002
13649.500000000015
16313.000000000016
12914.500000000015
17884.000000000022
12445.50000000001
21546.00000000002
12328.000000000015
19390.000000000015
11152.250000000011
18958.00000000001
11091.75000000001
18217.000000000015
10787.750000000011
17671.00000000002
10714.250000000011
17930.000000000022
10719.25000000001
19286.000000000022
10150.250000000011
19337.000000000022
9759.250000000013
18981.000000000022
10615.250000000013
17609.000000000015
10874.50000000001
16406.000000000015
10388.250000000013
18298.00000000002
10491.000000000011
18843.000000000015
11039.500000000011
18044.00000000001
11635.750000000015
17125.000000000007
12150.750000000013
17583.00000000002
11511.750000000011
17820.000000000015
11637.500000000013
17606.000000000015
12040.500000000013
17113.00000000001
12529.500000000013
16193.000000000016
12413.250000000013
16889.00000000002
12380.750000000013
18642.000000000022
12679.500000000011
19526.000000000022
13117.500000000013
20261.000000000025
13318.500000000013
20158.00000000002
12939.000000000013
18295.000000000015
12345.000000000013
18170.000000000015
12492.500000000013
17680.000000000015
12641.250000000013
17099.00000000001
14390.750000000013
17807.000000000015
14954.500000000015
16922.000000000015
15061.250000000013
17396.000000000015
14502.500000000015
18046.000000000022
14335.250000000013
18026.00000000002
13923.000000000016
16956.00000000002
13910.250000000016
16417.000000000015
14890.500000000013
15005.000000000016
14423.250000000015
16493.00000000002
13134.500000000013
17749.00000000002
13066.250000000013
17347.000000000015
13065.750000000013
15527.000000000011
13469.250000000016
14162.000000000015
13635.500000000015
12871.000000000013
13295.750000000015
13558.000000000013
12912.750000000011
13196.000000000011
13112.250000000015
13829.000000000016
13692.250000000013
14256.000000000016
13694.000000000013
14526.00000000001
13295.250000000013
14174.000000000018
12448.750000000015
14315.000000000015
12472.500000000011
14072.000000000016
13524.250000000015
13035.000000000015
13832.250000000016
12052.000000000011
14237.250000000015
11038.000000000013
14501.250000000015
11493.000000000011
13775.000000000016
10152.000000000007