0.0
0.0
0.0
0.0
2561.7500000000023
2303.0000000000014
18806.50000000002
16382.00000000002
20646.750000000022
16833.000000000015
21158.250000000022
17191.00000000001
20909.25000000002
16820.00000000002
21052.75000000002
16477.000000000022
21385.50000000002
15551.000000000016
21207.750000000022
15166.000000000015
21299.000000000025
14009.000000000013
21105.500000000022
13492.000000000013
20560.50000000002
12891.000000000011
19784.75000000002
11879.000000000007
19663.750000000022
9531.00000000001
19136.00000000002
8223.000000000005
18282.250000000015
7860.000000000008
18237.00000000002
7828.000000000009
19139.50000000002
10882.000000000011
21106.500000000025
15814.000000000022
22045.25000000002
20497.000000000022
22731.500000000025
22540.000000000022
22134.000000000022
23378.000000000022
20659.750000000022
21219.000000000025
20283.25000000002
21374.000000000022
19730.25000000002
20983.00000000001
19049.50000000002
20604.000000000022
19398.750000000022
20153.00000000002
19190.250000000022
20148.000000000022
18892.25000000002
18303.00000000001
18789.750000000022
15496.000000000015
18691.00000000002
15636.000000000018
19856.50000000002
15558.000000000016
22234.50000000002
15588.000000000015
22793.250000000022
15622.000000000015
21687.750000000025
15826.000000000016
21066.00000000002
14311.000000000018
21238.25000000002
15271.000000000015
21782.500000000025
18007.000000000022
20868.000000000022
17755.00000000001
20128.00000000002
17485.000000000015
19535.000000000022
18991.000000000022
19015.25000000002
20084.000000000022
18900.000000000015
19302.00000000002
19229.25000000002
18277.000000000015
19291.750000000022
17023.00000000001
19531.250000000022
16686.00000000002
19467.00000000002
17925.000000000022
19582.750000000022
19123.00000000002
21239.750000000022
19341.000000000022
21950.75000000002
18720.000000000015
20972.000000000022
19170.000000000022
20023.75000000002
19825.00000000001
19562.00000000002
19756.000000000015
19927.250000000022
19684.000000000025
20661.25000000002
19881.00000000002
21546.500000000022
18453.00000000002
20722.25000000002
17357.00000000001
20580.500000000022
15576.000000000018
20961.250000000022
15634.000000000015
20682.50000000002
15347.000000000015
21332.750000000022
15805.000000000018
21271.000000000025
15977.000000000018
21162.000000000025
15715.000000000018
22386.250000000022
15199.000000000018
23572.250000000022
15040.000000000015
23425.250000000025
15238.000000000015
23128.750000000022
15402.000000000016
22938.500000000025
15278.000000000016
22350.750000000025
14047.000000000015
22234.000000000025
11549.000000000013
21554.750000000022
12133.00000000001
20648.750000000022
10196.000000000011
20500.75000000002
10928.000000000011
20349.500000000022
12548.000000000015
20954.000000000022
13912.000000000011
21076.000000000025
14094.000000000011
20823.500000000022
13631.000000000016
22408.75000000003
12416.000000000015
23713.750000000025
10814.000000000011
24277.50000000003
9352.000000000007
24397.500000000025
8772.000000000011
23871.250000000025
8624.00000000001
23564.000000000025
8460.000000000007
22711.250000000022
8229.000000000005
22268.75000000002
7945.000000000008
21746.750000000022
7339.000000000009
5240.5000000000055
1739.0000000000014
0.0
0.0
0.0
0.0