17193.000000000015
21002.000000000022
17342.75000000002
20689.000000000022
16602.25000000002
20067.00000000002
15984.000000000015
19993.000000000022
16611.25000000002
19912.000000000022
16880.500000000015
20036.00000000002
16700.500000000015
19214.00000000002
17127.500000000015
21135.00000000002
17004.00000000002
22116.000000000022
16907.50000000002
20911.000000000022
17384.250000000015
21714.000000000022
17527.00000000002
21197.00000000001
18309.75000000002
20165.000000000022
17377.25000000002
20750.000000000022
17890.25000000002
20937.000000000022
16827.750000000015
22756.00000000002
14866.750000000011
22452.000000000025
13550.250000000011
24324.000000000033
12040.250000000015
24283.00000000002
10909.250000000011
24035.00000000003
9426.25000000001
23935.000000000033
8056.250000000008
22165.000000000025
7695.750000000008
23001.000000000025
7399.500000000007
23363.000000000022
6822.250000000007
21656.000000000022
6265.000000000006
22273.000000000025
5922.250000000006
22993.00000000002
6078.250000000006
23237.00000000001
6204.750000000007
23453.000000000022
6554.750000000007
20786.000000000022
7098.000000000006
20572.000000000025
7735.00000000001
19780.00000000001
8576.000000000007
19409.000000000022
9256.750000000011
19443.00000000002
9257.25000000001
20588.000000000022
9352.50000000001
20182.000000000015
10677.50000000001
19420.000000000015
12127.250000000011
20227.000000000022
12561.750000000011
21345.000000000025
12373.75000000001
21785.000000000025
12234.500000000013
22822.000000000025
12218.500000000015
24023.000000000025
12438.750000000013
24302.00000000003
12132.25000000001
22539.000000000022
11404.000000000013
21200.000000000022
10879.75000000001
23070.000000000025
10806.500000000011
22677.000000000022
11051.000000000011
22067.000000000022
11158.000000000013
21827.000000000022
10933.000000000011
21559.000000000025
11222.500000000011
20488.000000000015
10684.75000000001
20107.000000000015
11388.250000000011
19477.000000000022
11199.000000000011
17745.000000000015
11643.000000000011
19715.000000000022
11715.250000000013
19956.00000000002
11061.000000000011
19381.00000000002
11863.000000000013
20454.000000000022
11896.750000000015
20495.00000000002
11447.750000000013
20017.000000000022
12153.500000000011
20541.000000000022
12447.750000000013
21569.000000000015
11872.500000000013
21003.000000000022
12620.750000000013
19874.000000000022
13171.500000000015
20620.00000000002
12934.750000000015
19636.000000000022
14007.750000000013
19181.00000000002
14830.000000000015
20684.000000000022
15650.000000000015
19381.00000000002
15536.000000000016
20296.00000000002
16721.50000000002
20108.000000000022
16264.500000000016
19847.000000000015
16387.75000000002
19059.000000000022
17893.50000000002
20632.000000000022
18672.50000000002
21196.000000000025
19858.50000000002
20207.000000000022
20284.25000000002
20727.000000000022
20651.75000000002
19381.00000000002
20833.75000000002
17192.00000000001
20944.25000000002
18295.000000000015
20953.500000000022
18307.000000000015
20243.750000000022
19407.000000000025
20066.500000000022
19383.000000000022
19483.75000000002
19865.000000000022
18713.750000000015
18354.000000000015
18660.250000000015
18027.00000000001
18399.75000000002
18621.00000000002
18906.250000000015
20744.000000000022
18400.500000000022
20521.00000000002
17504.00000000002
22396.000000000025