13177.750000000016
11748.000000000011
13366.500000000013
11419.000000000013
13563.500000000013
11092.000000000011
13715.750000000015
10789.000000000011
13778.500000000016
10575.00000000001
13816.500000000013
10594.000000000007
13823.500000000011
10685.000000000013
13911.750000000013
10752.000000000011
14031.250000000013
10756.000000000011
14093.750000000015
10817.000000000011
14142.750000000018
11060.000000000013
14130.750000000016
11306.000000000011
14171.500000000013
11401.000000000011
14189.500000000016
11450.000000000011
13826.750000000013
11515.000000000011
13709.250000000015
11741.000000000007
13676.250000000015
11987.000000000007
13552.000000000011
12201.000000000013
13370.000000000015
12448.000000000011
13210.750000000013
12613.000000000013
13240.750000000015
12633.000000000011
13101.250000000011
12582.000000000013
12988.250000000015
12602.000000000011
12953.000000000015
12531.00000000001
12708.000000000011
12275.000000000007
12109.750000000011
11933.000000000011
11420.500000000011
11381.00000000001
11054.000000000015
11017.000000000013
10545.250000000011
10751.000000000011
10189.750000000011
9732.000000000011
9874.250000000011
7406.000000000007
9693.25000000001
5385.000000000006
9487.25000000001
5371.000000000005
8461.500000000007
5538.000000000006
9107.000000000007
5782.000000000006
9240.25000000001
5592.0000000000055
9169.25000000001
5440.000000000006
8519.75000000001
5667.000000000006
8122.500000000009
5952.000000000005
7858.000000000007
5868.000000000006
7877.250000000006
5568.000000000006
7772.750000000007
5787.000000000007
7364.750000000007
5726.0000000000055
6833.250000000006
5812.000000000006
6041.000000000005
6177.000000000006
5647.500000000005
5979.000000000006
5047.750000000005
6081.000000000007
4406.000000000005
5815.000000000005
3823.500000000003
5930.000000000005
3369.250000000003
5860.000000000007
3499.500000000003
5862.000000000005
3537.500000000003
6398.000000000006
3621.000000000003
6355.000000000006
3581.0000000000036
6524.000000000005
3575.750000000004
6806.000000000009
3859.000000000005
6600.000000000005
3906.0000000000045
6790.000000000007
3922.7500000000036
7062.00000000001
4101.750000000005
7270.000000000009
4662.5000000000055
7991.000000000007
4745.000000000005
9538.00000000001
4783.250000000005
10465.00000000001
5199.000000000005
11550.000000000013
5775.7500000000055
12249.000000000015
6110.750000000006
13864.000000000016
6618.250000000006
15728.000000000018
7327.250000000007
18806.00000000001
8033.75000000001
22395.000000000022
8454.250000000007
24773.00000000002
9316.50000000001
27007.000000000025
10278.50000000001
28380.00000000002
11094.500000000013
30165.00000000003
12131.000000000011
30339.000000000033
12513.250000000011
29509.000000000033
13315.500000000015
28076.00000000002
14690.000000000015
23731.00000000003
16167.250000000018
20217.000000000025
17370.00000000002
17454.000000000015
18277.00000000002
12649.000000000015
18813.75000000002
10610.000000000013
19153.250000000025
10432.000000000011
19111.000000000022
9905.000000000005
19140.500000000022
9614.00000000001
18721.75000000002
9872.000000000013
18796.500000000022
9536.000000000013
18650.000000000022
9386.00000000001
18456.750000000015
9414.000000000007
18423.25000000002
8842.000000000007
18012.25000000002
8565.000000000005
17579.00000000002
8530.000000000007