28597.000000000033
28382.000000000036
28605.00000000003
28318.000000000036
28589.25000000003
28242.000000000025
28525.250000000033
28078.000000000036
28473.500000000025
27988.00000000003
28346.00000000003
27630.000000000033
28327.500000000036
27288.00000000003
27726.500000000025
26881.000000000033
26560.750000000033
26658.000000000025
25865.75000000003
23416.00000000002
25595.250000000025
19910.000000000022
25180.250000000025
17736.00000000002
24578.000000000025
16581.00000000001
23292.500000000022
15315.000000000016
22486.500000000015
13704.00000000001
21695.250000000022
12701.000000000016
21977.50000000002
12563.000000000011
22788.250000000022
10894.00000000001
23085.750000000025
10615.000000000011
22173.500000000022
13584.000000000015
21406.00000000002
14684.000000000013
20844.00000000002
13963.000000000015
19466.500000000022
16009.000000000016
17922.250000000015
17929.000000000015
16347.750000000018
16786.000000000015
15895.750000000018
15508.000000000016
15536.000000000016
13564.000000000015
15601.750000000018
13451.000000000013
15470.000000000018
14216.000000000011
15261.250000000013
15357.000000000016
15109.500000000016
14588.000000000015
14441.000000000013
13865.000000000015
13859.000000000013
13617.000000000016
13163.000000000015
13620.000000000016
12434.750000000013
14166.000000000013
11222.250000000013
15079.000000000007
9849.500000000011
15123.000000000018
9037.25000000001
14545.000000000016
8485.250000000007
14355.000000000015
8316.000000000007
14886.000000000016
8145.750000000008
15330.000000000015
7881.000000000009
15962.000000000016
7804.500000000007
16056.000000000018
8141.500000000008
15998.000000000015
8948.500000000007
15712.000000000018
11173.500000000011
16263.000000000015
11427.500000000015
17398.00000000002
10864.750000000013
20595.000000000022
10149.75000000001
22374.000000000022
9922.25000000001
21787.000000000022
9640.25000000001
21477.000000000025
9455.750000000011
21478.000000000025
9165.000000000007
22100.000000000022
9033.50000000001
22295.000000000022
8747.75000000001
22144.000000000022
8542.500000000011
21650.000000000022
8658.75000000001
20713.000000000022
8774.000000000007
20088.000000000022
8814.75000000001
20407.000000000022
8830.50000000001
20495.000000000022
8895.25000000001
20378.000000000022
8856.00000000001
20324.00000000002
9015.25000000001
20069.00000000001
9350.25000000001
19703.000000000022
9558.250000000011
20114.00000000002
9853.750000000011
20498.000000000022
10095.750000000011
21101.00000000002
10453.75000000001
21414.00000000002
11010.750000000011
21571.000000000025
11692.000000000013
21257.000000000022
12629.000000000013
21645.000000000015
13456.750000000013
22517.000000000025
14322.250000000013
23216.00000000001
15058.750000000018
23618.000000000022
15919.750000000015
23795.00000000002
16861.50000000002
23918.000000000025
17774.250000000022
25166.000000000022
18355.25000000002
26337.000000000025
18974.000000000022
26871.00000000002
20095.500000000022
27255.00000000003
21096.00000000002
27507.00000000003
22287.500000000022
27933.000000000033
22818.500000000022
28071.000000000015
24106.75000000003
28266.000000000025
25709.00000000003
28569.000000000022
27154.50000000003
28841.00000000003
25955.250000000025
28933.000000000033
25391.500000000025
29049.000000000025
27828.250000000025
29194.000000000022
29053.750000000033
29380.00000000003