6194.250000000006
9752.00000000001
6091.000000000004
9147.000000000007
6019.7500000000055
8414.000000000011
5974.0000000000055
7840.000000000008
5983.000000000006
7449.000000000006
6084.2500000000055
7294.000000000007
6275.250000000006
7301.000000000009
6501.000000000007
7692.000000000008
6645.750000000006
8106.000000000008
6799.2500000000055
8246.00000000001
6974.000000000007
8168.000000000009
7052.000000000008
8015.000000000007
7097.000000000008
7768.000000000006
7398.000000000007
7592.000000000008
7502.000000000006
7575.000000000009
7540.000000000006
7429.000000000007
7426.250000000009
7068.000000000006
6814.2500000000055
6520.0000000000055
6576.250000000006
6128.000000000005
7779.750000000006
6057.0000000000055
8618.50000000001
6261.000000000006
8587.750000000007
6650.000000000007
8045.500000000007
6901.000000000007
7221.500000000007
7180.000000000007
6424.000000000006
7928.000000000008
6568.750000000006
9114.000000000011
7416.250000000007
10416.000000000011
7619.000000000008
11672.000000000011
7927.250000000008
12687.000000000016
8047.250000000008
13136.000000000011
7579.750000000007
13162.000000000011
7291.250000000006
13034.000000000015
7068.500000000007
12857.000000000013
6865.750000000006
12776.000000000015
6567.500000000007
12859.000000000015
6284.5000000000055
13196.000000000011
6542.250000000006
13568.000000000015
6940.500000000007
13981.000000000018
7126.000000000007
14305.000000000016
7752.250000000008
14477.000000000015
7762.500000000007
14466.000000000015
8264.250000000011
14573.000000000015
8448.75000000001
14293.000000000011
8737.750000000007
13991.000000000015
9298.00000000001
13919.000000000015
9085.25000000001
13792.000000000016
8248.000000000007
13788.000000000015
8222.750000000007
13876.000000000016
7305.000000000007
13400.000000000015
6824.750000000006
12483.00000000001
6231.750000000006
11814.00000000001
6114.250000000007
11133.000000000011
6458.5000000000055
10670.000000000013
7041.250000000006
10648.000000000013
7560.000000000009
10582.00000000001
8082.750000000008
10341.000000000011
8511.000000000007
10249.000000000011
9166.25000000001
9986.000000000013
10298.50000000001
9534.000000000011
10854.750000000011
9044.00000000001
11674.250000000011
8505.00000000001
12264.750000000015
7967.000000000008
12542.750000000013
7633.000000000008
12795.750000000015
7365.000000000006
12833.500000000011
7181.000000000008
11802.250000000013
7104.000000000006
11622.000000000013
7063.000000000007
12526.250000000013
7015.000000000006
13441.750000000015
6964.0000000000055
13816.000000000016
7008.000000000008
13417.000000000016
7132.000000000007
13675.250000000015
7498.000000000009
13867.000000000015
8158.000000000009
13893.000000000013
9200.000000000007
14753.500000000013
10441.000000000011
14274.750000000015
11836.000000000013
13335.500000000011
13180.000000000011
13499.000000000015
13995.000000000015
13421.250000000013
14196.000000000016
12834.250000000015
13849.000000000016
12441.000000000011
13258.000000000015
11808.250000000011
12527.000000000015
11838.500000000013
12303.00000000001
11107.750000000011
12251.000000000011
10608.75000000001
11883.000000000015
11219.00000000001
11374.000000000011
11687.000000000011
10712.000000000011
10937.25000000001
9794.000000000007
10648.750000000011
9043.00000000001
10350.750000000011
8538.000000000007