19651.50000000002
19251.000000000022
19353.750000000022
19709.000000000015
20109.00000000002
18966.000000000025
20112.750000000022
19280.000000000022
20337.00000000002
20521.000000000025
20221.25000000002
17799.00000000001
20403.25000000002
18969.00000000002
20728.750000000022
18917.000000000015
20189.75000000002
18922.000000000022
19222.25000000002
19447.000000000022
18828.25000000002
19541.000000000022
20030.75000000002
19182.00000000002
20246.00000000002
20466.000000000022
19831.250000000022
19242.000000000022
20217.750000000022
19902.00000000001
19947.500000000022
20490.000000000022
20710.000000000022
19642.000000000022
20153.75000000002
19036.000000000022
19847.000000000015
18389.000000000022
19982.25000000002
20233.000000000022
19344.25000000002
19578.000000000022
19094.250000000022
18606.000000000022
19742.000000000022
19446.000000000022
20554.500000000022
18947.000000000015
20410.000000000022
18567.000000000015
20667.000000000022
18993.000000000015
21553.500000000022
18658.000000000015
21593.50000000002
17715.000000000015
20323.00000000002
18124.000000000015
19250.50000000002
18695.00000000002
19657.50000000002
17712.000000000022
20350.500000000022
20065.000000000025
20416.25000000002
20554.00000000002
20798.50000000002
21036.000000000025
20737.750000000022
19659.000000000022
20475.000000000022
17972.000000000015
19812.750000000022
17201.000000000007
17789.00000000002
17471.000000000015
15916.000000000018
17974.000000000015
12610.250000000013
19527.000000000015
11779.500000000013
20722.00000000002
11529.000000000013
21502.000000000025
10895.50000000001
20260.000000000022
9959.75000000001
19273.000000000025
8863.750000000007
16590.00000000002
8630.50000000001
15572.000000000016
9063.75000000001
15877.000000000016
9506.00000000001
13723.000000000016
8673.25000000001
13892.000000000013
8185.000000000007
15020.000000000013
8235.000000000007
15987.000000000018
8835.250000000011
14732.000000000015
8217.500000000007
14121.000000000013
7957.750000000008
15932.000000000016
8370.50000000001
18454.00000000001
8894.25000000001
19580.00000000002
9629.00000000001
20023.000000000022
9552.50000000001
18088.00000000002
9164.750000000011
18149.00000000001
9230.750000000011
18820.00000000001
9699.25000000001
18837.00000000001
10081.250000000013
17331.000000000022
10429.000000000013
18522.000000000015
11113.500000000013
19761.00000000002
11786.000000000013
20340.000000000025
12246.750000000011
17774.000000000015
12610.750000000011
17787.000000000022
13449.750000000011
19608.000000000022
13822.750000000015
20412.000000000022
14244.250000000016
21762.000000000022
14567.750000000015
21606.00000000002
15341.250000000013
20336.000000000025
15548.750000000013
19557.000000000015
16242.500000000016
20085.000000000025
16691.250000000015
19549.00000000002
17344.000000000015
19148.000000000022
17202.75000000002
19493.000000000022
17226.50000000002
19820.000000000022
16451.50000000002
19599.000000000022
15784.500000000015
20194.000000000022
16417.000000000015
19184.00000000002
15936.750000000015
19080.00000000001
15014.250000000013
18422.00000000002
15376.000000000015
17455.000000000015
15549.250000000018
17598.00000000002
14352.250000000013
17789.000000000015
15037.750000000015
16999.000000000015
14294.750000000013
15976.000000000018
13145.500000000015
16782.00000000002
13215.250000000015
18622.000000000022