11713.500000000013
20149.00000000002
12047.500000000013
20119.000000000022
12028.750000000011
20803.000000000022
11559.000000000011
21112.000000000015
11340.250000000011
20720.00000000002
11536.500000000011
20657.000000000022
11959.250000000013
21506.000000000022
12492.250000000013
22256.000000000022
14074.250000000013
21977.00000000003
14404.250000000013
21142.00000000003
13696.500000000013
19924.000000000015
12380.750000000013
18483.00000000002
11764.500000000013
17408.000000000015
11434.500000000015
16295.000000000018
11800.25000000001
14152.000000000018
12120.000000000013
10659.000000000011
11807.250000000013
8831.000000000005
11409.750000000011
8442.000000000005
12013.500000000011
7655.000000000008
13889.500000000015
7538.000000000007
14735.000000000011
7573.0000000000055
14305.750000000015
7643.000000000009
15054.250000000013
7535.0000000000055
16838.50000000002
7922.000000000009
17298.250000000015
8381.000000000005
16520.500000000015
9860.000000000013
16551.25000000002
9980.00000000001
16407.250000000015
9612.000000000007
17368.500000000015
10139.000000000013
17848.000000000015
10098.000000000011
17515.250000000022
9946.000000000007
16997.75000000002
10119.000000000011
16327.500000000016
10984.00000000001
15599.750000000015
12004.000000000011
14733.500000000013
12960.000000000016
13133.500000000013
14679.000000000015
12420.500000000013
17621.000000000015
12569.250000000011
20232.00000000002
12159.500000000013
21715.00000000001
12050.750000000011
22570.000000000022
11707.750000000013
23164.00000000003
11637.250000000011
23719.000000000025
12135.250000000013
24032.000000000015
12700.500000000015
23939.000000000022
12938.750000000013
24018.000000000022
13408.750000000015
24396.000000000015
11860.250000000011
24440.00000000001
9927.00000000001
23827.00000000002
9237.75000000001
22859.000000000022
10368.750000000011
21791.000000000022
11646.000000000013
20794.000000000022
11837.750000000011
19729.00000000002
11504.500000000013
18741.00000000002
11311.750000000011
17749.00000000002
12267.500000000013
16846.000000000015
12935.750000000013
16529.000000000007
13264.250000000015
16301.000000000018
13904.25000000001
16598.00000000001
15126.500000000018
17194.000000000015
17522.75000000002
17244.000000000015
17602.25000000002
17809.000000000022
18143.75000000002
18568.000000000015
18293.000000000015
18952.000000000025
18765.75000000002
19475.000000000022
18003.00000000002
19918.000000000022
17076.250000000015
19643.00000000001
16091.500000000016
19329.000000000015
15404.750000000015
20186.000000000022
15557.250000000016
21628.000000000022
17530.50000000002
22797.000000000022
19404.50000000002
23277.00000000002
19746.500000000022
22710.000000000025
19191.75000000002
21450.000000000025
19224.000000000015
19602.000000000022
19993.750000000022
19919.000000000022
20305.500000000022
21150.000000000025
19738.750000000022
21030.000000000025
19186.25000000002
21679.000000000025
17627.500000000022
21249.000000000015
16246.250000000015
20772.000000000022
16024.750000000016
19622.00000000002
15375.750000000013
19233.000000000022
15332.500000000016
19300.000000000015
15751.500000000018
20060.000000000015
15549.500000000015
20132.000000000022
14927.000000000013
19846.000000000022
14851.500000000015
18929.000000000022
15587.500000000016
17617.00000000001
15698.250000000016
17304.000000000007
15274.250000000015
17307.000000000007