15226.500000000015
13361.000000000005
14741.250000000015
11606.000000000013
14194.750000000011
9147.000000000007
14471.000000000016
7632.000000000008
15118.000000000018
7224.000000000009
14922.750000000016
9940.000000000011
15495.000000000011
12835.00000000001
15321.500000000016
13394.000000000011
14824.000000000016
12526.000000000011
14937.750000000011
12541.000000000011
14750.750000000018
14649.000000000013
14255.750000000016
17472.000000000015
14254.000000000011
16750.000000000022
13425.750000000015
14350.000000000015
11781.500000000013
16067.000000000018
11677.500000000011
15225.000000000018
13240.250000000013
13576.000000000011
12963.250000000013
14125.000000000011
12361.500000000011
14697.000000000016
12093.000000000011
12682.00000000001
12900.000000000013
11404.000000000011
14194.500000000015
10407.00000000001
14949.250000000015
12359.000000000011
15197.250000000015
14205.000000000015
16062.250000000015
15540.000000000016
16902.250000000015
15684.000000000015
16304.000000000016
15818.000000000016
15956.250000000016
16933.00000000001
15648.500000000013
17521.000000000007
14943.500000000013
16267.000000000018
14685.750000000013
16860.000000000015
14172.000000000015
16108.000000000015
13508.000000000016
12736.000000000016
12299.250000000011
10188.00000000001
10410.250000000011
8800.00000000001
8269.750000000007
7578.000000000008
7371.250000000007
6591.000000000008
8147.000000000007
6696.000000000007
9459.75000000001
6158.000000000005
9628.75000000001
5450.000000000006
9377.25000000001
6959.000000000007
9833.750000000011
6908.000000000006
9326.500000000011
6051.000000000005
9693.500000000007
7169.0000000000055
10599.25000000001
8022.000000000007
10271.25000000001
8424.000000000007
9577.00000000001
9231.000000000007
9678.25000000001
11422.000000000011
10206.000000000011
13814.000000000016
10106.25000000001
16533.00000000001
9335.00000000001
18422.00000000002
8521.00000000001
20551.000000000022
8064.250000000008
22667.000000000025
7336.250000000007
20817.000000000022
7248.750000000007
21166.000000000022
7271.500000000007
22917.000000000022
6949.500000000007
21029.000000000022
6750.250000000008
20551.000000000025
7130.000000000008
20718.00000000002
7774.750000000007
20657.000000000022
7518.750000000007
18268.00000000002
6229.250000000007
15010.000000000016
6174.2500000000055
11191.000000000011
6587.000000000006
7516.000000000008
7509.000000000008
7264.000000000006
7834.000000000009
8422.000000000007
8557.250000000007
12428.000000000016
9010.25000000001
16003.000000000015
8802.250000000007
11401.000000000011
8160.750000000008
7959.000000000008
8275.50000000001
6854.000000000008
8680.75000000001
6810.000000000008
9484.25000000001
6018.000000000007
8868.75000000001
7454.000000000009
9451.750000000011
8516.00000000001
9655.750000000011
8671.000000000005
9218.00000000001
10403.000000000011
9317.75000000001
12919.000000000015
8938.25000000001
10097.000000000011
9040.750000000011
10676.00000000001
9241.50000000001
12141.000000000013
8984.750000000011
13678.000000000013
8425.250000000007
15896.000000000015
7390.750000000008
17283.00000000001
6468.750000000008
15933.000000000016
5878.5000000000055
14025.000000000015
6016.500000000006
14361.000000000016
7701.500000000007
13584.000000000013
9081.50000000001
12999.000000000011
9279.500000000011
11162.000000000013