19356.250000000015
18056.00000000002
19459.00000000002
18296.000000000022
19326.250000000022
18823.000000000022
19191.50000000002
19589.000000000015
19559.00000000002
18590.00000000002
19968.000000000022
18146.00000000002
20156.750000000022
16126.000000000018
19323.750000000022
15450.000000000016
19444.750000000022
15760.000000000018
20319.25000000002
15982.000000000015
19377.500000000022
14789.000000000016
17849.25000000002
14321.000000000016
15906.000000000016
15152.000000000015
15853.250000000015
12955.000000000015
16919.000000000015
14828.000000000015
18067.250000000022
15050.000000000013
17741.50000000002
14582.000000000011
17036.500000000015
14688.000000000016
15986.500000000016
15966.000000000016
15452.250000000015
18178.00000000002
16108.750000000016
19676.000000000022
15348.750000000016
20242.000000000022
13915.250000000015
19736.000000000022
13612.750000000013
17981.00000000001
14029.250000000015
17170.000000000007
14864.500000000015
16149.000000000015
14755.250000000016
16284.000000000016
14260.750000000013
15743.000000000015
13867.000000000015
16042.000000000015
14048.500000000013
17063.000000000022
12830.750000000013
18730.00000000001
12679.500000000013
20650.000000000022
13439.500000000013
21562.000000000022
14538.500000000016
17901.00000000002
15127.750000000016
15121.000000000015
15130.250000000016
16280.000000000018
13232.250000000015
17660.00000000002
12654.500000000011
18933.000000000015
11850.500000000013
19563.00000000002
11929.750000000013
20173.00000000002
12479.250000000013
19078.00000000001
12855.500000000013
20872.000000000022
12423.250000000015
21366.000000000022
11583.500000000013
19873.000000000022
10839.750000000011
18406.00000000002
11417.250000000011
19009.000000000015
13304.750000000011
17855.000000000022
14378.000000000016
16359.000000000018
14084.750000000016
16507.00000000001
13892.500000000015
18499.00000000001
15022.250000000013
19699.000000000022
15695.250000000016
17014.000000000015
16278.250000000015
15936.000000000016
15676.750000000015
19152.00000000002
14986.750000000016
18569.000000000015
15290.750000000016
17158.00000000001
16481.750000000015
18196.00000000001
16617.000000000015
15701.000000000018
16445.75000000002
13879.000000000015
15391.750000000015
14146.000000000015
13952.250000000015
14095.000000000011
12858.500000000015
12855.000000000013
13722.500000000015
12187.000000000013
15294.250000000013
13077.000000000016
15928.000000000015
14389.00000000001
15912.500000000016
14207.000000000015
15223.750000000013
13494.000000000016
14242.500000000013
12058.00000000001
14389.500000000015
11771.000000000013
13914.250000000016
13937.000000000013
13531.500000000013
16082.000000000016
13405.000000000011
16714.00000000002
14707.250000000015
17142.00000000002
16365.000000000016
15739.000000000016
17999.00000000002
16451.000000000015
18661.750000000022
16620.000000000022
18796.25000000002
15450.000000000016
18814.75000000002
14972.000000000016
18329.750000000015
14873.000000000016
17981.750000000015
15747.000000000016
17566.50000000002
17331.000000000022
17539.25000000002
19266.000000000022
17437.750000000015
20516.000000000025
17381.25000000002
18795.000000000015
17993.75000000002
16477.00000000002
17346.00000000002
16219.000000000016
15974.250000000015
16237.000000000016
15795.000000000016
16430.00000000001
15513.250000000016
17344.00000000001
15571.750000000015
17751.00000000002