26068.250000000025
24432.000000000025
25619.500000000033
23793.00000000002
25343.50000000003
24654.00000000001
25364.00000000003
25812.000000000022
25995.250000000022
26453.000000000025
26197.50000000003
25825.00000000003
25177.500000000025
24928.000000000022
25112.250000000025
25552.000000000025
25420.50000000003
26277.000000000025
25435.75000000003
26323.000000000036
25535.00000000003
26080.000000000025
25884.500000000025
25799.000000000022
25594.00000000003
25559.00000000003
25476.75000000003
25234.000000000022
25237.250000000022
24475.000000000033
25145.25000000003
23693.000000000022
25299.25000000003
24437.00000000002
25557.750000000025
24964.00000000003
25735.500000000022
24381.00000000003
24781.750000000033
25153.000000000033
24272.750000000025
25767.000000000022
25045.000000000025
25643.000000000022
25364.750000000025
26740.000000000025
24665.750000000022
25396.00000000002
24375.000000000025
25380.000000000025
24697.500000000025
26333.000000000033
25087.75000000003
25647.000000000022
25132.000000000022
25554.000000000033
22288.500000000022
24946.000000000015
21438.00000000002
26345.000000000022
20757.50000000002
26405.000000000022
20337.75000000002
25372.000000000015
20212.000000000022
25887.000000000022
19905.25000000002
26307.000000000025
18908.250000000022
25623.00000000002
16968.000000000015
24000.000000000015
16108.000000000015
23172.00000000002
15760.000000000015
25144.000000000022
15536.000000000016
25436.000000000025
15860.500000000015
24905.000000000025
14984.500000000016
25026.000000000033
15510.750000000015
24516.000000000025
15604.500000000016
23905.00000000003
14318.50000000001
24039.00000000002
13481.000000000016
24377.00000000002
13732.250000000011
25200.00000000001
13460.500000000015
25466.000000000015
12971.750000000013
25101.00000000003
12316.500000000011
26210.000000000022
11878.750000000011
25829.000000000022
10985.000000000011
25442.000000000033
11063.500000000011
25550.00000000002
11199.000000000011
26039.000000000022
10504.750000000011
26359.00000000003
10189.75000000001
25664.000000000033
9754.500000000007
25084.000000000022
9340.00000000001
24914.00000000003
9213.25000000001
24857.00000000003
9274.50000000001
25799.000000000022
9751.750000000011
25798.000000000033
10831.50000000001
25356.000000000022
10730.250000000011
24334.00000000003
11004.000000000011
23044.000000000025
12202.000000000011
20987.000000000022
12601.250000000013
20001.000000000022
13047.250000000015
20148.000000000022
13047.500000000013
19464.000000000022
13239.750000000016
18721.000000000015
13855.250000000015
19960.00000000002
15156.750000000015
20958.000000000022
16053.250000000015
19339.00000000001
16555.75000000002
18655.000000000022
16817.250000000015
17693.000000000022
15887.750000000011
17391.000000000022
16432.00000000002
17772.000000000022
17577.750000000022
19589.000000000015
20727.250000000022
21764.000000000022
21682.000000000022
21626.000000000022
22403.50000000002
21367.000000000022
22953.500000000022
22626.000000000025
23209.500000000022
23212.000000000025
23224.500000000022
23303.00000000003
23593.500000000025
24403.00000000002
23697.750000000025
24281.00000000002
23612.250000000025
23796.000000000025
23783.750000000022
23537.000000000025
24242.500000000025
24872.000000000025
24714.000000000022
25449.000000000033
24439.50000000002
25396.00000000002
24730.50000000002
25359.000000000015