9997.75000000001
10760.000000000011
10032.750000000011
9715.000000000011
9997.75000000001
9219.00000000001
9198.000000000011
7158.000000000008
8899.25000000001
6342.000000000006
8977.75000000001
7556.000000000007
8958.00000000001
9396.000000000011
8369.00000000001
10310.00000000001
8353.000000000007
7433.000000000008
9128.75000000001
4417.000000000004
9591.00000000001
6726.000000000007
9605.500000000011
6838.000000000008
9433.000000000011
6046.000000000004
9783.25000000001
5627.0000000000055
9398.75000000001
6368.000000000007
9633.00000000001
7524.000000000008
10820.75000000001
9123.000000000007
11466.250000000013
12365.000000000015
10450.250000000011
13779.00000000001
9064.250000000011
11351.000000000013
8470.750000000007
9218.00000000001
8251.500000000007
8115.000000000009
8524.750000000007
7819.000000000009
8646.750000000007
7713.000000000009
8451.75000000001
7176.000000000003
9339.25000000001
7276.00000000001
10598.25000000001
7323.000000000007
11365.500000000013
6157.000000000007
12223.250000000011
5176.0000000000055
12748.250000000015
5586.0000000000055
12133.750000000013
6135.000000000005
11602.000000000013
6385.0000000000055
11324.000000000013
6847.000000000006
10367.000000000011
7052.000000000008
9408.750000000011
6858.000000000008
8990.250000000007
7166.000000000009
8577.50000000001
7851.000000000009
8634.000000000011
8035.000000000009
8867.250000000007
7983.000000000008
8673.500000000011
7902.000000000007
8588.000000000007
8257.00000000001
8794.500000000011
8581.000000000011
9493.750000000011
8553.000000000007
9832.250000000011
8406.000000000011
9578.25000000001
7494.000000000008
9315.250000000011
5716.000000000006
8199.50000000001
3527.0000000000036
7254.250000000008
3569.000000000004
6872.500000000007
4070.0000000000045
6213.000000000007
4394.000000000004
6163.250000000006
4495.000000000005
6416.250000000006
4293.000000000005
6524.250000000008
4147.000000000004
6679.000000000006
3009.0000000000036
7049.250000000006
2087.000000000002
6918.750000000006
2401.000000000002
6556.500000000008
2992.000000000003
7263.500000000006
3075.0000000000023
7007.750000000006
3128.0000000000036
6369.500000000007
3680.000000000004
6393.500000000006
4352.000000000004
6116.000000000006
4508.0000000000055
5756.0000000000055
4898.000000000005
6817.000000000006
5307.0000000000055
7624.000000000006
5275.0000000000055
7374.750000000008
5072.0000000000055
7203.000000000006
4612.0000000000055
6656.250000000007
4829.000000000005
6249.750000000006
5689.0000000000055
6502.500000000006
5964.000000000003
6870.250000000007
5470.000000000005
6718.500000000007
4677.0000000000055
7086.000000000006
4630.0000000000055
7349.250000000008
4903.0000000000055
6548.250000000007
4978.0000000000055
6901.000000000007
4871.0000000000055
7121.000000000008
4449.000000000005
7290.250000000006
4046.0000000000036
7129.250000000007
3664.000000000004
6171.750000000006
3150.0000000000036
5477.5000000000055
3128.0000000000036
5223.5000000000055
3259.000000000004
5506.500000000004
2923.0000000000023
5784.0000000000055
2408.0000000000027
6360.500000000007
2128.0000000000014
6982.500000000006
1936.0000000000023
7173.750000000007
1693.000000000002
6706.000000000006
1683.000000000002
6216.7500000000055
1675.0000000000018
6120.250000000006
1800.0000000000014