18447.25000000002
20625.000000000015
18187.00000000002
20106.000000000015
18142.250000000015
20086.000000000022
18150.25000000002
20299.000000000022
17927.250000000015
20268.00000000001
17657.00000000002
19922.000000000022
17137.25000000002
18973.000000000022
15493.000000000016
18679.00000000002
14948.750000000018
18419.00000000002
15101.000000000015
17376.000000000022
15123.750000000016
17199.00000000002
14815.500000000016
16781.00000000001
14475.750000000015
17136.000000000015
14677.000000000015
17287.000000000015
15059.000000000015
17572.000000000022
15048.500000000015
17846.00000000001
15874.750000000015
18467.00000000002
16627.750000000015
17917.00000000002
16874.50000000002
18179.00000000002
16788.500000000015
18979.000000000015
16873.25000000002
18406.00000000002
16473.00000000002
16782.00000000002
17433.750000000015
16221.000000000016
16790.00000000002
15164.000000000018
16214.250000000015
13241.000000000011
15479.250000000016
12577.00000000001
15272.750000000018
13645.000000000018
15616.500000000015
14382.000000000015
15047.750000000015
14868.000000000016
14628.250000000015
16527.000000000015
15353.250000000015
16465.000000000015
16531.250000000015
14640.000000000015
16498.250000000015
12369.000000000013
15813.500000000015
10869.000000000011
14332.250000000015
12209.00000000001
12735.250000000013
13986.000000000016
12060.250000000013
13703.00000000001
11734.75000000001
13263.000000000015
11979.500000000013
12619.000000000015
12566.500000000013
13030.000000000015
13023.250000000013
11264.000000000013
13105.750000000015
10204.000000000011
13198.500000000016
13606.000000000016
13204.750000000015
14499.000000000016
12758.750000000013
13921.000000000007
13148.250000000013
13540.000000000007
13212.500000000013
11817.000000000007
12818.250000000015
12588.000000000015
12933.750000000011
15738.00000000002
13247.250000000015
16060.000000000016
12755.250000000015
16640.00000000001
12334.750000000011
15927.000000000018
12526.500000000013
15627.000000000018
12554.250000000013
14439.000000000016
12880.250000000011
13335.000000000013
13225.000000000015
13539.000000000016
12744.750000000013
12773.00000000001
12240.250000000011
12044.00000000001
12892.250000000015
14303.000000000013
13447.750000000016
18159.00000000002
13319.250000000015
20512.000000000022
13883.000000000015
18928.00000000001
14628.750000000018
16240.000000000016
14505.500000000016
13986.000000000016
13803.500000000013
12895.00000000001
13721.750000000016
10713.000000000013
14184.250000000016
9594.000000000011
14532.000000000013
8988.000000000011
14397.250000000016
8443.000000000005
13645.250000000015
8262.000000000007
13360.750000000015
7470.000000000006
12652.250000000015
7188.000000000008
11996.000000000013
7493.000000000009
11370.500000000011
7434.000000000008
10525.75000000001
7991.000000000008
11048.25000000001
8891.00000000001
11469.750000000011
9845.000000000011
12152.500000000015
9886.000000000007
12408.750000000013
10993.000000000011
12236.500000000013
12492.000000000013
11165.750000000011
13977.00000000001
9751.50000000001
14743.000000000016
9065.250000000011
14012.000000000016
8862.75000000001
10935.000000000013
8949.750000000011
8081.000000000009
9199.25000000001
7221.000000000008
9207.250000000011
8542.000000000005
9272.500000000011
8888.000000000007
9557.500000000011
9811.00000000001
9567.75000000001
11219.000000000011