5139.250000000005
5397.0000000000055
5039.000000000004
5489.000000000005
4873.500000000005
5564.000000000006
4732.2500000000055
6289.000000000006
4592.750000000005
7996.000000000008
4476.250000000005
9599.00000000001
4342.000000000005
10825.000000000011
4266.250000000005
11720.000000000013
4172.500000000004
12047.000000000016
4140.000000000005
11860.00000000001
4120.250000000005
11036.000000000011
4175.000000000005
9715.000000000011
4459.500000000004
8558.000000000005
4461.000000000005
7816.000000000008
4624.750000000005
7464.000000000006
4980.250000000005
7450.000000000008
5127.250000000005
7525.000000000006
5258.0000000000055
7557.000000000008
5418.7500000000055
7541.000000000008
5581.5000000000055
7613.000000000007
5648.250000000006
7733.0000000000055
5657.000000000006
7705.000000000009
5572.000000000006
7644.000000000007
5526.000000000006
7667.000000000009
5484.5000000000055
7760.000000000008
5336.000000000006
7866.000000000008
5169.7500000000055
7896.000000000007
5072.2500000000055
7870.0000000000055
5177.000000000006
7786.000000000008
5513.0000000000055
7630.000000000008
6536.250000000006
8052.00000000001
8286.250000000007
8383.000000000011
8838.50000000001
8415.000000000007
8429.75000000001
8426.00000000001
7152.750000000007
9173.00000000001
7255.250000000008
9367.000000000007
6624.250000000007
10333.000000000013
6310.750000000006
8785.000000000005
6635.000000000007
9014.000000000005
6731.2500000000055
13020.000000000015
5786.5000000000055
12127.000000000015
6068.250000000007
11067.000000000011
6501.500000000006
12141.000000000013
6106.750000000007
14419.00000000001
6303.500000000006
14602.00000000001
6041.250000000006
15392.000000000018
5720.250000000006
18821.000000000022
6004.0000000000055
19922.000000000022
6271.250000000006
18733.000000000022
6324.500000000006
15108.000000000016
6638.000000000007
12571.000000000011
5983.750000000007
10736.000000000011
5812.0000000000055
15108.00000000002
6342.500000000007
15136.000000000015
6482.500000000007
11831.000000000013
5597.000000000005
10982.000000000011
6188.2500000000055
13685.000000000015
6611.250000000007
12957.00000000001
6289.000000000006
8818.000000000011
6478.500000000007
6611.000000000006
7497.000000000007
8660.000000000007
7505.500000000007
11877.000000000013
7616.500000000006
10364.000000000011
8426.75000000001
10348.000000000011
8104.250000000009
9460.000000000013
8228.75000000001
7793.000000000008
8638.75000000001
6341.000000000005
8656.250000000007
6420.000000000004
8999.25000000001
7613.000000000007
8957.500000000007
8167.000000000008
9126.00000000001
8827.000000000007
8445.500000000007
9269.000000000007
9339.50000000001
9881.00000000001
9705.750000000011
10778.000000000011
10208.50000000001
10884.000000000013
9243.25000000001
11346.000000000011
9525.250000000011
11988.000000000011
9855.500000000013
12470.00000000001
10822.25000000001
12734.000000000011
10259.25000000001
13553.000000000015
10276.250000000011
14380.000000000013
11143.500000000011
11518.000000000013
11243.500000000013
11544.000000000011
12023.500000000013
12052.000000000005
12674.250000000013
11202.000000000011
11769.500000000011
11185.000000000005
12657.250000000015
10433.000000000011
12991.000000000013
9432.00000000001
12937.250000000013
8884.000000000005
12987.750000000013
9653.00000000001