6707.2500000000055
1586.0000000000016
6761.250000000007
1266.0000000000014
7211.000000000008
1644.0000000000018
7822.500000000008
1711.0000000000011
8385.750000000007
1617.0000000000014
8904.250000000007
1709.0000000000011
9305.25000000001
1679.000000000002
9797.50000000001
2435.0000000000027
9499.500000000011
3162.0000000000027
9185.250000000007
3645.000000000004
8580.00000000001
4414.0000000000055
7885.000000000007
6183.000000000008
8485.250000000011
8479.00000000001
9466.500000000013
10097.000000000011
9997.00000000001
9995.00000000001
9742.500000000011
10521.00000000001
8700.00000000001
9745.000000000005
8523.50000000001
8372.00000000001
8268.75000000001
8562.00000000001
7803.500000000009
9747.000000000011
7286.000000000006
9377.000000000011
8358.50000000001
10436.00000000001
8766.25000000001
11114.00000000001
8817.50000000001
9327.000000000005
9145.750000000007
9651.000000000011
9010.500000000011
10938.000000000013
8461.75000000001
9784.000000000011
8266.500000000007
9633.000000000011
8077.750000000007
10437.00000000001
7785.750000000006
10535.000000000013
7714.500000000008
9910.000000000011
8524.50000000001
8571.00000000001
8782.25000000001
6913.000000000007
8423.750000000007
5443.0000000000055
8576.250000000011
4183.000000000003
8376.75000000001
3609.0000000000036
8202.25000000001
3421.0000000000027
8572.75000000001
2843.0000000000027
8340.50000000001
2598.000000000003
8258.500000000007
3560.000000000003
8230.00000000001
4519.0000000000055
8649.500000000011
4588.0000000000055
9343.25000000001
4606.000000000003
8899.25000000001
4425.000000000004
10011.00000000001
4672.000000000004
12182.250000000013
4750.000000000005
13821.250000000015
5785.000000000006
14469.250000000015
17119.000000000015
13420.500000000015
25936.000000000022
14539.500000000016
27032.000000000022
13612.250000000015
26881.000000000033
13812.500000000011
26149.000000000033
14367.000000000015
25426.00000000002
14312.250000000016
27998.000000000025
13944.000000000015
25865.00000000002
14389.250000000016
26581.000000000025
14047.000000000015
26124.00000000003
14307.500000000016
23631.000000000022
16182.000000000016
23712.000000000022
17542.000000000022
26448.000000000033
19298.00000000002
27300.000000000033
18672.00000000002
27464.000000000025
18934.250000000022
27281.000000000025
19690.00000000002
26331.000000000025
19588.00000000002
25606.00000000002
20617.750000000022
25254.000000000025
21509.75000000002
24928.000000000022
20221.750000000022
24350.000000000022
19917.00000000002
24494.000000000025
19179.25000000002
22908.000000000025
18734.500000000025
23369.00000000002
19039.250000000022
25636.000000000033
20489.75000000002
25914.00000000002
21683.000000000022
25884.00000000002
23404.75000000002
26099.00000000003
24065.000000000025
26043.000000000022
24391.25000000003
25041.00000000003
25707.00000000003
24157.00000000003
26263.000000000025
24088.00000000002
25668.750000000025
23729.000000000022
24512.250000000025
24054.00000000002
23745.50000000002
24097.00000000002
24181.500000000022
25032.00000000002
23948.250000000025
25964.000000000022
25685.000000000025
25998.000000000022
26448.250000000025
26254.00000000003
26518.250000000025
26798.00000000002
26587.000000000022
26894.00000000003
26441.00000000003
26416.000000000033
26220.250000000033
26492.00000000002