9770.750000000007
11646.00000000001
10325.000000000011
11725.000000000013
10681.250000000011
11789.000000000007
10994.000000000011
11896.000000000013
11319.750000000011
12084.000000000011
11630.00000000001
12310.000000000015
11851.750000000015
12470.00000000001
11947.500000000013
12614.000000000016
12020.000000000015
12675.000000000016
12026.000000000013
12650.000000000015
11982.250000000011
12669.000000000015
11842.750000000013
12637.00000000001
12017.500000000015
12569.000000000015
12014.000000000013
12499.00000000001
12148.000000000013
12433.000000000011
12320.000000000013
12330.000000000015
12145.250000000013
12508.000000000015
12192.750000000013
12819.000000000018
12169.250000000013
12549.000000000007
12227.000000000013
12286.00000000001
12255.750000000013
12185.000000000007
12120.00000000001
11967.00000000001
12503.750000000016
11731.000000000015
12788.250000000011
11575.00000000001
13362.250000000016
11536.000000000013
14438.500000000015
11551.000000000013
14678.000000000015
11454.00000000001
14234.000000000016
11179.000000000011
13799.250000000015
10917.00000000001
14361.750000000016
10339.000000000011
14496.500000000016
9088.00000000001
13659.000000000013
7266.000000000006
13390.000000000013
5464.000000000006
12521.000000000013
4032.0000000000045
12477.000000000015
3045.0000000000023
11676.250000000011
2693.0000000000023
10452.250000000011
2588.000000000003
9979.500000000011
2629.000000000003
9687.000000000011
2671.0000000000027
9677.500000000011
2712.000000000003
9277.50000000001
2952.0000000000027
8603.00000000001
3194.0000000000036
7541.250000000007
3302.0000000000036
7274.000000000008
3418.0000000000045
7100.250000000007
3536.0000000000036
7048.7500000000055
3625.000000000004
7181.000000000006
3625.000000000004
7650.000000000007
3601.0000000000023
7916.00000000001
3575.000000000004
8074.500000000007
3559.0000000000045
8560.75000000001
3671.000000000003
8259.500000000007
3981.0000000000036
8529.25000000001
4358.000000000003
9031.25000000001
4660.0000000000055
8405.250000000007
4870.0000000000055
7693.500000000007
4962.000000000004
7702.750000000008
4872.000000000005
8436.000000000007
4663.000000000003
8063.750000000008
4459.000000000004
8725.000000000007
4348.000000000005
7757.250000000008
4371.000000000004
7512.500000000007
4450.000000000003
8379.25000000001
4534.000000000003
8952.250000000007
4781.000000000003
9163.25000000001
6282.000000000008
9358.00000000001
8453.000000000007
9959.50000000001
9539.00000000001
10335.000000000011
8715.00000000001
10756.750000000011
7635.000000000009
10740.000000000011
7648.000000000008
10482.250000000011
7668.000000000009
10303.000000000011
7776.000000000008
10345.00000000001
8696.00000000001
10179.750000000013
9904.00000000001
9879.250000000011
10711.000000000013
9179.25000000001
10830.000000000007
8585.000000000007
10253.000000000013
8141.750000000009
8887.000000000007
6767.250000000006
6718.000000000006
6782.750000000006
4680.000000000004
7037.000000000008
3325.0000000000014
7024.750000000006
2528.0000000000027
7110.000000000006
2949.0000000000027
7345.750000000006
4038.000000000004
7684.250000000008
5467.0000000000055
7907.000000000008
6705.0000000000055
7651.750000000007
7644.000000000007
6852.500000000007
8263.000000000007
6529.500000000007
8651.000000000007
6715.250000000007
8841.000000000007