10270.75000000001
7237.000000000008
10025.000000000011
7665.000000000007
9905.500000000011
8830.00000000001
10117.00000000001
10077.000000000013
9905.000000000011
10380.000000000011
9536.00000000001
10354.000000000011
9501.75000000001
10367.000000000011
9567.50000000001
10393.000000000011
9488.500000000011
11031.000000000011
9424.00000000001
11246.000000000013
9392.250000000011
11124.000000000005
9682.50000000001
11031.000000000013
9689.00000000001
10721.000000000011
9486.50000000001
10182.000000000011
9581.250000000011
10280.00000000001
9775.00000000001
10332.000000000005
9828.25000000001
9968.000000000011
9574.750000000011
9625.00000000001
9397.25000000001
9536.000000000011
9415.00000000001
9509.000000000005
9446.00000000001
9221.000000000011
9102.00000000001
8987.000000000007
8963.75000000001
8919.000000000007
8739.25000000001
8781.000000000007
8730.50000000001
8583.000000000007
8521.75000000001
8303.000000000004
8421.75000000001
8024.000000000009
8670.00000000001
7886.000000000008
8692.25000000001
7761.000000000008
8540.50000000001
7725.000000000007
9991.75000000001
7876.000000000008
11298.750000000013
8101.000000000009
10036.50000000001
8507.000000000007
9461.00000000001
9100.00000000001
9930.500000000011
12016.000000000007
9530.75000000001
14175.00000000001
9183.25000000001
13697.000000000016
9152.50000000001
14027.000000000016
9414.00000000001
16907.000000000015
9599.250000000011
16171.000000000015
8514.00000000001
12564.000000000007
6937.000000000006
8003.00000000001
6841.750000000006
7800.000000000008
7484.500000000007
10008.000000000013
8745.250000000007
14644.000000000016
8525.25000000001
13523.000000000015
7654.000000000008
10864.000000000013
7494.750000000007
11516.000000000013
7866.750000000007
12069.000000000011
8076.750000000008
13026.000000000016
7950.25000000001
13042.000000000015
7489.250000000008
11417.000000000011
6783.2500000000055
10787.000000000011
6751.750000000009
11983.00000000001
7343.500000000008
10316.000000000011
8837.750000000007
9585.000000000011
8761.25000000001
9463.000000000005
8015.250000000008
9339.000000000013
9298.750000000007
9570.000000000011
11642.250000000013
9751.000000000007
12584.50000000001
9189.000000000005
12099.750000000015
9198.000000000011
12350.500000000011
9705.000000000011
13165.000000000015
10264.00000000001
13046.750000000013
11300.000000000013
13271.500000000011
11707.00000000001
10669.250000000011
11779.000000000011
10768.50000000001
12187.000000000013
14213.750000000015
12429.000000000007
14846.000000000013
12522.000000000013
11909.750000000011
12521.000000000013
10940.500000000013
12442.000000000016
10969.750000000011
12482.000000000015
11093.000000000011
12512.000000000015
11170.500000000013
12651.00000000001
11083.750000000011
12640.000000000016
11349.750000000011
12688.000000000007
11075.000000000011
12468.00000000001
11113.750000000013
13472.000000000016
11117.500000000011
13322.00000000001
11202.750000000013
13182.000000000015
10763.500000000011
13064.00000000001
10789.75000000001
13298.000000000013
10793.25000000001
13746.000000000016
10651.250000000011
13542.000000000013
10714.75000000001
13630.000000000016
10673.750000000011
13890.000000000007
10414.750000000011
13499.000000000015
10287.75000000001
13673.00000000001
10072.25000000001
13814.000000000016