14073.500000000016
7124.000000000008
13941.750000000013
7208.000000000007
14498.250000000018
7490.000000000007
15211.250000000016
7760.000000000006
15370.000000000013
7851.000000000009
15073.750000000013
7800.000000000008
14438.500000000015
7781.000000000007
13599.500000000015
7763.000000000008
13094.500000000011
7449.000000000006
13244.250000000015
8307.000000000011
13304.500000000011
9986.000000000011
13443.750000000016
11149.000000000013
13593.750000000013
10527.000000000013
13895.500000000015
9966.000000000005
14972.250000000015
9656.000000000011
16040.250000000016
8274.000000000005
16525.000000000015
7837.000000000006
15775.000000000015
7836.000000000006
14261.250000000013
6870.000000000006
12988.250000000015
9172.00000000001
11802.500000000011
13004.000000000015
11357.250000000011
13639.000000000016
11432.000000000013
12338.000000000013
11698.250000000013
11998.00000000001
12615.750000000015
14218.000000000016
12721.750000000015
15380.000000000015
12130.000000000011
16396.00000000001
12021.250000000013
17006.00000000001
12066.50000000001
16542.000000000015
11481.750000000013
17770.00000000001
11144.250000000011
19856.00000000001
11261.500000000013
22248.00000000001
11550.750000000013
22495.000000000022
11583.250000000015
19540.000000000022
10898.250000000011
18505.000000000015
10258.750000000011
18081.000000000015
9884.000000000011
19570.000000000022
9125.50000000001
19511.000000000015
7950.750000000008
19035.000000000022
7392.000000000007
18754.000000000022
7894.250000000006
18607.00000000001
7984.250000000009
20118.000000000022
7476.500000000006
19127.000000000022
7119.000000000006
19750.000000000022
6955.250000000006
20707.00000000002
7443.250000000009
19876.000000000022
6865.000000000008
20503.000000000015
5592.7500000000055
21455.000000000022
5351.500000000005
22189.000000000022
5964.750000000005
21759.000000000025
7268.250000000006
21801.000000000025
8165.500000000007
21834.00000000002
7327.000000000006
23023.000000000025
6916.500000000007
23096.000000000025
7128.750000000007
21909.000000000025
7572.000000000008
22495.000000000025
7965.750000000006
23261.000000000025
7890.000000000008
21821.000000000022
7547.250000000007
22364.000000000025
7213.750000000007
22242.000000000022
7433.000000000008
22504.000000000022
7793.750000000008
18216.000000000015
8319.250000000007
17590.000000000022
9542.00000000001
18974.00000000001
9288.75000000001
18128.00000000002
9204.25000000001
18997.00000000002
10471.00000000001
19986.000000000022
12389.000000000011
21236.000000000025
12060.750000000013
22387.000000000025
12339.000000000011
24236.00000000002
13064.250000000015
24092.000000000015
12798.500000000013
23295.00000000003
13604.250000000016
19706.000000000022
13403.500000000013
16506.000000000022
12519.250000000013
16399.00000000001
11422.25000000001
16924.000000000015
10965.750000000011
18371.000000000015
10968.000000000011
19969.000000000015
11615.000000000015
19537.000000000022
12768.750000000013
20825.000000000025
13444.000000000013
20473.000000000022
13649.000000000013
20054.00000000001
13507.750000000013
19633.000000000015
13920.000000000013
20138.000000000022
13947.500000000015
20505.000000000022
13648.500000000013
21071.000000000025
13233.500000000015
19158.000000000022
13453.250000000016
17787.000000000022
13773.750000000015
18327.000000000007
14390.500000000015
17595.000000000007