11120.500000000013
11703.000000000011
11014.50000000001
12132.000000000015
10628.250000000011
11688.000000000011
10116.000000000011
10827.000000000015
10493.50000000001
11209.000000000011
10507.000000000011
10135.000000000011
11139.500000000011
8711.000000000011
11384.500000000011
8113.000000000007
11887.250000000011
8658.000000000011
11019.000000000011
7388.000000000006
9725.00000000001
7489.0000000000055
9658.250000000011
7260.000000000008
10346.000000000011
7767.000000000009
10003.250000000013
8002.000000000009
9804.50000000001
7915.000000000007
10271.750000000011
5809.000000000006
10654.250000000011
5159.0000000000055
10681.75000000001
5547.000000000006
11545.000000000011
6134.0000000000055
11852.750000000011
6803.000000000008
12195.750000000011
7950.000000000009
12516.250000000013
7947.000000000007
11326.000000000013
7421.000000000008
11100.500000000011
7481.000000000008
11491.500000000013
7349.000000000008
11610.250000000013
7890.000000000008
11649.25000000001
8344.000000000005
10514.750000000011
9019.00000000001
9578.000000000007
8932.00000000001
8258.750000000007
8648.000000000005
7535.000000000007
8122.000000000008
7616.500000000009
8509.00000000001
7498.250000000008
7288.000000000008
6507.250000000008
7974.000000000008
5774.7500000000055
8208.00000000001
5934.750000000006
8034.000000000006
5857.750000000005
8060.000000000008
5381.500000000006
9116.000000000007
4919.750000000005
8788.000000000007
4906.500000000005
8151.000000000008
4719.500000000003
7698.000000000007
4346.750000000005
6962.000000000008
4493.500000000004
6115.000000000004
3972.5000000000036
6934.000000000008
3688.7500000000036
7091.000000000006
3995.000000000004
6917.000000000007
4360.250000000005
7643.000000000007
4173.750000000004
8909.00000000001
4035.5000000000036
9134.00000000001
3943.000000000004
9959.000000000005
4122.750000000004
11473.000000000013
4891.7500000000055
12358.000000000011
5203.7500000000055
13025.000000000013
4981.750000000005
13875.000000000016
4106.000000000004
15030.000000000015
3308.000000000003
14264.000000000015
3457.250000000003
14089.000000000007
4078.500000000003
14916.000000000015
5497.500000000006
15200.000000000016
5170.0000000000055
15344.000000000011
4685.750000000005
15208.000000000016
4460.250000000005
14954.000000000015
5301.000000000005
14145.00000000001
5770.0000000000055
13948.000000000013
5892.7500000000055
14057.000000000016
5549.2500000000055
13870.000000000018
5263.250000000006
13958.000000000011
4894.000000000005
13265.000000000016
5478.5000000000055
12799.000000000011
6186.2500000000055
11448.000000000013
7037.500000000006
9483.000000000011
8089.500000000008
7234.000000000006
8669.00000000001
7277.000000000007
9094.250000000011
8499.000000000007
9371.50000000001
7514.000000000009
10133.000000000011
7343.000000000009
10963.250000000013
7590.000000000007
11794.250000000011
8013.000000000008
11903.750000000013
8740.000000000005
11947.75000000001
8322.000000000005
11683.750000000011
8408.000000000007
11200.500000000011
8080.000000000006
10326.000000000011
7398.0000000000055
9795.50000000001
7833.000000000007
9337.250000000011
8357.00000000001
9780.50000000001
11766.000000000015
10123.25000000001
12652.00000000001
10353.500000000011
12816.000000000011
10049.500000000011
12833.000000000015
9742.00000000001
11695.000000000007