31072.25000000003
31119.000000000033
31053.25000000003
31163.00000000004
31080.500000000036
31218.00000000003
31099.500000000033
31258.000000000025
31124.500000000033
31345.000000000033
31157.750000000033
31383.000000000036
31071.500000000033
31398.000000000036
29797.750000000036
31416.00000000003
28768.250000000036
31362.000000000033
28190.250000000025
31351.00000000003
27847.500000000033
31299.000000000033
27356.75000000003
31313.00000000003
26095.500000000033
30460.000000000033
25405.000000000025
29613.00000000003
25139.00000000003
29917.00000000003
26095.25000000003
30329.000000000025
26913.750000000033
31092.00000000003
27834.250000000025
31311.000000000033
27528.750000000025
30996.00000000003
25835.00000000003
30806.000000000033
23908.500000000025
30864.000000000033
22436.750000000025
30227.000000000025
22658.250000000022
28710.00000000003
21974.250000000025
27294.000000000015
21140.750000000022
26958.000000000015
21691.500000000022
26275.000000000025
23275.000000000025
25035.00000000001
23251.250000000022
24235.000000000022
22746.750000000022
24365.000000000022
20981.25000000002
24877.000000000025
19745.25000000002
24646.000000000025
19403.250000000022
24024.00000000002
19052.250000000022
22728.000000000025
18620.000000000015
20320.000000000015
18397.250000000022
19836.00000000002
18228.750000000015
18930.000000000022
18007.250000000022
18170.000000000015
17415.00000000002
16961.00000000001
16774.500000000015
16724.000000000015
16383.500000000022
16731.00000000002
16349.250000000015
15346.000000000015
16311.00000000002
14446.000000000016
16609.750000000015
14395.000000000013
16600.75000000002
14582.000000000011
16972.75000000002
14664.000000000015
17063.25000000002
14332.000000000007
16371.750000000011
15071.000000000015
16196.750000000015
15660.000000000015
15922.250000000013
16444.00000000001
15514.750000000016
16113.000000000016
15154.000000000013
16042.000000000016
14838.500000000015
18524.00000000002
15091.000000000018
19079.000000000022
16246.250000000015
21009.000000000022
17407.50000000002
24630.00000000003
17288.000000000015
30018.000000000022
17797.750000000022
31710.000000000033
17618.75000000002
31515.000000000025
16701.000000000015
31507.00000000003
15789.250000000016
31492.00000000003
14914.750000000015
31518.00000000003
13860.000000000013
31529.00000000003
13091.000000000015
31357.000000000033
12849.750000000013
31048.000000000033
13023.750000000015
31298.000000000033
13788.750000000015
31407.00000000003
14611.500000000015
31481.000000000036
15733.50000000002
31468.000000000036
15836.000000000015
31501.000000000036
16595.250000000015
31470.000000000033
17265.00000000002
31466.000000000033
17579.250000000015
31423.000000000033
17006.250000000015
31376.000000000033
16646.000000000015
31358.000000000022
17796.00000000002
31307.000000000033
19112.00000000002
31268.000000000033
20296.500000000022
31259.000000000036
20913.000000000025
31222.000000000033
22192.25000000002
31211.000000000036
24094.000000000025
31233.000000000036
24989.500000000025
31192.000000000033
26144.500000000025
31181.000000000036
26552.75000000003
31164.000000000033
27464.500000000033
31159.00000000004
29481.25000000003
31124.00000000003
30415.50000000003
31104.000000000033
30882.50000000003
31053.000000000036
31114.25000000003
31076.000000000033
31134.50000000003
31026.00000000004
31162.50000000003
31069.000000000022