14243.250000000016
7223.000000000008
13890.750000000011
8093.000000000009
13513.750000000015
7701.000000000009
13535.500000000015
8104.000000000008
13449.750000000015
7391.000000000008
13686.000000000013
7286.000000000009
13532.750000000015
8335.000000000005
13672.750000000013
8531.00000000001
13414.250000000015
8368.000000000007
13346.500000000015
8774.000000000007
13688.500000000016
8102.000000000008
13183.500000000016
9032.000000000007
11508.500000000013
8943.00000000001
10372.750000000011
9330.000000000007
11169.250000000011
9601.000000000013
11752.250000000015
8889.000000000011
11098.25000000001
8830.00000000001
11178.250000000013
8491.000000000007
12166.250000000013
7531.000000000009
13818.250000000016
7196.000000000009
15760.000000000018
7626.000000000007
16003.750000000016
6949.000000000006
14484.500000000015
7161.000000000007
13256.750000000013
8886.000000000011
13066.500000000015
10180.000000000011
12203.750000000013
11460.000000000011
11748.750000000013
13017.00000000001
11446.500000000013
14348.000000000007
12141.250000000013
16191.000000000016
12199.250000000013
17904.00000000002
12639.250000000013
19068.000000000022
11993.000000000011
19810.00000000001
11118.250000000011
20293.000000000022
10788.000000000011
20714.00000000002
10810.250000000013
20553.000000000025
11186.750000000011
20449.000000000022
11719.000000000011
20700.000000000025
11603.500000000011
20754.000000000022
10734.25000000001
20952.000000000022
10487.500000000011
20365.000000000015
10829.000000000013
19671.00000000002
9845.75000000001
17722.00000000002
9895.25000000001
15203.000000000015
10668.500000000011
14435.000000000018
10711.750000000011
12742.000000000016
10466.750000000011
10808.000000000013
10253.750000000011
9040.000000000007
9923.750000000011
10516.000000000011
10642.500000000011
11660.00000000001
10896.000000000011
11315.000000000011
10700.00000000001
9761.000000000011
10809.25000000001
9246.000000000007
11397.500000000011
10235.000000000011
11507.250000000011
9724.000000000011
11568.500000000011
8354.000000000007
11955.250000000013
7542.000000000008
11919.500000000011
7521.000000000007
11387.250000000011
7450.000000000008
11280.000000000013
8755.000000000011
11785.00000000001
8433.00000000001
12155.750000000011
7404.000000000008
12517.000000000013
5931.000000000006
12876.750000000013
5475.0000000000055
12436.750000000011
5942.000000000007
12358.250000000013
6918.0000000000055
12316.500000000013
7369.000000000007
12222.750000000013
6555.000000000005
11968.750000000011
6372.000000000005
11262.250000000011
7116.0000000000055
10004.25000000001
9189.000000000005
8894.00000000001
11511.000000000011
8510.250000000007
11743.000000000007
9081.75000000001
13224.000000000016
10808.75000000001
13884.000000000015
11678.250000000013
14865.000000000016
12417.250000000013
14543.000000000015
11996.750000000011
14968.00000000001
11329.500000000011
14703.000000000015
10538.000000000011
13108.00000000001
10257.500000000011
12971.00000000001
10752.75000000001
12795.000000000013
10573.250000000013
11687.000000000011
9932.750000000011
11479.000000000011
10440.000000000011
10711.00000000001
10570.500000000013
12459.000000000007
10671.750000000011
13796.000000000015
10535.500000000011
15108.000000000016
10995.250000000013
15882.000000000018
11204.000000000013
14099.00000000001
11962.250000000011
12154.000000000007