13612.750000000016
18566.000000000015
12760.500000000015
20186.000000000022
13455.250000000013
23728.000000000015
14270.000000000016
20940.000000000022
13683.750000000015
20733.000000000025
13640.750000000013
17630.00000000002
13404.750000000011
17965.00000000002
13024.500000000018
17907.00000000001
12713.250000000015
16862.000000000015
13186.250000000013
14553.000000000015
13263.750000000016
12294.000000000013
13521.250000000015
12361.00000000001
14284.500000000016
12422.00000000001
14652.750000000016
10226.000000000011
14979.750000000013
10216.00000000001
14397.750000000016
11488.000000000013
12903.750000000015
11694.000000000015
12190.500000000011
11273.000000000013
12117.500000000011
10137.000000000013
12692.75000000001
9887.000000000011
12113.500000000015
9493.00000000001
10698.750000000013
8604.00000000001
10393.25000000001
11077.00000000001
10868.500000000013
13002.00000000001
9912.25000000001
13513.000000000016
8843.25000000001
14206.000000000018
7977.000000000008
14083.000000000015
6936.2500000000055
15232.000000000016
6718.250000000007
12431.000000000013
6391.5000000000055
10840.000000000013
5346.5000000000055
11222.000000000011
5193.0000000000055
11414.000000000013
5619.000000000006
8123.000000000009
6346.250000000006
5976.000000000005
5906.500000000006
9500.00000000001
5304.250000000005
10268.000000000011
5805.0000000000055
10265.000000000011
5569.5000000000055
9806.000000000011
5536.000000000006
10235.000000000011
5493.2500000000055
9946.000000000007
5810.5000000000055
8079.000000000009
6136.250000000007
8463.00000000001
5797.7500000000055
8220.00000000001
5678.000000000005
8025.000000000007
5452.2500000000055
8876.00000000001
5401.0000000000055
8524.000000000011
5644.500000000005
7276.0000000000055
6233.500000000006
7254.000000000008
6584.750000000006
6461.0000000000055
7047.250000000006
8338.000000000007
6924.750000000006
9958.000000000011
6864.250000000006
9011.000000000011
6966.500000000007
8785.000000000005
6159.7500000000055
7881.000000000009
5996.2500000000055
8177.00000000001
6469.250000000006
7237.000000000008
6173.250000000006
7638.000000000009
6549.0000000000055
7205.000000000006
7006.750000000007
6853.000000000006
7658.500000000009
8210.000000000007
8423.000000000007
9661.000000000013
9461.750000000007
10753.00000000001
9688.250000000007
12844.000000000016
9875.50000000001
13375.000000000013
9802.00000000001
13679.000000000013
9437.25000000001
14377.000000000016
9822.750000000011
15155.000000000016
10215.750000000011
15999.000000000016
10855.50000000001
17187.00000000002
11065.250000000011
18399.000000000015
11019.75000000001
18944.000000000022
11488.250000000013
20011.000000000022
12015.500000000015
19927.000000000022
11393.250000000013
20158.00000000002
11341.250000000011
21014.000000000022
10069.50000000001
21154.000000000022
9329.500000000007
20795.000000000025
7842.500000000006
19406.000000000015
7139.500000000008
14787.000000000015
7298.250000000007
12190.000000000011
7855.500000000008
11093.000000000013
8326.25000000001
9225.00000000001
10391.50000000001
8951.00000000001
12413.250000000013
12128.000000000011
13211.000000000016
10752.000000000011
12797.500000000013
12707.000000000015
12071.750000000013
18997.000000000025
12150.500000000011
24072.00000000003
14332.500000000016
27612.000000000022
14662.250000000015
28793.000000000036