11045.00000000001
11065.000000000011
10021.25000000001
10517.000000000011
10394.500000000011
9625.000000000011
11059.250000000013
9200.000000000007
11703.250000000011
10041.00000000001
12381.750000000011
9583.000000000011
12374.750000000013
10015.000000000007
11650.500000000011
10691.000000000011
11362.250000000013
11033.000000000011
11295.750000000011
10432.000000000011
11255.500000000013
10459.000000000013
10810.750000000011
10377.00000000001
10777.750000000011
10557.000000000011
10623.000000000011
10713.000000000011
10118.500000000011
12638.00000000001
9313.250000000007
16356.000000000016
8742.50000000001
13405.000000000013
9468.50000000001
11200.000000000011
10378.500000000011
12473.000000000007
11592.250000000011
12490.000000000013
13401.500000000011
14188.000000000015
14381.750000000015
13846.000000000013
14339.000000000015
11599.00000000001
14329.000000000013
11463.000000000013
14719.500000000016
11976.000000000011
13937.000000000016
13449.000000000016
11960.250000000011
11985.000000000007
10306.750000000011
11109.000000000013
10372.000000000011
13343.000000000013
11067.750000000011
16204.000000000016
11369.000000000011
17382.000000000022
11674.500000000011
16930.00000000001
11212.000000000013
15575.000000000018
10858.000000000011
14702.000000000016
11617.250000000013
12908.000000000015
11815.250000000013
12151.000000000013
11480.750000000013
9279.00000000001
11036.500000000011
7864.000000000009
11890.500000000011
7588.000000000008
11471.75000000001
7361.000000000009
10185.250000000011
6697.0000000000055
9544.500000000011
6916.000000000006
10187.00000000001
6857.0000000000055
10700.25000000001
7596.000000000008
10790.250000000011
7129.000000000006
10968.000000000011
8202.000000000007
10841.250000000011
9240.000000000011
11203.000000000007
10623.000000000011
11406.000000000013
11376.000000000011
10770.750000000011
10509.000000000011
10207.75000000001
10929.000000000007
9820.00000000001
11895.000000000007
10456.00000000001
12030.000000000013
11607.250000000011
12314.000000000015
11027.500000000013
13107.000000000015
11077.250000000011
13903.000000000015
11382.750000000013
15565.000000000016
11556.750000000011
16192.000000000016
11038.500000000011
16490.00000000001
10982.250000000011
16561.00000000002
9769.00000000001
17356.00000000002
8944.50000000001
17564.000000000015
9286.25000000001
17470.000000000015
9715.75000000001
17964.00000000002
9835.00000000001
19311.000000000022
10019.250000000011
19914.00000000002
10996.250000000013
19712.000000000022
11536.750000000013
20019.000000000025
10897.500000000011
21011.00000000002
10611.50000000001
21274.000000000025
11601.250000000011
20783.00000000002
12119.750000000013
19988.00000000002
12038.750000000013
19110.00000000001
10397.500000000011
17725.000000000022
10376.75000000001
17490.00000000002
10896.500000000013
17562.000000000015
10745.500000000011
14552.000000000011
10531.00000000001
11374.000000000013
10962.25000000001
8617.000000000005
11340.500000000011
5806.0000000000055
11112.500000000011
4719.0000000000055
10853.250000000011
4090.000000000004
10026.00000000001
4588.000000000005
10636.250000000011
4916.000000000004
9841.00000000001
3420.0000000000036
9200.75000000001
3442.000000000002
9627.00000000001
4510.000000000005
9260.00000000001
4951.000000000006
8462.00000000001
5250.0000000000055
7755.250000000008
5526.000000000006