6892.000000000006
7785.000000000008
7135.250000000007
7783.000000000008
6855.000000000006
7740.000000000008
6788.000000000007
7507.000000000007
7066.750000000007
9477.00000000001
7052.750000000007
11033.000000000011
7115.250000000006
11306.000000000013
7076.500000000008
11021.000000000013
9421.50000000001
10224.00000000001
9694.500000000011
8978.000000000011
10058.50000000001
10310.000000000011
10141.750000000011
13884.000000000015
9729.750000000011
15675.000000000016
9845.500000000011
15858.000000000016
9418.000000000011
16295.000000000013
9392.25000000001
15693.000000000015
9238.500000000007
14158.000000000016
8214.50000000001
14044.000000000013
8530.50000000001
13972.000000000015
8812.250000000005
13032.00000000001
10421.500000000013
12587.000000000011
12172.000000000011
12765.000000000013
11712.250000000013
12103.00000000001
10064.50000000001
10963.000000000011
9098.500000000011
10853.000000000013
9448.000000000011
11412.000000000013
10213.750000000013
7310.000000000008
10287.000000000011
6207.000000000004
9521.250000000011
8814.00000000001
8142.250000000006
7222.0000000000055
7974.750000000007
4977.000000000004
11141.000000000011
5275.0000000000055
11536.000000000011
8336.000000000005
11624.750000000013
9645.00000000001
14362.500000000015
5478.0000000000055
14015.250000000013
4935.000000000004
10792.000000000011
4987.0000000000055
8165.250000000009
4232.000000000005
6716.500000000006
4097.000000000004
7080.750000000007
9863.000000000007
7712.000000000009
17503.000000000007
7150.750000000007
17941.000000000015
6925.000000000007
15196.00000000001
7275.250000000009
12610.000000000016
6924.250000000006
12911.00000000001
5342.5000000000055
13965.000000000013
4697.5000000000055
14988.000000000016
5817.750000000007
16167.000000000016
6328.500000000006
18217.000000000015
6684.000000000007
19852.000000000025
6680.500000000007
20968.00000000001
6430.250000000006
22678.000000000025
7117.000000000007
26354.000000000025
7752.500000000008
26943.000000000033
8562.750000000007
27224.00000000002
9447.750000000011
27438.00000000002
10082.000000000011
27323.000000000022
10507.250000000013
27489.000000000033
12688.500000000013
27049.000000000033
14410.500000000015
26849.000000000033
14129.500000000016
26499.000000000022
15605.750000000016
26503.00000000003
16448.000000000015
26476.000000000025
16850.00000000002
26366.00000000003
18752.50000000002
26285.000000000022
19578.500000000022
26446.000000000025
22883.750000000022
26376.000000000025
25527.50000000003
25887.000000000022
26029.000000000022
26268.000000000022
26498.750000000025
26326.00000000003
26624.000000000033
26384.000000000025
26190.50000000003
26476.000000000025
26061.25000000003
26691.00000000002
26133.250000000025
26747.000000000033
26177.25000000003
26162.000000000025
26302.250000000025
26460.00000000002
26803.000000000022
25967.000000000015
26812.500000000025
26024.000000000022
26895.50000000003
26170.000000000025
27125.000000000025
25729.000000000025
27268.75000000003
25623.00000000002
27170.50000000003
25933.000000000025
27372.250000000033
26124.00000000003
27291.75000000003
26106.000000000015
27149.500000000025
25334.00000000002
22633.750000000025
22011.000000000022
24270.500000000025
25270.00000000003
15380.500000000016
15969.000000000016
17042.250000000015
17306.00000000002
22504.500000000022
22861.000000000022