16951.000000000022
26893.000000000022
16212.250000000015
27433.000000000025
15653.500000000016
26997.00000000003
15853.500000000016
26100.00000000003
15544.750000000016
24231.000000000015
15048.250000000018
21005.000000000015
14784.750000000013
17565.000000000022
14518.000000000016
13672.00000000001
14257.250000000015
10501.000000000011
13922.250000000013
7759.000000000007
13549.250000000015
5680.000000000006
13386.000000000013
5181.000000000006
13246.500000000015
4921.000000000005
13014.000000000015
4898.000000000005
12853.250000000015
5179.000000000004
12839.750000000011
5539.000000000005
12922.750000000015
5998.000000000005
13005.000000000013
6600.000000000005
13057.500000000015
7318.000000000006
13187.500000000015
8053.000000000007
13556.750000000016
8796.000000000007
14480.500000000015
9583.00000000001
14647.000000000013
10482.00000000001
14083.000000000015
11461.000000000013
13390.000000000013
12445.000000000013
13296.750000000015
13367.00000000001
13550.750000000013
14194.000000000016
13754.500000000013
14844.000000000018
13941.000000000015
15406.000000000016
14195.500000000016
15945.00000000002
14499.500000000015
16452.000000000015
14767.000000000013
16900.00000000001
15010.750000000013
17255.00000000002
15039.250000000015
17460.00000000002
15022.500000000015
17554.00000000001
14813.750000000013
17536.00000000002
14709.500000000015
17496.00000000001
14715.500000000018
17419.00000000001
14693.250000000015
17342.00000000001
14837.250000000016
17268.000000000022
14290.000000000015
17164.000000000015
13858.250000000015
17097.00000000002
13372.750000000015
17069.00000000001
13506.250000000015
17085.00000000001
13508.500000000011
17041.00000000002
13041.250000000011
16943.00000000002
12690.750000000013
16810.00000000001
12657.250000000013
16623.00000000002
12445.000000000011
16433.000000000015
12231.500000000013
16281.000000000016
12169.250000000013
16284.000000000018
12210.500000000015
16358.000000000016
12586.500000000013
16396.00000000001
12931.500000000015
16329.000000000018
13282.250000000013
16118.000000000016
13432.250000000013
15694.000000000016
13119.000000000011
15109.000000000018
12715.500000000015
14340.000000000015
12391.500000000013
13436.000000000013
12082.500000000013
12600.000000000015
12969.750000000013
11715.000000000013
13247.250000000015
10656.000000000011
13102.000000000011
9921.000000000005
13667.750000000015
9958.000000000011
14125.750000000013
10403.000000000011
14407.250000000013
10787.000000000013
14120.500000000015
11071.000000000011
15638.750000000016
11185.000000000013
16537.75000000002
11062.000000000013
17298.50000000002
11327.000000000013
16944.250000000015
12252.000000000011
16612.00000000002
13245.00000000001
16418.25000000002
13327.000000000007
16695.750000000015
12454.00000000001
16988.000000000015
10933.000000000011
16936.25000000002
9313.000000000011
17093.00000000002
8461.000000000007
17183.75000000002
8541.000000000005
17089.50000000002
8982.00000000001
17086.000000000015
9471.000000000011
16979.000000000015
10035.000000000011
16919.25000000002
10720.000000000011
17020.75000000002
11547.00000000001
17008.50000000002
12389.000000000011
17125.00000000002
13028.000000000011
17242.000000000022
13387.000000000007
17266.500000000015
13697.000000000016
17371.75000000002
14691.000000000015
17232.250000000015
15743.000000000018
17158.25000000002
16446.00000000001