32044.750000000036
32168.000000000033
15572.000000000015
14758.000000000018
12284.750000000013
11407.000000000011
11926.500000000013
11934.000000000015
11651.000000000011
12015.000000000007
11778.250000000013
12081.000000000015
11945.250000000013
12056.000000000015
12158.000000000015
11999.000000000013
12468.000000000013
11902.000000000011
12962.500000000015
11661.00000000001
13326.500000000015
11478.000000000011
13717.00000000001
11348.000000000011
14096.750000000013
11146.000000000015
14346.000000000016
10843.000000000011
14198.250000000016
12402.000000000005
14158.500000000016
13660.000000000015
14277.500000000016
12561.00000000001
13943.250000000015
12500.00000000001
14048.750000000015
11542.000000000011
14236.750000000013
11155.000000000013
14249.250000000016
11374.000000000011
14364.000000000013
10880.000000000013
13548.000000000013
11015.00000000001
13198.750000000013
11210.000000000011
12334.750000000011
13934.000000000013
11691.500000000013
16351.000000000016
12089.000000000013
16133.000000000016
12973.500000000011
13152.000000000015
13811.750000000013
12440.00000000001
13488.500000000016
12883.000000000015
13316.500000000013
12450.000000000011
13092.750000000015
11560.000000000013
12852.250000000013
10593.000000000013
12781.000000000013
10966.000000000011
12550.500000000015
11458.000000000013
12573.000000000013
11660.00000000001
12604.500000000013
11713.000000000007
12437.750000000015
12090.000000000015
12401.000000000015
12938.000000000011
12383.250000000011
13252.000000000013
12623.750000000011
13171.00000000001
12663.500000000013
12550.000000000007
12728.000000000013
13595.000000000015
12475.000000000013
13761.000000000015
11946.500000000011
14109.000000000015
11434.000000000013
14424.000000000016
11130.750000000013
14699.000000000016
10606.500000000011
14813.000000000016
10072.250000000007
14298.000000000018
9467.000000000011
13758.000000000015
8852.50000000001
13804.000000000016
8366.00000000001
14175.000000000018
8076.750000000009
14717.000000000015
8101.750000000008
14686.000000000016
8258.00000000001
14153.000000000016
8511.00000000001
14570.000000000015
8786.25000000001
14863.000000000013
9345.000000000007
14745.000000000013
11469.750000000015
16558.000000000015
13378.500000000013
21435.000000000022
13561.250000000013
23788.000000000015
13259.000000000015
23455.00000000003
13418.250000000015
24627.000000000033
13378.500000000016
22055.000000000022
13004.500000000011
19091.00000000002
13261.750000000013
16997.000000000015
14453.750000000011
16021.000000000013
15042.000000000015
16105.000000000016
13671.250000000015
16010.000000000018
11512.250000000013
16185.000000000018
12433.000000000011
20681.000000000025
12897.500000000015
23577.000000000025
12458.750000000015
24712.000000000033
11978.250000000015
25927.00000000002
10183.250000000011
25408.000000000025
9711.50000000001
25119.000000000025
10561.000000000011
24503.000000000015
11829.000000000013
23563.000000000015
13104.750000000013
22532.000000000022
13479.250000000013
21673.00000000002
13482.750000000015
20969.000000000022
13786.000000000013
21252.000000000025
14913.750000000015
21279.000000000015
15437.500000000016
21164.00000000002
16185.500000000015
22013.000000000025
17115.75000000002
24327.000000000025
17869.75000000002
26581.000000000022
18298.00000000002
29050.00000000003
18384.500000000022
24822.00000000003
31700.00000000003
31195.000000000036