7727.500000000007
7440.000000000009
7811.250000000008
7839.000000000008
7626.7500000000055
7406.000000000008
7379.250000000007
6442.000000000008
7046.250000000006
5129.0000000000055
7341.500000000008
3898.0000000000036
6858.750000000006
3981.0000000000036
6644.500000000006
3698.0000000000036
7068.500000000007
3641.000000000004
6941.250000000006
3844.0000000000036
6557.750000000007
3806.0000000000036
6631.2500000000055
3828.0000000000036
7311.000000000008
3630.000000000005
7070.750000000006
3559.0000000000045
6698.500000000007
3863.000000000004
6645.750000000006
4701.000000000003
6723.750000000007
5379.000000000006
6509.500000000006
5649.0000000000055
6049.500000000007
5186.0000000000055
5768.2500000000055
4924.000000000004
5894.750000000006
5566.0000000000055
6446.0000000000055
5658.0000000000055
7059.500000000008
6151.000000000005
6550.750000000006
5966.0000000000055
6341.500000000006
4656.0000000000055
6459.500000000007
5397.0000000000055
6862.250000000007
5788.0000000000055
7076.500000000007
5252.0000000000055
7737.500000000008
4539.000000000004
7855.250000000008
4131.000000000004
7446.750000000008
5010.0000000000055
6984.500000000006
7353.000000000007
5944.250000000006
8493.00000000001
5779.7500000000055
9108.000000000007
6211.250000000006
9639.000000000011
6267.250000000007
10437.00000000001
7147.500000000007
10230.00000000001
7485.500000000008
10203.000000000011
8140.500000000008
9597.000000000011
7887.750000000008
9242.00000000001
7823.5000000000055
9177.000000000007
6902.750000000006
8387.00000000001
5880.750000000006
7900.00000000001
5017.5000000000055
7465.000000000007
5012.5000000000055
8046.000000000007
5747.000000000006
6809.000000000006
6181.000000000006
5465.000000000006
5364.5000000000055
5262.0000000000055
4893.250000000005
6309.0000000000055
4601.500000000004
6346.0000000000055
4573.500000000005
5500.000000000006
4606.750000000005
5277.0000000000055
4565.7500000000055
5610.0000000000055
4631.250000000004
5097.000000000005
4562.000000000004
5172.0000000000055
4736.500000000005
4888.000000000003
5369.0000000000055
4466.0000000000055
5893.5000000000055
5075.0000000000055
6371.000000000007
5738.000000000006
7048.500000000007
6008.000000000008
7381.250000000007
5852.0000000000055
7636.000000000009
4749.0000000000055
7729.000000000008
4295.000000000004
7682.250000000008
4422.000000000002
6668.250000000006
4591.000000000003
5913.7500000000055
4791.000000000006
5620.5000000000055
5823.000000000005
5427.750000000005
4423.000000000005
5712.0000000000055
3788.0000000000036
6109.750000000006
3587.000000000002
6441.750000000007
3906.0000000000036
6715.500000000006
4709.000000000003
6884.500000000006
5175.000000000004
6727.0000000000055
5005.0000000000055
7063.500000000008
4565.000000000004
7126.250000000007
4507.000000000003
6958.750000000008
5014.0000000000055
6902.250000000007
5541.0000000000055
6925.250000000006
4969.0000000000055
6593.7500000000055
4692.000000000005
6755.500000000008
4894.0000000000055
6466.000000000006
4936.000000000006
6432.000000000006
5223.000000000003
6677.7500000000055
5200.0000000000055
6885.750000000007
5561.000000000006
6774.250000000006
6697.0000000000055
6519.250000000006
6391.000000000007
6265.000000000007
5247.0000000000055
6062.5000000000055
4510.000000000005
5914.500000000006
5219.0000000000055