7063.250000000008
6721.000000000007
7234.000000000008
7063.000000000007
7087.750000000007
6865.0000000000055
6955.750000000008
6392.0000000000055
6944.250000000007
6123.000000000004
6864.500000000007
5909.000000000004
6940.250000000006
6101.000000000006
7197.750000000005
6620.000000000007
7486.500000000008
6883.000000000007
7343.250000000007
6803.000000000007
7062.000000000007
6429.000000000007
7088.500000000007
7118.000000000005
7159.000000000006
7411.000000000006
7299.750000000006
7884.000000000007
7787.250000000006
8086.000000000007
7999.000000000008
7753.000000000008
7977.750000000008
8336.000000000005
8450.00000000001
8713.000000000007
8721.25000000001
9118.000000000011
8547.250000000007
9258.000000000005
8499.75000000001
9375.000000000007
8474.00000000001
9479.000000000005
8378.000000000007
9783.000000000005
8071.500000000008
9779.000000000007
8253.250000000007
9831.000000000011
8511.75000000001
10235.00000000001
8463.50000000001
10267.000000000013
8272.75000000001
10152.000000000007
7930.250000000007
10285.00000000001
7948.250000000008
10557.000000000011
8744.250000000011
10575.000000000011
9314.00000000001
11382.000000000015
9571.50000000001
11602.00000000001
9191.25000000001
10889.000000000011
8804.000000000007
9535.000000000007
8873.25000000001
9542.000000000011
8244.750000000007
9996.000000000011
7478.000000000008
9866.00000000001
6884.250000000007
10409.000000000011
7431.250000000008
10889.000000000011
7941.000000000007
10762.000000000013
7817.250000000008
11242.000000000013
7411.000000000006
11303.000000000013
7410.500000000008
9618.000000000011
7164.500000000007
9658.00000000001
6696.7500000000055
9791.000000000011
6693.000000000006
9842.000000000011
6622.250000000006
10370.000000000005
6398.500000000007
10362.000000000013
6521.500000000007
10291.000000000011
6833.750000000007
9654.000000000005
7149.000000000006
9357.000000000005
7225.750000000008
9245.000000000007
7395.500000000008
8822.00000000001
7512.250000000008
8067.00000000001
7619.500000000007
7783.000000000008
7836.750000000007
7130.000000000008
7585.500000000008
6737.000000000005
7706.500000000008
6437.000000000007
7805.250000000008
6075.000000000005
7804.250000000008
6034.0000000000055
7739.50000000001
5265.000000000003
7860.250000000009
4683.0000000000055
7946.500000000008
4562.000000000004
8107.000000000007
4471.000000000006
8180.25000000001
4998.000000000005
8209.000000000007
6236.000000000007
8274.00000000001
6562.000000000005
8510.75000000001
6716.000000000008
8655.000000000005
6894.000000000007
8566.750000000007
6937.000000000006
8320.50000000001
7083.000000000006
8080.25000000001
7230.0000000000055
7663.500000000007
7452.000000000007
7543.750000000006
7281.000000000006
7519.500000000008
7266.000000000006
7028.500000000006
7073.000000000007
7016.500000000007
7174.000000000008
5222.250000000005
7217.000000000005
4673.750000000005
7305.000000000007
4994.5000000000055
7443.000000000008
5124.5000000000055
7495.000000000008
5334.5000000000055
7485.000000000006
5473.000000000005
7633.000000000008
5853.750000000006
7810.000000000007
6024.750000000005
7849.000000000009
5999.500000000006
7864.000000000009
5991.000000000006
8016.000000000009
5798.250000000004
8099.000000000007
5635.5000000000055
8165.000000000008