15395.750000000016
8690.000000000007
15451.250000000016
8959.00000000001
15500.250000000016
9289.000000000011
15726.000000000016
9703.000000000007
16511.50000000002
10149.000000000013
16295.500000000015
10607.000000000013
16354.750000000016
11058.000000000011
16597.50000000002
11554.00000000001
16452.75000000002
12051.000000000015
17013.25000000002
12502.000000000013
17474.75000000002
12903.000000000013
17581.75000000002
13128.000000000016
17608.250000000015
13310.000000000016
17448.00000000002
13331.000000000015
17088.000000000015
13274.000000000015
16692.75000000002
13066.000000000015
16698.25000000002
12754.000000000011
17045.250000000015
12251.000000000011
17168.000000000015
11618.000000000015
16816.500000000015
10857.000000000011
16676.500000000015
10009.000000000013
16144.000000000018
9092.000000000011
16999.25000000002
8225.000000000007
16243.000000000015
7361.000000000009
15346.000000000015
6579.000000000004
15365.000000000013
5989.0000000000055
15324.000000000016
5629.000000000006
14697.500000000013
5293.0000000000055
14113.000000000015
5068.0000000000055
13974.500000000013
5047.000000000005
13553.500000000015
5159.0000000000055
13372.750000000011
5301.000000000006
13532.500000000011
5440.0000000000055
13272.750000000015
5510.0000000000055
12930.750000000015
5592.000000000006
13173.750000000015
5704.0000000000055
13269.250000000013
5895.000000000006
13522.000000000015
5983.000000000005
13291.750000000011
6124.000000000006
13037.250000000013
6277.000000000007
13011.000000000015
6475.000000000008
12155.250000000013
6625.000000000008
12090.500000000011
6789.000000000007
11974.750000000015
7013.000000000008
11499.250000000013
7461.000000000005
11362.750000000011
7688.000000000007
11379.250000000013
8053.00000000001
12081.500000000013
10464.000000000011
12523.250000000013
11882.000000000013
12356.000000000015
12538.000000000015
11633.000000000011
12486.000000000013
11376.000000000011
12065.000000000013
11738.250000000011
12253.000000000015
11622.500000000013
12486.000000000015
11049.500000000011
12700.000000000011
10778.250000000011
14130.00000000001
10931.250000000011
15824.000000000016
11262.25000000001
11653.000000000011
10814.500000000011
9210.00000000001
10796.000000000011
8499.000000000007
11125.750000000011
9625.000000000011
11794.500000000011
11333.00000000001
11754.500000000011
14385.000000000015
11526.500000000011
15599.000000000016
11232.000000000011
13776.000000000016
12099.000000000011
12140.000000000013
12323.000000000013
13495.000000000007
12339.500000000013
13472.000000000016
12750.000000000013
13847.000000000013
12341.00000000001
14116.000000000013
11365.00000000001
15680.000000000015
11199.750000000013
12821.000000000015
11945.000000000011
12095.000000000013
13201.250000000013
12676.000000000015
13669.250000000016
13923.000000000013
14394.250000000013
14932.000000000016
14159.250000000016
15648.000000000015
12541.500000000016
16074.000000000015
13072.250000000013
16487.00000000001
13489.000000000015
16797.000000000022
13624.000000000013
16851.00000000002
13774.500000000011
16829.000000000015
12679.500000000013
16754.000000000015
12736.750000000015
16810.000000000022
12489.500000000015
16779.00000000001
12962.250000000011
16565.00000000001
12976.500000000015
16100.000000000018
13492.750000000013
15347.000000000015
13131.50000000001
14394.000000000016
12752.75000000001
13466.000000000013