21331.750000000015
19585.000000000022
21380.25000000002
18560.00000000001
21309.000000000022
17449.00000000001
21331.00000000002
16401.000000000022
21481.500000000022
15331.000000000015
21720.250000000022
14320.000000000015
21873.250000000022
13382.000000000015
21982.500000000022
12468.00000000001
22246.000000000022
11544.000000000011
22270.000000000022
10569.000000000011
22285.750000000022
9576.00000000001
22400.000000000022
8669.00000000001
22655.000000000022
7871.000000000007
22736.000000000025
7320.000000000007
22571.750000000025
7056.000000000008
22837.000000000025
6971.0000000000055
22921.500000000025
6944.000000000007
22835.75000000002
6959.000000000007
22958.000000000025
7008.000000000007
23183.250000000022
7095.000000000009
23337.250000000022
7154.0000000000055
23649.500000000025
7181.000000000008
23604.000000000025
7243.000000000006
23738.000000000022
7207.0000000000055
23930.50000000003
7206.000000000007
23753.250000000025
7190.000000000006
23932.000000000025
7264.000000000007
22774.250000000022
7383.000000000007
21063.50000000002
7500.000000000006
20424.750000000025
7598.000000000005
18419.250000000022
7771.0000000000055
14985.000000000018
7522.000000000005
14179.000000000016
8588.000000000011
12854.500000000015
10250.000000000011
10585.750000000011
9370.00000000001
9686.25000000001
9079.000000000007
10145.250000000011
8962.000000000011
10120.75000000001
9815.000000000011
9561.00000000001
8762.000000000005
9268.750000000011
8797.000000000007
9249.75000000001
12336.000000000016
9004.50000000001
12973.00000000001
8931.75000000001
12761.000000000015
9790.750000000011
11783.00000000001
9733.000000000011
11259.000000000011
9238.75000000001
11841.000000000011
9213.000000000007
13689.000000000013
9200.000000000007
15953.000000000016
9253.00000000001
17308.00000000002
9588.500000000011
18583.000000000015
9819.750000000011
19171.000000000022
9915.50000000001
20295.00000000002
9764.500000000011
21817.00000000002
10199.000000000011
22013.000000000025
10268.000000000013
22174.000000000025
10424.500000000011
22630.00000000003
10888.000000000011
23476.00000000002
11250.000000000013
23557.000000000025
11617.750000000011
24215.000000000022
12149.250000000011
25092.00000000002
12646.750000000013
25517.000000000025
13035.000000000013
25723.000000000015
13644.750000000013
26655.00000000003
14246.000000000015
27021.00000000003
14767.500000000013
27246.000000000022
15498.000000000015
28073.000000000025
16542.00000000002
29229.000000000033
17491.250000000015
29503.000000000036
17777.500000000022
29595.000000000033
18439.000000000022
29474.000000000025
19502.750000000022
29754.00000000003
19383.250000000022
29675.000000000036
20077.00000000002
29349.000000000033
20446.250000000025
29238.00000000003
21222.000000000025
29580.000000000036
21755.00000000002
29155.00000000003
22033.000000000022
29177.000000000033
22125.250000000022
29113.00000000003
22101.250000000022
29011.000000000033
22344.50000000002
28557.000000000036
22602.250000000025
28971.00000000003
22437.000000000022
29278.000000000025
22241.250000000025
29160.00000000003
22208.000000000025
28424.000000000025
22345.250000000022
28670.000000000033
20446.000000000022
20078.000000000025
18920.500000000022
14019.000000000011
19708.750000000022
19234.000000000022
21895.750000000022
28675.00000000003
21927.750000000022
28771.000000000033