27444.750000000033
29069.00000000003
27009.000000000025
29145.000000000033
26870.75000000003
29127.00000000002
26724.500000000025
29080.000000000025
26726.00000000003
29042.000000000022
27078.000000000033
29026.00000000003
27099.500000000025
29032.000000000033
26848.25000000003
28966.000000000033
26525.250000000025
28962.00000000003
26225.000000000022
28828.000000000022
26333.750000000025
28811.000000000033
26675.75000000003
28742.000000000033
26889.250000000025
28793.00000000002
26916.750000000025
27831.000000000025
26919.25000000003
25913.000000000025
26722.750000000022
25608.00000000002
26458.750000000025
26574.000000000022
26281.250000000036
26801.00000000001
26272.250000000025
26638.00000000003
26050.250000000025
26120.00000000003
25687.750000000025
26063.000000000025
25520.500000000033
26191.00000000003
25297.500000000025
26771.000000000022
24995.50000000003
25869.00000000002
24689.250000000022
26134.000000000033
24511.25000000003
26991.00000000003
24318.00000000003
27199.000000000022
24080.000000000025
27355.000000000025
24131.250000000025
27172.000000000015
24776.00000000003
26026.000000000022
24983.750000000022
24191.00000000002
24763.500000000033
23421.000000000022
24388.750000000025
23433.00000000002
24154.250000000022
23931.000000000025
23935.500000000025
24723.000000000025
23850.250000000022
25318.000000000025
24123.000000000022
26012.000000000033
24265.000000000025
25733.00000000003
24360.750000000025
25750.000000000022
23821.750000000025
25988.000000000025
23156.750000000022
26266.00000000003
22592.750000000025
26532.000000000015
22057.500000000022
26958.000000000015
21306.500000000022
27251.000000000025
19929.25000000002
27566.000000000033
19393.25000000002
26168.000000000025
19280.50000000002
27055.00000000002
19172.25000000002
29612.000000000025
18852.50000000002
30117.000000000033
18481.00000000002
30714.00000000003
18860.00000000002
30824.000000000033
19570.250000000022
29231.000000000025
20002.750000000022
28552.00000000003
20607.50000000002
28324.00000000003
21196.750000000022
29524.000000000033
21582.000000000025
30343.000000000036
21164.500000000025
31245.000000000036
21298.25000000003
30713.00000000003
21858.500000000022
28966.000000000033
22500.500000000022
27753.000000000033
22784.50000000002
28463.000000000033
22464.000000000022
29064.000000000025
22521.500000000025
27974.000000000033
22894.000000000022
25767.000000000022
23419.750000000022
24322.000000000022
23696.750000000025
25137.00000000002
23392.500000000025
27358.000000000025
22925.500000000022
29063.000000000036
22761.000000000025
29537.000000000025
22781.750000000025
29589.000000000025
23971.250000000022
29617.00000000003
25208.750000000025
29662.000000000025
26076.500000000025
29720.00000000003
26673.000000000025
29750.000000000036
27078.000000000033
29804.000000000022
27371.25000000003
29926.000000000022
27556.50000000003
29998.00000000003
27983.75000000003
30110.00000000003
28222.00000000003
30166.000000000033
28460.000000000033
30254.000000000033
28255.000000000033
30318.000000000033
27946.000000000022
30410.00000000003
27587.500000000036
30512.00000000003
27729.50000000003
30610.000000000033
27901.00000000003
30626.000000000033
27970.25000000003
30694.000000000036
28101.50000000003
30714.00000000003
28689.75000000003
30762.00000000003
29424.000000000033
30770.000000000025
29915.50000000003
30794.000000000033