5968.000000000007
4155.000000000005
5557.7500000000055
6748.000000000006
5241.000000000005
4190.000000000005
5437.5000000000055
3220.0000000000023
5941.250000000006
3681.0000000000023
6425.500000000006
3744.0000000000036
7066.250000000007
4485.0000000000055
6984.250000000007
4963.0000000000055
7240.000000000007
5192.000000000005
7455.750000000007
5567.0000000000055
7892.500000000007
5338.0000000000055
8040.750000000008
6752.000000000009
7790.000000000008
8643.000000000007
7104.750000000007
8499.000000000007
6572.750000000007
6870.000000000006
7577.500000000008
7291.0000000000055
7957.250000000008
8602.000000000005
8560.000000000007
6392.0000000000055
8173.000000000008
6631.000000000005
7844.750000000009
6644.0000000000055
8309.25000000001
6432.000000000009
8362.75000000001
6675.000000000008
8966.25000000001
6683.000000000007
9445.75000000001
8894.00000000001
9122.50000000001
9946.000000000007
9680.750000000011
9067.000000000005
9277.50000000001
6094.000000000008
9539.75000000001
5778.0000000000055
10031.250000000011
5383.0000000000055
10085.000000000011
4981.000000000004
9966.500000000011
5978.000000000004
10158.000000000007
6540.000000000006
10593.750000000011
6902.000000000007
11110.500000000013
8990.00000000001
10925.750000000013
8458.000000000005
9675.250000000011
7649.0000000000055
10886.25000000001
9830.000000000011
11342.500000000015
8344.000000000005
12793.250000000015
9939.000000000007
12164.250000000011
8862.000000000005
10879.500000000011
7897.000000000009
9287.50000000001
7523.000000000007
9884.000000000011
7212.000000000008
10942.500000000011
6281.000000000007
9485.75000000001
6646.000000000005
9969.500000000011
6841.000000000008
9826.750000000011
5924.000000000007
9427.000000000011
6348.000000000007
8977.00000000001
5075.0000000000055
7964.750000000008
5848.000000000008
7740.500000000007
7110.000000000006
8152.750000000006
7367.000000000007
7756.750000000008
6324.0000000000055
7511.000000000007
6617.000000000008
7211.000000000008
9500.00000000001
8310.25000000001
9632.000000000011
8761.50000000001
11477.000000000013
10001.250000000011
9152.000000000011
11679.750000000011
8672.000000000005
12054.000000000011
10013.000000000011
11047.250000000013
8376.000000000011
11771.750000000011
10210.000000000013
14711.000000000013
10475.00000000001
15409.000000000018
11173.000000000013
15279.250000000013
10687.000000000013
14243.750000000015
12503.000000000016
12833.250000000015
12040.000000000015
13329.000000000011
13038.000000000013
13993.000000000013
12082.000000000015
14305.250000000016
10965.000000000011
14571.000000000015
12388.000000000011
15000.500000000015
14862.000000000015
14256.500000000013
13793.000000000015
13961.750000000011
11441.000000000013
13812.000000000015
10357.00000000001
12725.500000000013
10197.000000000007
12676.000000000015
10778.000000000011
14043.000000000013
9449.000000000011
13757.750000000013
11459.000000000011
12317.000000000015
12481.000000000011
12535.250000000013
10702.000000000011
12196.25000000001
9465.000000000011
12373.250000000013
9983.000000000011
12968.500000000013
9915.000000000011
12252.000000000011
10801.000000000013
12374.750000000013
11401.000000000011
12718.750000000015
10440.000000000011
11017.000000000011
8951.00000000001
11626.000000000011
8785.000000000005
15515.500000000015
10280.000000000011