32640.000000000033
32640.000000000033
32640.000000000033
32640.000000000033
32640.000000000033
32640.000000000033
32640.000000000033
32640.000000000033
32639.500000000036
32594.000000000033
32639.000000000033
32626.000000000033
32630.500000000036
32548.000000000033
32453.750000000033
26726.000000000022
32167.500000000033
20192.000000000022
30015.750000000033
18385.000000000015
27770.00000000003
19363.00000000002
26512.75000000003
18236.000000000022
25788.00000000003
17167.000000000015
25110.00000000003
17931.000000000022
24778.250000000025
17713.000000000015
24745.000000000025
17602.00000000001
24115.000000000025
17150.000000000015
23032.500000000025
17764.000000000022
21850.250000000025
17568.00000000002
20566.750000000022
16837.00000000002
18755.750000000022
20027.000000000022
17002.25000000002
23825.00000000002
16639.25000000002
26044.000000000015
16941.250000000015
26194.000000000033
16890.50000000002
24478.00000000003
16584.750000000015
21493.000000000025
15809.500000000016
23097.000000000022
14507.250000000011
24615.00000000003
14403.000000000015
23686.00000000002
14080.500000000016
23282.00000000001
12741.250000000011
22837.000000000025
11812.250000000011
21915.000000000022
11381.50000000001
21733.000000000022
10763.00000000001
22052.000000000022
9960.50000000001
22906.000000000022
9740.00000000001
23387.000000000022
9583.750000000011
23327.000000000022
9794.500000000011
22959.000000000025
9641.25000000001
23206.000000000025
9709.500000000011
23756.000000000015
9742.250000000011
24612.000000000033
9755.750000000007
25674.00000000003
9841.250000000011
25723.000000000015
10425.500000000011
25474.00000000003
10668.250000000011
25713.00000000002
10660.25000000001
27095.000000000033
11145.250000000013
29181.000000000033
11880.000000000013
30100.000000000025
12578.750000000011
30219.000000000033
12637.000000000013
30412.000000000033
12563.750000000013
30883.000000000033
12584.250000000013
31487.000000000033
12484.500000000011
31841.000000000036
12307.500000000013
31727.000000000033
12428.50000000001
30990.000000000033
12555.500000000013
30431.00000000003
12633.750000000015
30786.00000000003
12689.500000000013
31061.000000000033
12783.750000000013
31067.000000000033
12831.250000000015
30964.000000000033
13040.750000000011
30428.000000000036
13473.250000000011
30211.000000000033
14041.500000000015
30145.000000000033
14473.500000000015
30520.000000000033
14725.750000000016
31070.000000000036
14832.500000000011
31385.00000000003
15002.250000000015
31626.000000000033
15370.250000000016
31599.00000000003
15949.250000000018
31640.000000000036
16554.250000000015
31770.000000000033
17237.50000000002
31834.000000000033
17887.75000000002
31884.000000000036
18536.250000000022
32040.00000000003
19200.25000000002
32177.000000000036
19738.000000000022
32274.000000000033
20395.500000000022
32400.000000000036
21043.00000000002
32475.000000000036
21532.000000000022
32538.000000000033
22471.000000000022
32573.000000000036
23607.250000000025
32630.000000000033
24040.750000000022
32636.000000000033
25162.25000000003
32638.000000000033
27137.750000000025
32640.000000000033
28207.250000000025
32640.000000000033
29727.500000000025
32640.000000000033
30488.25000000003
32640.000000000033
31002.250000000036
32640.000000000033
31467.500000000033
32640.000000000033
31914.250000000033
32640.000000000033
32199.000000000033
32640.000000000033