9967.250000000011
5072.0000000000055
9579.750000000011
4725.0000000000055
9321.50000000001
5199.0000000000055
8944.50000000001
5547.0000000000055
9305.50000000001
5279.000000000005
9911.500000000011
5014.000000000006
10458.750000000011
6123.000000000004
10928.000000000013
7203.000000000007
10090.500000000007
5102.0000000000055
9444.750000000011
5051.000000000005
9028.00000000001
4554.000000000004
8854.750000000007
4942.0000000000055
9914.750000000011
6409.000000000007
10591.500000000011
5576.000000000006
11307.500000000011
5035.000000000006
11901.250000000013
4560.000000000003
12688.250000000013
4625.000000000003
12910.250000000011
4557.000000000005
11986.750000000011
4517.000000000005
11018.250000000011
4456.000000000005
9889.750000000013
5035.000000000005
9763.25000000001
5062.0000000000055
10799.50000000001
5091.0000000000055
12453.750000000013
5510.0000000000055
14283.750000000011
5785.000000000006
11654.75000000001
6472.000000000007
7890.000000000008
6600.000000000005
7968.500000000008
7204.000000000008
8678.000000000005
6406.000000000007
9031.000000000011
6116.000000000006
9230.75000000001
6811.0000000000055
9178.000000000011
7219.000000000008
8514.250000000007
7369.000000000007
7763.750000000008
7359.000000000008
6908.000000000006
8466.000000000005
6683.000000000007
9646.000000000005
6430.000000000008
9240.000000000011
6322.500000000007
7894.000000000009
6155.750000000006
5896.000000000007
6185.500000000007
5039.0000000000055
6056.000000000007
4819.000000000005
6931.250000000007
4418.000000000005
6597.750000000006
4259.000000000003
6685.250000000007
4707.000000000004
7071.000000000007
4390.000000000004
7528.250000000006
4363.0000000000055
7200.750000000006
4503.000000000003
7491.750000000008
4921.0000000000055
7076.000000000008
5106.0000000000055
6974.000000000006
5078.000000000005
6952.000000000006
5271.000000000006
6792.500000000006
5485.000000000006
6570.7500000000055
5382.000000000006
6453.7500000000055
5039.0000000000055
6506.250000000007
4943.000000000004
6733.750000000007
4899.000000000003
6662.250000000007
4683.000000000005
6470.500000000005
4393.000000000003
6404.000000000006
4183.000000000005
6336.750000000006
4077.0000000000045
6760.250000000007
4072.0000000000036
7447.750000000007
4461.000000000003
7610.500000000008
5058.000000000005
7692.250000000007
5670.0000000000055
7561.000000000007
5952.000000000005
7332.000000000006
6394.000000000005
7444.750000000006
6156.0000000000055
7521.250000000008
5122.000000000004
7446.250000000007
4245.0000000000055
6734.750000000006
4282.000000000003
6417.000000000006
4657.000000000004
6872.250000000008
4941.0000000000055
8162.25000000001
5124.0000000000055
8316.500000000007
4998.000000000005
8201.75000000001
4932.000000000006
6762.500000000006
5515.000000000006
6581.750000000006
6198.000000000004
7434.000000000008
6459.000000000006
8248.750000000007
6717.000000000004
7423.750000000008
6981.000000000005
7914.750000000006
7111.000000000007
8154.000000000009
6957.000000000008
7951.750000000007
6859.000000000005
9422.250000000011
6612.000000000008
8963.750000000007
6258.000000000005
7787.750000000008
5780.0000000000055
8220.25000000001
5389.0000000000055
8100.000000000007
5035.0000000000055
8260.00000000001
4685.000000000005
7601.250000000007
4184.0000000000055