9380.50000000001
11847.000000000013
9914.25000000001
11536.000000000013
9852.500000000011
11270.000000000011
9605.75000000001
12543.000000000015
10008.000000000011
15208.000000000013
10342.750000000011
16900.00000000001
10501.75000000001
18575.00000000002
10717.250000000011
19872.00000000001
10894.500000000011
19475.00000000001
11103.000000000011
18975.000000000022
11107.500000000011
18883.000000000025
11461.500000000013
19061.00000000002
11843.00000000001
19609.00000000002
11305.00000000001
20644.00000000002
10204.750000000011
21210.00000000002
9038.500000000011
20328.000000000025
8388.750000000007
19363.000000000022
8295.50000000001
19574.000000000015
7951.500000000008
19664.000000000015
7967.750000000007
18905.000000000022
7568.750000000008
18187.000000000015
7040.750000000006
19137.00000000002
7779.250000000006
20157.000000000022
7602.750000000006
20378.00000000002
7765.500000000007
19674.00000000001
7596.500000000008
18478.000000000022
7089.2500000000055
18194.00000000001
6848.000000000007
17559.00000000002
7241.000000000007
16320.000000000016
6810.250000000007
15975.000000000016
6731.7500000000055
16056.000000000016
7133.250000000007
15724.000000000016
7603.250000000008
14885.000000000015
8353.750000000007
13995.000000000015
8616.750000000007
12741.000000000013
8772.000000000007
11384.000000000013
8709.50000000001
9963.00000000001
9630.250000000007
8571.00000000001
9454.750000000007
7858.000000000007
9346.25000000001
7962.000000000008
9492.75000000001
8023.000000000007
9444.750000000011
7713.000000000006
9084.25000000001
7899.000000000009
8757.50000000001
9445.000000000011
9070.00000000001
11685.000000000015
9637.00000000001
11060.000000000013
9516.50000000001
9450.000000000011
9596.000000000007
8066.000000000009
9220.500000000011
7738.000000000009
8882.250000000011
8071.000000000009
8498.000000000011
9042.00000000001
9504.75000000001
10627.00000000001
9962.00000000001
12039.000000000011
9906.500000000011
13126.000000000015
9873.750000000013
13490.00000000001
9932.750000000011
13493.000000000013
10969.000000000011
14014.000000000013
12035.500000000013
14512.000000000015
12705.250000000011
14847.000000000013
12756.000000000013
12715.000000000015
12614.000000000011
10511.00000000001
11852.500000000015
9453.000000000011
11378.750000000011
8503.000000000005
11450.750000000013
6989.000000000009
12454.250000000011
6123.000000000006
13934.500000000011
7756.000000000008
14328.500000000016
5655.000000000004
14722.000000000018
4198.000000000003
14330.250000000013
4548.000000000005
14330.750000000013
4939.000000000004
14419.000000000015
4720.000000000005
14113.000000000015
4039.0000000000036
13464.000000000016
3791.0000000000045
12981.750000000015
4582.000000000005
11729.000000000013
6541.000000000004
10722.750000000011
7764.000000000008
10638.500000000011
7883.000000000006
11008.250000000011
7710.0000000000055
11502.50000000001
7728.000000000009
12442.750000000015
7778.00000000001
12960.000000000013
8903.000000000007
11806.750000000011
9677.000000000005
10930.00000000001
9374.000000000011
10195.500000000011
8714.000000000011
9783.500000000011
8813.000000000011
10029.25000000001
8584.000000000007
9942.50000000001
8616.00000000001
9130.75000000001
8704.000000000007
8762.00000000001
9996.000000000013
9280.75000000001
11037.000000000011