15603.000000000016
20964.000000000025
15114.750000000015
18606.000000000022
14641.500000000015
17202.00000000002
14546.250000000015
17505.00000000002
15252.500000000018
17301.000000000015
14881.000000000013
16374.000000000018
14119.250000000013
14130.00000000001
15183.500000000015
11996.000000000004
15225.000000000013
10324.000000000013
15330.750000000018
7260.000000000007
16277.000000000018
5627.0000000000055
16984.50000000002
8287.000000000007
18190.00000000002
11914.000000000015
19689.750000000022
13647.000000000016
20081.00000000002
14693.000000000018
20086.25000000002
14580.000000000016
19959.000000000025
14256.000000000007
19490.750000000022
13834.000000000016
18600.50000000002
14931.000000000015
18557.000000000025
15796.000000000018
18674.25000000002
16910.00000000002
18470.50000000002
18489.000000000022
18045.50000000002
20512.000000000022
17266.250000000015
20754.000000000025
17877.75000000002
20695.000000000022
18166.50000000002
21107.000000000025
17818.000000000022
20986.000000000022
17679.250000000022
21416.000000000015
17208.000000000015
21227.00000000001
14029.750000000015
20181.000000000022
12756.750000000013
19761.00000000002
13042.500000000013
19501.00000000002
12601.750000000013
18121.00000000001
12254.500000000013
16027.000000000015
12075.250000000013
14654.000000000013
11657.500000000013
13244.000000000015
10723.500000000013
12186.000000000013
9521.250000000007
10930.000000000011
8779.25000000001
9318.00000000001
9016.75000000001
8390.000000000005
9040.25000000001
8000.000000000008
8656.00000000001
7722.000000000008
8656.250000000007
7652.000000000009
9582.250000000011
8112.000000000009
9831.750000000011
7679.000000000008
10063.750000000011
6978.000000000008
10120.25000000001
7484.000000000009
10438.250000000013
8850.000000000007
10677.500000000011
8548.00000000001
9712.25000000001
7879.000000000009
9621.000000000011
7390.0000000000055
10766.250000000013
7291.0000000000055
11119.75000000001
7601.000000000008
11041.500000000011
7028.000000000007
10927.000000000013
7296.000000000006
11544.750000000011
7312.000000000006
12201.000000000011
7675.000000000007
12741.500000000013
7659.000000000005
12684.500000000015
7868.000000000008
13438.000000000016
10092.000000000011
15175.250000000018
12551.000000000007
16528.00000000002
13012.000000000011
16581.500000000015
11806.000000000013
16431.25000000002
11255.000000000011
16802.50000000002
10977.000000000011
16736.00000000002
9112.00000000001
16510.25000000002
7876.000000000008
16583.00000000002
6824.000000000006
16299.000000000016
5859.0000000000055
16451.75000000002
5902.000000000004
16996.250000000015
6674.0000000000055
16688.000000000015
8655.000000000005
16421.250000000015
9009.000000000007
16237.000000000013
8366.000000000005
15941.750000000016
9067.000000000011
15568.000000000018
11285.000000000011
15282.250000000016
16220.000000000013
14497.250000000015
18994.000000000015
13686.250000000011
17141.00000000002
14053.00000000001
16004.000000000018
14022.000000000013
15871.000000000018
13793.500000000013
15014.000000000015
13781.750000000013
13989.000000000016
13028.500000000013
12760.000000000015
12491.250000000013
12299.000000000015
12455.000000000013
11337.000000000011
12053.250000000013
9902.000000000011
12936.250000000013
8752.000000000011
12520.500000000013
8690.000000000007
12389.000000000011
8630.000000000011