0.0
0.0
1924.2500000000023
1791.0000000000023
16264.750000000016
13180.000000000011
9063.500000000007
5503.0000000000055
9429.50000000001
5998.000000000005
9388.500000000011
6183.000000000008
9262.75000000001
6333.000000000005
9076.000000000011
6442.000000000008
8921.75000000001
6531.000000000007
8833.50000000001
6811.0000000000055
8789.25000000001
7213.000000000006
8813.00000000001
7557.000000000008
8864.25000000001
7945.00000000001
8871.00000000001
8245.000000000005
8867.50000000001
8381.000000000005
8808.75000000001
8435.000000000005
8715.250000000007
8353.000000000011
8684.00000000001
8115.000000000007
8607.75000000001
7670.000000000007
8544.00000000001
7072.000000000009
8466.75000000001
6395.000000000005
8344.50000000001
5735.000000000006
8204.50000000001
5240.000000000004
8041.750000000007
4957.0000000000055
7876.250000000007
4722.000000000004
7630.250000000007
4406.000000000002
7315.500000000007
4156.000000000003
7044.750000000006
4167.000000000005
6892.250000000007
4259.000000000003
6847.250000000006
4362.000000000003
6816.250000000007
4409.000000000005
6748.500000000006
4388.000000000005
6655.000000000006
4312.000000000005
6466.000000000006
4225.000000000003
6328.250000000006
4078.0000000000045
6048.750000000007
3925.0000000000036
5831.000000000005
3799.0000000000045
5734.750000000006
3834.000000000004
5425.0000000000055
4061.000000000004
5201.0000000000055
4330.000000000004
5142.750000000006
4515.000000000003
5155.0000000000055
4652.000000000003
5218.750000000005
4673.0000000000055
5331.5000000000055
4611.000000000004
5471.2500000000055
4431.000000000003
5608.750000000006
4193.000000000004
7105.250000000006
3959.0000000000023
8339.000000000007
3739.000000000004
8825.250000000005
3448.0000000000036
8856.25000000001
3306.000000000004
8616.25000000001
3383.0000000000027
9276.500000000007
3620.0000000000023
8998.00000000001
3906.0000000000036
8406.50000000001
4208.000000000004
8585.25000000001
4510.000000000005
8338.750000000007
4844.000000000004
8460.750000000007
6365.000000000007
8706.50000000001
7779.000000000007
8321.75000000001
9196.000000000005
7301.2500000000055
8675.000000000007
7845.750000000007
7577.000000000008
8565.75000000001
11356.000000000011
8572.25000000001
9654.000000000011
8725.00000000001
10390.000000000011
8540.00000000001
8692.00000000001
9005.50000000001
7238.0000000000055
9016.50000000001
7443.000000000007
10101.000000000011
7539.000000000008
8838.25000000001
7521.000000000009
8653.250000000011
7438.000000000005
8256.75000000001
7314.0000000000055
7337.250000000006
7098.000000000008
8517.00000000001
6784.000000000006
8663.25000000001
6762.000000000004
9567.750000000011
6999.000000000006
10422.250000000013
7332.000000000006
10973.250000000011
7597.000000000007
11135.750000000011
7842.000000000007
11034.250000000011
8099.000000000007
10740.50000000001
7518.000000000008
10472.00000000001
7022.000000000006
10204.250000000011
7243.000000000006
9792.750000000011
8577.000000000011
9640.25000000001
8937.000000000005
9780.50000000001
9187.00000000001
9984.75000000001
9419.000000000011
9886.75000000001
9479.000000000011
16713.00000000002
15206.000000000016
1879.000000000002
1603.000000000002
0.0
0.0