6657.500000000007
224.00000000000009
5762.000000000004
224.00000000000009
5901.500000000006
224.00000000000009
6504.250000000006
224.00000000000009
7413.0000000000055
224.00000000000009
8139.500000000009
224.00000000000009
8255.750000000007
224.00000000000009
7383.500000000006
224.00000000000009
6861.750000000007
224.00000000000009
7005.250000000007
224.00000000000009
6583.000000000007
224.00000000000009
5908.500000000006
226.00000000000023
5851.7500000000055
226.00000000000023
6296.7500000000055
232.0000000000002
5967.500000000006
236.00000000000023
5757.250000000004
255.00000000000023
6498.500000000007
263.0000000000001
8955.75000000001
260.00000000000017
10927.500000000013
260.00000000000017
10879.500000000011
259.0000000000003
8958.000000000011
238.00000000000026
6797.000000000006
233.00000000000026
6569.250000000006
238.00000000000026
7566.750000000008
242.0000000000002
7435.000000000008
253.00000000000026
7077.000000000007
255.00000000000023
7119.000000000006
270.00000000000017
7477.000000000006
364.0000000000003
8176.000000000006
596.0000000000006
9350.75000000001
642.0000000000006
10257.75000000001
411.00000000000045
11018.500000000011
282.0000000000002
11298.500000000011
254.00000000000026
10721.250000000011
248.00000000000026
10002.750000000011
252.00000000000026
8346.500000000007
244.00000000000026
7431.500000000006
282.0000000000002
7385.250000000008
334.00000000000034
7296.250000000009
396.0000000000002
7105.000000000006
452.00000000000045
7175.500000000007
528.0000000000006
7108.5000000000055
660.0000000000007
7534.750000000008
723.0000000000007
7559.250000000006
781.0000000000007
7506.500000000007
591.0000000000003
7490.500000000007
321.00000000000034
6984.500000000006
256.00000000000017
7325.500000000008
282.0000000000002
8296.000000000007
593.0000000000006
9000.50000000001
3995.000000000004
7580.250000000008
1009.0000000000011
7834.750000000007
323.00000000000034
7905.750000000007
354.0000000000004
7955.000000000009
344.0000000000003
8511.000000000007
430.00000000000034
9178.50000000001
814.0000000000008
9448.75000000001
1306.0000000000014
9156.50000000001
2968.0000000000027
8730.250000000011
3563.0000000000023
8437.75000000001
2586.000000000003
8288.00000000001
2450.0000000000027
8156.250000000007
2081.000000000002
8367.25000000001
2887.0000000000023
9465.75000000001
8835.000000000007
9647.00000000001
12082.000000000005
8322.00000000001
11322.000000000011
7921.750000000009
9400.000000000011
7421.000000000008
8315.000000000011
7968.250000000007
15830.000000000015
7927.750000000007
19393.000000000025
7394.000000000006
19847.000000000015
6693.2500000000055
22536.00000000002
6333.000000000006
23020.000000000022
5407.5000000000055
20750.000000000025
4944.250000000005
19366.00000000002
4521.750000000005
18197.000000000022
4595.250000000005
12692.000000000011
5157.5000000000055
7145.000000000008
5335.000000000005
7191.000000000008
5381.7500000000055
10672.000000000011
5116.0000000000055
13433.000000000007
4726.750000000005
11316.000000000011
1560.0000000000018
11058.000000000011
445.25000000000045
9907.000000000011
443.25000000000034
10238.00000000001
452.5000000000004
10639.000000000013
584.2500000000003
10070.000000000013
952.000000000001
8934.000000000007
1558.5000000000018
7924.000000000008
2451.0000000000023
8932.000000000011