14943.250000000016
15463.000000000016
14065.750000000013
13814.000000000016
12988.500000000015
11867.000000000013
12001.250000000013
11723.00000000001
11028.250000000011
12062.000000000016
9608.750000000011
11670.000000000015
9434.25000000001
10974.000000000013
9725.500000000011
10386.000000000011
9427.250000000007
9449.000000000011
8775.250000000011
8610.000000000005
9141.25000000001
8459.000000000005
10299.250000000011
9353.000000000007
11448.500000000013
10344.000000000011
12786.500000000013
11606.000000000007
13557.000000000013
13695.000000000013
14849.500000000015
16104.000000000016
16922.750000000015
17425.000000000015
17777.25000000002
17394.000000000015
17894.250000000015
15755.00000000002
18113.00000000002
13914.000000000015
17875.25000000002
12946.000000000007
17305.000000000015
12364.000000000015
17622.50000000002
12741.000000000015
17716.00000000002
13799.000000000007
16970.25000000002
15321.000000000016
16656.25000000002
17397.000000000022
16588.75000000002
20045.000000000015
17752.250000000022
22021.000000000022
18510.00000000002
22364.000000000025
17569.250000000015
21165.000000000025
15963.000000000018
20230.000000000025
13922.500000000015
19566.000000000025
12757.500000000013
18120.00000000001
11452.500000000011
15196.00000000001
10877.50000000001
11889.00000000001
10414.750000000007
8926.000000000007
10140.750000000011
7094.000000000007
9914.25000000001
6969.000000000006
9138.000000000011
7919.00000000001
8432.00000000001
9125.000000000011
8456.25000000001
9110.000000000011
8281.750000000007
11868.000000000015
8068.000000000007
16019.000000000018
7677.750000000009
19874.000000000022
7192.500000000007
23943.00000000003
7747.750000000009
27680.00000000002
8474.500000000011
29964.00000000003
8132.750000000008
30529.000000000036
8440.250000000011
29632.000000000036
8893.500000000007
28356.000000000025
9442.750000000011
27355.000000000025
9953.500000000013
25858.00000000003
10604.250000000011
25716.000000000033
10817.250000000011
27463.000000000025
11253.000000000013
28323.000000000033
12307.000000000013
28439.000000000025
12927.000000000015
28017.00000000003
13179.000000000011
28155.00000000003
13664.500000000013
28917.00000000003
13497.500000000013
29386.00000000002
13747.250000000016
29970.00000000003
13881.750000000015
30863.00000000003
14052.250000000015
31320.000000000033
14667.500000000015
31085.000000000033
15386.750000000016
30583.000000000033
15522.250000000016
30498.000000000033
15412.750000000016
31007.000000000033
15468.500000000018
31460.000000000036
15862.250000000016
30523.000000000033
16211.000000000016
27518.000000000022
16449.250000000015
24584.000000000015
17445.00000000002
22956.000000000015
17958.250000000022
22767.000000000022
18544.50000000002
23258.00000000003
18795.50000000002
23224.000000000022
19310.25000000002
22716.000000000022
18288.50000000002
22405.000000000022
18007.50000000002
22372.000000000025
18088.00000000002
22378.000000000025
17481.00000000002
22903.000000000025
17161.750000000022
22985.000000000025
16612.250000000015
20821.000000000022
16022.000000000016
17937.000000000022
16985.000000000015
15754.000000000016
18470.75000000002
14408.000000000016
18001.250000000015
13892.000000000013
17959.75000000002
13619.000000000015
19431.25000000002
13416.000000000013
20695.250000000022
12993.000000000013
20959.750000000025
12671.000000000007