23848.500000000025
24748.000000000022
24260.000000000022
24719.000000000033
24278.000000000022
24498.00000000001
24251.000000000025
24717.000000000033
24314.25000000002
24566.000000000022
24327.25000000003
24576.00000000003
24504.000000000022
24845.000000000025
24662.000000000025
24677.00000000002
24637.500000000025
24781.000000000015
24848.50000000003
24689.000000000015
25074.500000000025
25064.000000000025
25062.00000000002
24437.00000000002
25173.25000000003
24201.000000000033
25142.75000000003
24313.00000000002
24987.00000000003
24094.000000000015
24939.500000000025
24607.000000000022
24876.50000000003
25148.00000000003
24724.00000000003
24778.000000000022
24834.500000000022
24642.000000000033
24925.250000000033
25225.00000000002
24970.750000000025
25112.000000000022
24727.250000000025
25233.00000000003
24717.750000000022
25283.000000000033
24506.500000000022
25286.000000000025
24646.75000000003
24558.00000000003
24362.000000000025
24001.000000000022
23230.250000000025
23867.000000000015
22978.750000000022
24236.00000000002
21827.750000000022
23234.00000000002
21733.750000000025
23402.00000000003
20803.00000000002
23840.00000000002
19397.25000000002
23760.000000000015
18404.500000000022
23287.000000000015
18654.000000000022
23540.00000000002
18473.250000000015
23821.00000000003
18348.000000000022
24013.00000000003
16871.000000000015
24386.00000000003
15380.000000000015
25264.000000000022
14226.500000000015
25882.00000000002
13530.000000000015
25522.00000000003
13268.000000000013
25023.000000000033
13054.250000000013
25100.000000000015
12907.750000000013
23419.000000000022
13234.500000000011
22790.00000000002
13245.500000000013
21284.000000000025
13261.000000000015
19789.00000000002
12676.250000000013
19209.000000000025
12578.750000000013
19403.000000000022
12966.500000000015
20179.000000000022
13728.000000000011
20593.000000000015
13774.500000000016
19972.000000000022
12729.250000000013
19969.000000000015
12487.500000000011
21071.000000000025
13107.500000000013
21572.000000000025
13605.000000000011
21788.00000000002
13991.250000000011
22550.00000000002
13996.750000000015
23257.000000000015
14072.250000000013
23724.000000000025
14617.750000000013
23552.000000000025
14965.250000000016
23610.000000000025
15216.000000000013
23815.000000000022
16023.250000000018
23556.000000000022
16773.00000000002
23341.00000000002
17826.50000000002
22887.00000000003
18702.000000000022
22696.000000000022
19280.25000000002
22219.000000000022
20036.750000000015
22532.000000000022
20188.500000000025
22266.000000000025
20696.750000000022
21849.00000000002
21347.750000000022
21816.00000000002
22021.000000000022
21682.00000000002
22497.500000000025
21073.00000000002
22288.750000000025
20281.00000000002
22295.000000000025
19894.000000000015
22065.000000000025
19489.00000000002
21836.000000000025
18753.000000000022
21741.500000000022
18430.000000000015
21689.75000000002
19062.00000000002
21696.750000000022
19075.00000000002
21660.750000000022
18672.000000000022
21705.500000000022
18582.000000000015
21594.250000000022
18927.000000000022
21413.250000000022
19430.000000000022
21343.250000000025
18662.00000000002
21233.750000000022
18731.000000000022
21464.00000000002
18772.00000000002
22000.500000000022
18718.000000000022
22132.00000000002
18740.00000000002
22045.500000000025
18218.000000000015
21514.750000000022
17923.000000000022