16968.50000000002
16312.000000000018
17001.250000000015
15528.000000000016
17571.00000000002
15303.00000000001
17260.75000000002
15851.000000000015
17375.50000000002
16014.000000000016
17616.75000000002
16025.000000000016
17455.750000000015
15394.000000000018
17578.00000000002
14708.000000000015
17702.500000000015
14572.000000000018
17349.50000000002
15009.000000000011
18033.00000000002
17507.00000000002
18254.75000000002
15479.000000000015
18878.75000000002
14604.000000000015
18764.00000000002
15691.000000000015
18259.00000000002
15778.000000000016
18314.50000000002
16445.00000000001
17948.00000000002
16841.00000000001
17589.50000000002
16079.000000000018
17816.750000000015
14482.000000000015
17651.75000000002
14654.000000000013
18285.75000000002
16461.00000000001
18598.250000000015
16308.000000000015
18733.250000000022
16357.000000000013
18853.25000000002
14778.000000000016
17925.750000000015
15137.000000000015
16670.500000000022
15163.000000000015
15811.000000000013
15194.000000000018
15316.250000000016
15161.000000000011
14812.250000000016
16171.000000000018
14304.750000000015
15248.000000000013
14253.250000000015
15128.000000000018
13369.000000000013
16117.000000000018
13139.000000000015
15639.000000000015
12922.250000000013
16569.000000000022
12147.500000000011
17393.000000000015
11372.750000000013
18067.00000000002
10766.750000000011
16986.000000000022
10626.500000000011
16842.000000000022
11705.000000000013
18552.000000000015
11250.000000000013
18835.000000000022
10340.25000000001
18213.000000000022
9955.50000000001
19432.000000000022
10476.250000000011
19347.000000000022
11123.750000000013
18491.000000000015
11815.250000000015
17118.000000000015
12159.250000000011
17543.000000000022
11613.00000000001
17238.00000000001
12066.250000000013
16651.00000000002
12197.000000000013
17546.000000000015
11541.750000000013
16912.00000000002
12104.000000000013
15937.000000000015
13483.250000000013
14881.000000000016
13469.000000000015
16448.000000000015
13525.250000000015
18431.000000000015
13987.000000000015
17293.00000000002
14228.750000000015
16138.00000000002
15207.000000000016
18273.00000000001
14827.000000000015
18629.000000000015
15029.250000000013
18254.00000000002
15177.250000000016
17447.00000000001
15074.250000000015
17190.00000000001
15746.000000000015
17087.000000000022
16239.500000000015
16960.00000000002
16587.75000000002
17908.00000000001
16192.500000000015
18848.00000000002
15944.500000000016
18745.000000000022
16192.000000000013
18694.000000000022
16558.00000000002
18267.000000000025
16525.75000000002
17143.00000000001
16596.25000000002
15010.000000000015
16620.250000000015
15187.000000000013
16861.00000000002
15274.000000000015
17007.750000000015
16603.000000000015
16481.50000000002
16073.000000000016
16785.00000000002
15818.000000000016
17628.00000000002
16504.00000000001
17676.75000000002
16293.000000000018
17358.250000000015
15616.000000000015
17710.00000000002
14805.000000000016
18373.500000000015
14796.000000000011
18512.00000000002
15243.000000000018
18281.50000000002
15823.000000000016
18447.75000000002
15245.000000000016
18697.750000000015
14119.000000000016
18567.00000000002
14597.000000000011
18896.25000000002
15338.000000000016
18592.000000000022
16150.000000000016
17954.250000000015
15648.00000000002
18248.500000000015
14225.000000000016
18348.50000000002
14615.000000000015