19460.250000000022
22041.000000000015
18698.00000000002
22145.000000000022
17387.00000000002
22052.000000000022
16956.50000000002
22132.000000000022
16718.500000000015
21718.000000000022
16489.50000000002
21859.000000000025
16472.50000000002
21680.000000000022
16329.000000000016
21441.000000000025
16219.750000000016
20921.000000000025
16683.00000000002
20461.000000000022
16622.000000000015
20165.000000000022
16624.500000000015
20006.00000000002
16886.50000000002
20309.000000000025
17408.50000000002
20273.000000000015
17947.25000000002
20061.000000000015
17565.500000000022
19812.000000000022
17519.50000000002
19394.000000000022
17829.50000000002
19231.000000000022
17394.25000000002
19193.000000000015
16841.250000000015
19461.000000000025
16507.25000000002
19268.000000000015
16289.250000000015
18184.000000000022
16407.500000000015
17775.000000000015
16367.250000000016
18425.00000000001
16062.000000000018
19389.000000000015
15235.000000000016
19679.000000000015
14103.250000000015
20420.000000000025
13999.000000000016
20713.000000000022
14334.250000000016
20808.000000000022
14181.500000000015
20932.00000000002
13407.000000000015
20859.00000000002
12698.500000000015
21351.000000000025
13068.500000000015
21928.000000000022
12404.750000000015
21848.000000000025
11870.750000000013
21441.000000000025
12359.750000000013
20324.00000000002
12079.750000000011
19795.00000000001
11549.000000000011
18950.000000000022
11204.500000000011
18758.00000000002
11313.000000000013
19149.00000000002
11944.000000000011
18337.000000000015
11251.00000000001
17369.00000000002
10224.750000000013
17877.00000000001
10011.250000000007
17958.000000000015
9897.75000000001
17641.000000000022
9888.75000000001
17266.00000000001
9946.25000000001
17256.000000000015
9719.250000000011
18105.00000000001
9231.000000000007
18881.00000000001
9180.75000000001
19329.000000000015
8389.000000000007
19723.000000000022
7476.750000000007
19388.000000000022
7802.500000000008
19730.000000000022
8346.00000000001
20698.000000000022
8185.750000000008
20298.000000000025
7866.500000000008
19733.000000000025
7747.750000000008
19171.000000000022
7978.500000000009
19089.000000000022
7667.500000000007
18470.00000000001
7570.500000000006
17445.00000000002
7584.500000000006
16851.00000000002
6435.500000000008
15718.000000000013
5881.5000000000055
14867.000000000013
5929.7500000000055
14374.00000000001
6629.750000000008
13910.000000000015
7277.000000000008
13598.000000000015
8187.000000000006
14088.000000000007
7204.750000000006
14814.000000000015
6843.750000000006
13916.00000000001
7531.250000000008
12533.000000000015
8108.500000000009
10637.000000000013
8619.75000000001
8868.00000000001
9016.50000000001
8451.000000000005
9362.75000000001
7414.000000000008
9436.00000000001
7145.000000000007
10157.250000000011
7020.000000000006
11106.250000000013
7534.00000000001
12573.750000000013
8385.000000000007
12776.250000000015
9513.000000000007
13355.750000000013
11547.000000000013
15009.500000000016
12587.000000000011
16364.750000000015
12985.000000000015
16468.750000000015
14253.000000000013
16159.250000000013
14637.000000000016
17476.500000000015
14670.000000000018
18834.75000000002
15399.000000000016
18780.250000000022
16432.000000000022
18093.75000000002
16744.00000000002
17517.75000000002
16600.000000000015
16458.25000000002
15728.000000000018