18017.25000000002
18078.000000000022
17762.750000000015
18037.000000000022
18036.000000000015
17994.00000000002
17627.75000000002
18795.000000000015
16749.50000000002
17736.00000000002
17003.50000000002
14412.000000000016
17457.50000000002
14001.000000000016
17639.000000000015
13158.000000000007
16629.50000000002
12781.000000000013
15850.750000000018
13301.000000000015
15405.750000000018
13489.000000000018
15304.500000000016
14508.000000000016
14202.750000000013
13623.000000000011
14676.000000000015
11532.00000000001
14303.000000000016
11986.000000000007
14387.000000000015
11492.000000000011
14688.250000000016
10418.000000000011
14211.000000000013
12265.000000000016
13909.500000000015
13948.000000000015
13539.250000000013
15208.000000000016
14095.500000000016
15514.000000000018
14348.500000000015
15720.000000000016
13801.500000000015
15554.000000000018
13976.250000000016
15432.000000000015
13488.00000000001
15001.000000000016
14078.500000000015
15837.000000000018
14601.000000000015
15370.000000000013
14000.500000000015
14992.000000000015
12972.500000000015
16846.000000000015
12341.500000000013
17163.00000000002
11289.250000000011
16089.000000000016
10093.750000000007
15222.000000000011
9426.25000000001
13119.000000000011
9985.250000000011
11409.000000000013
11305.750000000013
11189.000000000013
11934.750000000013
11511.000000000013
11693.750000000011
11205.000000000011
11637.500000000013
11398.000000000013
11436.25000000001
10790.000000000013
11849.000000000013
10692.000000000011
11849.750000000011
10194.00000000001
11567.000000000011
9673.000000000013
11031.500000000011
9945.000000000011
10935.750000000011
10449.000000000007
11275.250000000011
7981.000000000008
11278.500000000013
6987.000000000007
11379.500000000011
8006.000000000008
11244.500000000011
9671.000000000011
11262.250000000011
10093.000000000011
10877.500000000011
12355.000000000013
10761.00000000001
14965.000000000016
10615.50000000001
15748.000000000016
11011.25000000001
16524.000000000015
10624.250000000011
15898.000000000015
10984.00000000001
16550.00000000001
11441.250000000011
16295.000000000013
11374.25000000001
16179.000000000018
11874.750000000011
15644.000000000018
12755.750000000013
15467.000000000016
12943.500000000011
15293.000000000018
14375.500000000015
13982.000000000016
14071.500000000015
13093.00000000001
14105.000000000013
13725.000000000013
15076.000000000013
13292.00000000001
15399.250000000015
13213.000000000016
17260.25000000002
13902.00000000001
17606.000000000015
15147.000000000015
16382.500000000013
15729.000000000018
15484.500000000016
15945.000000000016
15688.750000000016
15630.000000000016
16103.750000000015
16521.00000000001
16632.00000000002
17116.00000000001
16879.000000000015
16450.000000000015
17293.25000000002
15472.000000000015
17669.75000000002
15284.00000000002
17598.00000000002
15882.000000000018
17923.750000000022
15187.000000000013
18575.00000000002
13058.000000000011
18809.000000000022
12870.000000000016
18635.500000000022
12957.00000000001
18225.750000000015
12764.000000000013
17626.00000000002
12765.000000000013
17346.75000000002
13076.000000000013
17289.00000000002
13165.000000000011
16486.25000000002
14159.000000000015
16419.75000000002
15069.000000000016
15906.500000000013
16858.000000000022
15300.250000000015
15987.000000000018
15096.250000000016
17013.000000000015
15086.000000000015
15847.00000000002