17558.75000000002
5992.000000000006
16768.75000000002
5315.000000000006
15348.000000000013
5060.0000000000055
14408.250000000018
4804.0000000000055
15165.500000000016
4722.000000000004
17273.50000000002
4813.000000000004
17640.25000000002
4838.000000000005
17128.00000000002
4911.000000000003
17567.00000000002
4951.000000000006
18230.250000000022
4978.0000000000055
19100.75000000002
4997.000000000006
19807.25000000002
5172.000000000006
19943.75000000002
5243.0000000000055
19356.250000000022
5233.000000000005
18991.25000000002
5304.0000000000055
19207.000000000022
5351.0000000000055
19751.750000000022
5335.000000000004
19968.250000000015
5439.000000000006
19864.750000000022
5897.0000000000055
19645.25000000002
6427.000000000004
19059.25000000002
6293.0000000000055
18927.750000000022
6198.000000000004
19193.250000000015
6516.000000000005
18905.500000000022
6767.000000000007
18394.000000000022
6668.000000000007
18177.750000000022
6079.000000000007
18144.250000000015
6065.0000000000055
17994.500000000015
6416.000000000007
17888.500000000015
6359.000000000004
17255.75000000002
5567.0000000000055
14435.000000000013
6301.0000000000055
12598.250000000013
7010.000000000008
11416.50000000001
7656.000000000008
10682.500000000011
11504.000000000011
10318.00000000001
11837.000000000013
9519.50000000001
11091.000000000013
9035.75000000001
11292.000000000011
9296.00000000001
10377.000000000013
9490.250000000007
11652.000000000007
9215.000000000011
11711.000000000016
9232.750000000011
7072.000000000007
9388.500000000011
9296.000000000011
9164.250000000007
13385.000000000015
8553.25000000001
12601.000000000011
8197.500000000007
12619.000000000015
8295.25000000001
12079.000000000007
8151.500000000008
8366.000000000005
7793.500000000008
8339.000000000007
7728.750000000007
7684.000000000009
7665.250000000008
6421.000000000006
7455.000000000006
7315.000000000008
7773.750000000008
7141.000000000005
8159.750000000009
6711.000000000008
8085.500000000009
6293.0000000000055
7846.500000000008
5716.0000000000055
7524.500000000008
5626.0000000000055
7884.500000000008
7064.000000000007
8126.500000000008
7190.0000000000055
8029.500000000007
6843.000000000006
7717.750000000008
5773.000000000005
7700.000000000006
6118.0000000000055
8114.500000000007
7792.000000000009
8524.00000000001
6389.000000000008
8668.750000000011
5002.000000000003
8374.250000000007
4823.000000000003
8758.250000000007
4713.0000000000055
9270.50000000001
4660.000000000005
9461.75000000001
4802.000000000004
9223.750000000007
4769.000000000005
9227.750000000011
4776.000000000006
9874.250000000007
4816.0000000000055
10912.250000000011
4878.000000000004
12410.250000000013
4918.0000000000055
13315.000000000015
4863.000000000004
13628.250000000015
4855.000000000004
15277.750000000016
4879.0000000000055
15591.000000000018
4800.0000000000055
17559.250000000022
4800.000000000003
20649.50000000002
4797.0000000000055
21497.750000000022
4753.000000000002
21552.500000000022
4729.000000000005
21973.250000000025
4717.0000000000055
21734.500000000022
4724.000000000003
21203.250000000022
4757.000000000005
21191.750000000022
4763.0000000000055
21806.250000000022
4911.000000000003
22494.750000000025
5298.0000000000055
22432.250000000025
5666.0000000000055
22253.750000000025
5812.000000000006
22206.000000000022
5928.0000000000055