7895.250000000007
2658.000000000002
7922.500000000008
2661.0000000000027
8136.0000000000055
2589.0000000000027
7826.500000000007
2607.000000000003
7704.250000000007
2686.000000000003
8685.250000000011
2698.000000000002
9812.75000000001
2595.0000000000027
11645.500000000011
2410.0000000000027
12782.500000000015
2258.000000000002
11545.500000000013
2130.0000000000014
10493.50000000001
2320.0000000000014
8267.750000000007
2816.000000000003
7776.500000000008
3173.0000000000027
9377.00000000001
3395.0000000000036
9811.25000000001
3686.000000000004
10099.250000000011
3733.0000000000036
9139.25000000001
3322.0000000000027
8369.750000000007
2883.000000000003
8134.750000000009
2691.000000000003
8268.250000000007
2563.0000000000027
8527.000000000011
2491.0000000000023
8895.25000000001
2441.000000000002
8746.00000000001
2409.0000000000027
8152.500000000007
2537.0000000000023
7531.000000000006
2634.0000000000023
7073.000000000006
3336.000000000003
6090.000000000005
6502.000000000006
5241.500000000005
6696.000000000007
5188.5000000000055
6740.000000000004
5308.5000000000055
6861.000000000009
5590.250000000006
6562.000000000005
5996.0000000000055
6204.000000000005
6095.0000000000055
5600.0000000000055
5978.750000000005
4796.000000000005
6201.5000000000055
3873.000000000003
6534.0000000000055
3506.0000000000036
7026.7500000000055
3587.000000000004
7724.250000000007
3559.0000000000023
8330.25000000001
3392.0000000000036
8870.75000000001
3762.000000000004
8690.500000000007
4809.000000000005
8554.750000000007
5437.0000000000055
8368.00000000001
5060.0000000000055
8022.250000000008
4983.000000000003
7932.250000000009
7442.000000000008
7708.000000000008
8025.000000000007
7596.000000000007
7090.000000000004
7568.750000000007
6306.000000000006
7676.000000000006
5736.0000000000055
7737.500000000008
5635.000000000007
7786.250000000006
6083.000000000007
7765.250000000007
6090.000000000005
7527.250000000008
6538.000000000007
7636.000000000006
7128.000000000004
7502.750000000007
6968.000000000004
7591.500000000009
7081.000000000007
7899.500000000008
7599.000000000007
7904.250000000007
8923.000000000011
8175.250000000008
9962.000000000007
8432.00000000001
10609.000000000007
8355.000000000007
10235.000000000011
7741.000000000006
9261.000000000007
7478.000000000008
8594.000000000005
7699.250000000007
7556.000000000008
8615.50000000001
7402.000000000008
8552.25000000001
7718.000000000008
7953.500000000007
8258.00000000001
7992.000000000007
8597.000000000011
7701.500000000008
8858.000000000007
7361.000000000007
9067.000000000005
6917.000000000008
9414.000000000007
8217.50000000001
9807.00000000001
10416.500000000011
10025.00000000001
11078.250000000011
10411.000000000013
12914.750000000015
10864.000000000013
12504.250000000013
11276.00000000001
10704.500000000011
11708.00000000001
10650.250000000011
11940.000000000016
12003.750000000011
11787.000000000007
11530.500000000013
11570.000000000013
11455.000000000013
11394.000000000011
10120.00000000001
11421.000000000011
8595.25000000001
10744.000000000011
8261.000000000005
9710.000000000007
7905.250000000005
8726.000000000011
7224.000000000007
8276.000000000005
5431.000000000006
7614.000000000007
5121.7500000000055
6879.000000000007
5163.250000000006
6438.0000000000055
5007.000000000005
5918.000000000006