18588.75000000002
18685.00000000002
18422.000000000015
18651.00000000001
18722.250000000015
18625.00000000002
18747.00000000002
19102.000000000015
19043.250000000022
18634.00000000002
18087.00000000002
19161.000000000015
18267.25000000002
19425.000000000022
18584.500000000022
18726.00000000002
18534.75000000002
18608.00000000001
18682.500000000015
18714.00000000001
17864.500000000022
18687.00000000002
18205.25000000002
17985.000000000022
17806.00000000002
18577.00000000001
17885.50000000002
17986.000000000022
17565.00000000002
18324.000000000015
16559.000000000015
18418.000000000022
16198.000000000015
19165.000000000022
16633.00000000002
17668.000000000015
15738.500000000018
17512.00000000001
14880.500000000015
18218.000000000015
15569.500000000015
18280.000000000022
16370.500000000016
18621.00000000002
16370.000000000018
18409.000000000022
14491.750000000015
18880.00000000002
12987.500000000015
18741.00000000002
13151.500000000011
18434.000000000022
13708.500000000015
17326.00000000001
13528.000000000015
17302.000000000015
15117.500000000013
18545.00000000001
16150.000000000016
18653.000000000022
15059.000000000015
19381.00000000002
13899.750000000013
19260.00000000002
13736.250000000013
18726.00000000002
13260.250000000011
19746.00000000002
12816.500000000011
20869.000000000022
11907.000000000013
20729.000000000022
10848.75000000001
20995.000000000025
10961.750000000011
20546.000000000022
11003.500000000011
18092.00000000002
11634.000000000011
18556.000000000025
11434.50000000001
17303.000000000015
11375.750000000013
17057.000000000015
11255.500000000013
16907.000000000015
11084.250000000013
16862.000000000015
11203.750000000013
17042.000000000015
11436.250000000013
16654.00000000002
11261.250000000011
16531.00000000002
11571.250000000011
16866.00000000002
12052.000000000011
17673.00000000002
12002.250000000013
17667.000000000015
11674.500000000013
17333.000000000015
11207.000000000011
17280.00000000002
10939.250000000011
16692.000000000015
11136.500000000013
16471.00000000002
11101.000000000011
16587.000000000015
10775.500000000011
16889.00000000002
10824.250000000011
17465.00000000001
10760.25000000001
17529.00000000002
10571.500000000011
16872.000000000022
10636.250000000011
17730.000000000015
11257.750000000011
17676.00000000001
12018.250000000013
17046.000000000015
12780.500000000015
15996.000000000016
13792.250000000015
16126.000000000018
14590.750000000015
16343.000000000016
14070.250000000015
16293.000000000018
13369.750000000013
17093.000000000007
13965.250000000015
15872.000000000016
14769.500000000011
16255.000000000016
16005.000000000015
17104.000000000015
16873.50000000001
16702.00000000001
16270.50000000002
17679.00000000001
16215.000000000015
17719.00000000002
17052.50000000002
17860.00000000001
18295.75000000002
18954.00000000002
19082.50000000002
19563.00000000002
19710.25000000002
19075.000000000022
18965.250000000022
18989.000000000022
18912.75000000002
18664.00000000002
19507.750000000022
19538.000000000022
20127.50000000002
18908.00000000002
21041.250000000025
18900.000000000022
19600.75000000002
19101.000000000015
19332.75000000002
19110.00000000001
20205.75000000002
19231.000000000022
19648.750000000022
18457.000000000022
19836.25000000002
18738.000000000025
19120.750000000022
19373.000000000022
18694.50000000002
19355.000000000022
18051.00000000002
19616.000000000022