12199.250000000013
11900.000000000011
12941.250000000015
12125.000000000013
13038.250000000015
12520.000000000013
12995.000000000011
13435.000000000013
13417.750000000015
14515.000000000016
13621.500000000013
15016.000000000013
13535.500000000015
15799.000000000016
13563.000000000016
16127.000000000015
13987.000000000015
15700.000000000018
14594.250000000016
14955.000000000018
14738.750000000013
14541.00000000001
14329.750000000016
13849.000000000015
13302.250000000011
12970.000000000015
12866.750000000013
12940.000000000015
13028.000000000015
12754.000000000011
13488.000000000015
13607.000000000011
13640.750000000013
15016.000000000016
13203.500000000011
15717.000000000018
11977.000000000015
15762.000000000016
10900.250000000011
16289.000000000016
10287.750000000011
16386.000000000022
10038.75000000001
14902.000000000011
9239.00000000001
14248.000000000015
9342.75000000001
14572.000000000018
11267.250000000013
15376.000000000015
11996.750000000013
14500.000000000016
12252.500000000011
13100.000000000013
11402.250000000011
14100.000000000015
10395.25000000001
14813.000000000015
10004.000000000011
13774.000000000011
9962.75000000001
13553.000000000013
10131.750000000011
14148.000000000016
9784.75000000001
13641.000000000015
9617.25000000001
13966.000000000007
10364.00000000001
13671.000000000015
10926.250000000011
12752.000000000015
10684.75000000001
13060.000000000015
10525.75000000001
13818.000000000016
11176.750000000013
14074.000000000016
11723.750000000013
13878.000000000015
11413.500000000011
13608.000000000011
11267.00000000001
14826.000000000011
11081.00000000001
15541.000000000016
10941.000000000011
15573.000000000015
11033.000000000013
15617.000000000015
11010.750000000011
15314.00000000002
10783.000000000011
16481.000000000007
11018.000000000011
18016.000000000022
10644.50000000001
19249.000000000022
9966.500000000011
19534.00000000002
9885.500000000011
19094.000000000022
10074.500000000007
18747.000000000022
10128.00000000001
18935.00000000002
10797.500000000011
19461.00000000001
10977.500000000011
20009.000000000022
11199.750000000011
19790.000000000022
10910.250000000011
19440.00000000002
10569.750000000011
19557.000000000015
10364.000000000011
20236.000000000025
10245.50000000001
21070.000000000022
9805.750000000011
20783.00000000002
9813.75000000001
19933.00000000001
9645.75000000001
19513.000000000015
10374.000000000011
18543.00000000002
11150.250000000011
17646.00000000002
11595.500000000013
17963.00000000002
12083.750000000013
18486.00000000001
11957.750000000015
17928.000000000015
12146.000000000015
18045.00000000001
12950.000000000011
18362.00000000002
12984.250000000015
18089.00000000001
13190.500000000015
17524.00000000001
13127.750000000013
17790.000000000015
12743.500000000011
17538.00000000002
12586.000000000015
17392.000000000022
12113.250000000011
17360.000000000022
11977.250000000013
17928.000000000015
11610.750000000013
18524.000000000025
11830.25000000001
18815.00000000002
12289.000000000015
18331.00000000002
11969.25000000001
17248.00000000002
12423.750000000013
15331.000000000015
13582.000000000013
13551.00000000001
14138.000000000015
11782.00000000001
13150.500000000013
11605.000000000007
12771.750000000013
11734.000000000011
13409.250000000011
11561.000000000015
13925.000000000015
11507.000000000011
13944.750000000015
11600.00000000001
14185.000000000015
11439.000000000011