6218.250000000006
1119.0000000000011
6214.250000000006
1093.0000000000014
6137.7500000000055
1159.0000000000011
6295.250000000006
1337.0000000000011
6362.2500000000055
1711.0000000000011
6351.0000000000055
2015.000000000002
6363.250000000006
2001.000000000002
6464.7500000000055
1599.0000000000018
6607.750000000008
974.000000000001
6591.500000000006
732.0000000000005
6550.500000000006
991.0000000000011
6403.500000000006
1796.0000000000018
6151.500000000006
2256.000000000002
6353.750000000006
1936.000000000002
6729.750000000008
5593.000000000006
7036.500000000006
10050.000000000011
7204.250000000007
10482.000000000013
7790.250000000007
10164.000000000013
8945.250000000007
8609.00000000001
9259.500000000011
8779.000000000011
9020.75000000001
9922.000000000007
8423.250000000007
10052.000000000011
7874.750000000007
8711.000000000011
7770.750000000009
7690.000000000007
7748.000000000007
9754.000000000011
7544.500000000007
9574.000000000013
7577.750000000007
6208.000000000008
7441.250000000009
7392.000000000007
7135.250000000008
6892.000000000008
6828.500000000006
6858.000000000007
6378.750000000006
7333.000000000006
5738.5000000000055
7118.000000000005
4183.750000000005
8721.000000000007
3831.000000000004
9484.000000000011
4123.250000000005
8345.00000000001
3945.250000000003
7937.000000000008
4528.750000000005
8415.000000000007
4563.0000000000055
6168.000000000008
4147.750000000005
3991.000000000004
3333.7500000000036
4243.000000000005
2484.5000000000023
4188.000000000005
2318.0000000000023
4451.000000000004
3447.2500000000023
4863.000000000004
3460.5000000000027
4704.000000000005
3085.0000000000027
4254.000000000005
2460.2500000000023
4127.0000000000055
2938.500000000003
3311.0000000000036
2642.7500000000027
2483.0000000000023
2809.5000000000027
2463.0000000000014
2799.5000000000027
3368.000000000004
2686.750000000003
3023.000000000002
2761.7500000000027
2562.000000000003
2938.0000000000023
3199.000000000003
3131.5000000000036
2299.0000000000023
3972.000000000004
3795.0000000000036
4068.750000000004
5545.000000000006
4544.250000000005
6495.000000000006
5059.750000000005
7104.000000000006
5427.2500000000055
7670.000000000008
5905.7500000000055
7893.000000000008
6822.750000000007
6808.000000000004
7238.750000000006
6146.000000000004
6784.250000000007
5332.000000000005
6260.750000000006
7544.000000000007
5689.250000000006
7115.000000000003
5372.0000000000055
5972.000000000007
5320.500000000006
5579.0000000000055
4499.750000000005
5676.0000000000055
4391.250000000005
4931.0000000000055
4384.7500000000055
3845.0000000000036
4361.500000000005
3171.000000000003
4220.250000000005
2206.000000000003
3917.250000000003
2415.0000000000023
3725.7500000000036
3998.000000000004
3418.750000000003
5155.0000000000055
3532.500000000003
6386.000000000006
3502.500000000003
7154.0000000000055
3193.250000000003
8500.000000000007
2765.250000000003
8582.000000000007
2525.2500000000023
7860.000000000008
2355.7500000000023
7450.000000000008
1924.2500000000016
4741.000000000004
1612.2500000000014
1956.0000000000018
1295.0000000000014
993.0000000000008
1283.5000000000011
607.0000000000007
1292.5000000000014
667.0000000000007
1322.2500000000016
777.0000000000009
1427.5000000000016
630.0000000000007
1464.0000000000014
525.0000000000005
1468.7500000000011
441.0000000000005