10488.50000000001
1430.0000000000014
13707.750000000016
2064.000000000002
18768.500000000022
15828.000000000016
26157.75000000003
28325.00000000003
27271.500000000033
27895.000000000033
27850.000000000033
27029.000000000025
26906.00000000003
26311.000000000033
26223.250000000025
24994.00000000003
25813.25000000003
25240.000000000033
24170.250000000025
25049.00000000003
22513.75000000002
24717.000000000033
21845.500000000022
25947.00000000001
21072.50000000002
27218.000000000033
20336.25000000002
26482.000000000022
20020.500000000022
25184.00000000002
19051.00000000002
26182.000000000033
17991.750000000022
27044.00000000003
17259.500000000015
25618.000000000033
16146.500000000018
25806.000000000025
15519.250000000018
26061.000000000015
14721.000000000015
25616.000000000015
14308.75000000001
25470.000000000025
13893.500000000015
25370.00000000003
13531.500000000013
24922.000000000025
12370.750000000015
24929.00000000003
11767.500000000013
24974.00000000003
12069.500000000013
25536.000000000022
12255.750000000011
25444.00000000003
12376.500000000011
25480.000000000022
11755.000000000013
25106.000000000033
11230.500000000013
25238.00000000003
10873.500000000011
25814.000000000022
10832.50000000001
25871.00000000003
10532.750000000013
25078.000000000033
10028.50000000001
25631.000000000033
9383.750000000011
25403.000000000022
8990.250000000011
26018.000000000025
9053.500000000011
26296.00000000003
9353.25000000001
25578.00000000002
10046.500000000011
22935.000000000025
10347.000000000011
22769.000000000022
10005.750000000011
23319.000000000015
9965.750000000011
22719.000000000022
10453.250000000011
21278.000000000022
10331.75000000001
20868.000000000015
9832.500000000007
20507.000000000025
9964.50000000001
20506.00000000002
9345.750000000007
19729.000000000025
9355.50000000001
19646.000000000022
10098.750000000011
19829.000000000022
10242.250000000011
20242.000000000022
9654.25000000001
18133.00000000002
9727.250000000011
15724.000000000016
9614.50000000001
16101.000000000016
9751.750000000013
18055.00000000002
8535.25000000001
17507.00000000002
6353.0000000000055
17390.00000000001
5838.2500000000055
16639.00000000002
5519.5000000000055
17259.000000000015
5463.7500000000055
16718.000000000022
5424.250000000006
18335.000000000022
5456.250000000004
20846.00000000001
5780.5000000000055
20258.000000000015
6405.250000000006
20170.00000000002
6941.250000000006
20373.00000000002
7452.500000000007
20580.000000000022
8915.250000000007
19832.000000000015
9932.750000000011
19552.000000000022
11257.750000000013
19837.000000000025
12913.500000000015
20052.00000000002
14623.250000000015
19540.000000000022
16292.250000000016
20467.000000000025
18844.75000000002
22001.000000000022
21566.750000000022
23774.000000000022
22250.500000000022
24076.000000000022
22616.000000000022
24293.000000000015
22926.250000000022
23967.000000000022
23302.25000000003
23868.00000000003
23561.750000000025
23834.000000000022
23627.250000000025
24947.000000000022
23621.750000000033
24318.000000000022
23967.75000000003
24865.00000000003
24314.000000000025
23650.000000000022
24494.000000000025
20336.000000000025
24955.500000000025
19088.000000000022
24821.750000000025
14815.00000000001
24585.500000000022
7802.000000000007
24446.750000000025
2282.0000000000027
23923.750000000022
340.0000000000003
21436.750000000022
559.0000000000006