129.0000000000001
79.00000000000009
5702.500000000006
4312.000000000005
9513.25000000001
10082.000000000011
8735.500000000007
10655.000000000007
8252.50000000001
11011.000000000011
8332.000000000007
11058.000000000011
8397.00000000001
10251.000000000007
8073.500000000007
10750.000000000011
7419.750000000007
11060.000000000013
6993.250000000007
10335.000000000007
7390.750000000006
11965.00000000001
7380.000000000008
14310.000000000015
6219.750000000007
15454.000000000018
6206.000000000006
15491.000000000016
6207.500000000006
15021.000000000015
6720.500000000007
14419.00000000001
6360.750000000005
14290.000000000016
5937.000000000006
13125.00000000001
5788.5000000000055
13268.000000000013
6154.0000000000055
13196.000000000011
6587.750000000007
13551.00000000001
6795.750000000006
14051.000000000016
6821.750000000008
11523.000000000011
6390.250000000006
12163.00000000001
6266.000000000006
12082.000000000016
6450.750000000005
12702.000000000007
6663.750000000007
12428.000000000016
6889.2500000000055
12719.000000000013
6853.500000000006
12694.000000000011
6621.000000000007
12339.000000000013
6239.000000000007
11756.000000000007
6309.2500000000055
9968.00000000001
5611.7500000000055
9797.00000000001
5184.7500000000055
8870.000000000005
5108.250000000005
9057.000000000004
4831.000000000004
9378.00000000001
4613.250000000005
9317.00000000001
4531.500000000004
9070.000000000007
4497.000000000005
8619.000000000005
4464.750000000005
8472.00000000001
4238.500000000005
8473.000000000005
4057.250000000004
8035.000000000009
3702.7500000000036
8076.000000000008
3513.2500000000036
7414.000000000007
3816.250000000004
7448.000000000009
3518.750000000004
7100.000000000008
3393.250000000003
6842.0000000000055
4349.000000000004
6058.000000000007
4760.5000000000055
5590.000000000006
5236.250000000005
5307.0000000000055
5314.2500000000055
4751.0000000000055
5940.000000000006
4770.000000000003
9156.50000000001
4569.0000000000055
10492.000000000011
4597.0000000000055
11204.750000000013
4224.000000000005
11497.500000000013
3718.0000000000027
11818.250000000013
3393.000000000003
11780.500000000011
3011.0000000000023
11973.000000000013
2955.000000000002
12093.500000000013
2982.000000000003
11870.500000000013
3204.0000000000027
11781.000000000013
2416.000000000002
12032.250000000013
2321.000000000002
11829.750000000013
2243.000000000002
11648.250000000013
2038.0000000000018
11727.250000000013
1896.0000000000016
11799.25000000001
1895.000000000002
11772.000000000011
1835.0000000000018
12076.000000000013
1891.0000000000018
12036.750000000013
2484.000000000003
12195.000000000013
1420.0000000000014
12062.500000000011
1491.0000000000016
11515.500000000013
1945.0000000000023
11717.750000000013
1459.0000000000014
11751.000000000013
1703.0000000000018
11525.00000000001
1721.000000000002
11305.500000000013
994.0000000000009
11305.750000000013
1136.0000000000011
10851.75000000001
1090.000000000001
10930.250000000011
1643.000000000001
10796.000000000011
1515.0000000000011
10561.250000000011
997.000000000001
10765.750000000011
1560.0000000000014
10785.250000000011
1746.0000000000016
10622.000000000011
1749.0000000000011
10431.250000000011
1965.0000000000023
10898.500000000011
2283.000000000002
5686.250000000005
1427.0000000000014
83.50000000000007
195.00000000000017
253.00000000000014
256.00000000000006