7092.500000000007
11610.000000000011
6795.250000000006
11273.000000000011
6661.750000000007
12024.000000000011
6739.750000000007
12937.000000000011
7026.500000000007
12942.00000000001
7214.500000000007
13143.000000000007
7220.000000000008
13095.000000000015
7139.000000000007
10956.000000000011
6960.000000000006
8077.000000000009
6878.000000000006
7718.000000000008
6736.750000000006
10021.000000000011
6802.250000000006
10598.000000000011
6993.000000000008
10733.000000000011
7071.000000000007
11080.000000000011
6936.500000000007
11439.000000000015
6585.250000000008
11547.000000000011
6403.750000000007
11958.000000000013
6734.750000000006
11647.00000000001
7032.000000000007
10824.000000000011
7192.250000000008
10514.000000000013
7499.750000000007
10643.00000000001
7988.500000000008
10299.00000000001
8371.50000000001
9991.000000000011
8667.75000000001
9847.000000000007
8855.75000000001
10382.000000000013
9329.75000000001
10228.000000000007
9513.250000000011
9841.000000000013
9540.500000000011
8971.000000000007
9398.75000000001
9947.000000000007
10349.000000000011
13178.000000000015
10144.750000000011
13901.000000000018
10537.75000000001
13629.000000000015
10091.750000000011
12615.000000000016
9550.000000000007
12178.000000000013
9547.50000000001
12205.000000000011
8759.75000000001
10940.00000000001
8476.500000000007
9700.000000000011
8158.500000000008
9534.000000000011
8368.75000000001
8839.000000000005
8461.000000000007
7765.000000000007
8091.250000000008
7463.000000000009
7766.250000000007
7144.000000000006
7374.000000000007
6425.000000000005
7851.000000000008
5486.0000000000055
7750.750000000008
5021.000000000006
7347.000000000006
4797.0000000000055
7098.250000000006
4326.000000000004
6918.0000000000055
4681.0000000000055
6653.7500000000055
4146.000000000004
6637.750000000006
3859.000000000004
6541.000000000006
4181.000000000004
6573.750000000007
4727.000000000005
6637.750000000008
4624.000000000005
6554.500000000006
4527.0000000000055
6929.500000000006
6034.0000000000055
7154.750000000006
7601.000000000006
6921.000000000006
9292.000000000007
7246.750000000008
9997.000000000011
7392.500000000007
10657.000000000011
7175.500000000007
10389.000000000011
7048.250000000006
9679.000000000011
6957.500000000006
9590.000000000011
6871.750000000006
9757.000000000011
7044.5000000000055
9798.000000000005
6906.250000000007
9876.000000000011
7459.750000000008
9975.000000000011
8238.00000000001
9625.00000000001
8630.750000000011
8828.00000000001
9062.000000000007
8003.000000000009
9381.75000000001
7542.000000000008
10286.500000000011
7438.000000000005
11492.750000000015
7217.000000000005
12462.750000000015
7176.000000000007
12199.750000000015
7033.000000000007
11977.000000000011
7014.000000000004
12405.75000000001
6211.000000000005
12251.500000000013
5631.0000000000055
12864.250000000015
5997.000000000006
12252.000000000015
5888.000000000006
11161.000000000011
5735.000000000006
11283.750000000013
5579.0000000000055
11711.000000000013
5468.0000000000055
11678.500000000011
5466.0000000000055
11519.000000000011
5077.0000000000055
11281.750000000011
4775.000000000004
11169.250000000013
4574.0000000000055
11046.250000000013
4069.000000000005
10931.250000000011
3427.000000000004
10707.750000000011
2707.0000000000027
10449.500000000011
2504.0000000000027