32640.000000000033
32640.000000000033
32640.000000000033
32640.000000000033
32640.000000000033
32640.000000000033
32638.750000000036
32622.000000000033
32630.250000000036
32591.000000000033
32627.00000000004
32635.000000000036
32351.750000000036
29359.000000000033
30372.50000000003
21192.000000000022
28391.250000000025
15483.000000000016
26804.000000000033
14422.000000000016
25724.00000000003
13521.00000000001
25322.00000000003
12307.000000000007
24831.50000000003
12768.000000000011
24254.750000000022
12938.000000000011
22787.000000000025
13300.000000000015
21006.500000000022
14098.000000000015
19615.250000000022
14825.00000000002
18463.250000000015
14756.000000000013
16920.75000000002
12507.000000000013
15063.000000000016
12943.000000000013
15549.250000000015
16000.000000000016
16006.750000000015
17673.00000000002
16545.750000000015
20246.000000000025
16729.250000000015
19394.000000000022
15570.250000000013
16198.000000000015
14956.250000000015
17580.000000000007
14619.000000000013
19476.00000000001
14079.750000000015
19279.000000000022
12972.750000000013
19163.000000000015
11845.500000000015
19782.000000000022
10987.000000000011
19294.000000000022
10111.50000000001
18684.000000000022
9229.500000000011
18904.000000000015
9067.75000000001
20429.000000000025
9023.50000000001
21482.000000000022
9039.500000000011
21815.000000000025
8866.25000000001
22138.000000000022
8780.50000000001
21917.000000000025
8702.00000000001
22202.000000000022
8858.500000000011
22465.000000000022
9870.750000000011
23091.000000000022
11263.500000000011
22944.000000000025
12142.250000000013
22247.000000000025
12524.250000000013
22067.000000000022
13135.500000000013
23528.000000000022
14023.250000000013
29696.000000000025
14901.750000000015
32617.000000000033
14297.500000000015
32619.000000000033
13493.750000000015
32488.000000000033
12540.000000000015
32312.000000000036
11538.250000000011
32184.000000000033
10854.250000000011
32058.000000000033
10542.00000000001
32181.000000000036
10330.750000000013
31716.000000000036
10264.25000000001
30901.000000000036
10356.75000000001
31599.000000000036
10663.750000000011
32020.000000000036
10807.750000000011
32189.000000000033
10745.750000000013
32417.00000000003
10628.000000000013
32195.000000000033
10376.75000000001
31413.000000000036
10208.75000000001
30956.000000000033
10641.500000000011
31063.000000000033
11768.500000000011
31923.000000000033
12557.250000000015
32247.000000000033
13343.250000000015
32439.000000000033
13908.250000000013
32423.000000000036
14150.500000000015
32035.000000000033
14623.500000000015
31986.000000000033
15371.750000000016
32313.000000000033
16466.75000000002
32636.000000000033
17623.75000000002
32640.000000000033
18574.250000000022
32638.000000000033
19159.00000000002
32639.000000000033
20238.000000000022
32640.000000000033
21597.50000000002
32640.000000000033
22361.500000000022
32640.000000000033
22248.250000000025
32640.000000000033
23090.250000000022
32640.000000000033
24895.750000000025
32640.000000000033
25141.50000000002
32640.000000000033
25470.25000000003
32640.000000000033
29330.750000000033
32640.000000000033
31186.750000000033
32640.000000000033
32179.750000000033
32640.000000000033
32600.000000000033
32640.000000000033
32640.000000000033
32640.000000000033
32640.000000000033
32640.000000000033
32640.000000000033
32640.000000000033
32640.000000000033
32640.000000000033