14965.000000000015
8805.000000000011
15213.000000000015
8550.000000000005
15396.750000000016
8379.00000000001
15783.750000000015
8415.000000000007
16250.750000000015
8398.000000000005
16635.75000000002
8237.000000000005
16484.250000000015
8036.000000000009
15716.500000000015
7940.000000000009
16054.750000000016
8146.000000000009
16816.250000000015
8143.000000000008
16863.000000000015
7986.000000000009
16365.250000000016
7737.000000000008
16352.250000000016
7740.000000000008
16655.750000000015
7824.000000000008
17544.25000000002
7737.000000000008
18293.000000000015
7571.000000000008
18621.00000000002
7478.000000000008
18231.75000000002
7373.000000000008
19082.75000000002
7551.000000000007
19357.000000000022
11384.000000000011
19625.25000000002
11025.000000000011
20472.500000000022
11501.000000000013
20484.75000000002
12405.000000000004
20018.00000000002
11513.000000000011
19397.250000000022
12436.000000000013
20012.25000000002
13240.000000000015
20432.250000000022
11873.000000000013
20140.500000000022
12371.000000000015
19304.250000000022
11427.000000000013
18898.750000000015
9400.00000000001
19341.00000000002
10950.000000000013
19797.75000000002
12026.00000000001
19605.00000000002
12157.000000000013
19070.00000000002
11540.000000000011
18173.75000000002
11031.000000000013
17295.500000000015
9795.000000000013
16261.250000000016
7809.000000000007
15622.000000000015
8815.000000000005
14763.750000000015
9521.000000000013
14456.750000000015
9516.00000000001
14147.500000000011
8959.00000000001
13883.750000000015
8450.000000000005
13288.500000000016
8044.000000000008
12677.750000000013
8342.00000000001
12909.500000000013
9338.00000000001
12696.500000000013
9295.00000000001
12262.250000000011
8721.000000000007
11542.000000000011
8159.000000000007
10663.50000000001
8211.00000000001
10199.500000000011
8957.000000000007
10107.750000000013
9031.000000000011
10424.500000000011
10658.00000000001
10940.00000000001
13921.000000000016
11185.250000000013
16346.000000000018
11313.750000000013
16050.000000000015
10983.500000000013
16379.000000000016
10664.250000000011
18479.00000000002
10719.00000000001
17949.00000000002
11424.750000000011
16178.000000000018
12389.250000000013
15360.000000000016
13106.500000000013
16069.000000000013
13252.750000000016
15274.000000000015
13504.750000000013
15517.000000000015
13390.500000000013
16420.000000000015
13222.750000000011
16807.00000000001
13650.250000000016
17777.000000000015
13820.500000000013
18991.000000000022
13837.750000000015
18231.000000000015
14402.000000000018
16433.000000000015
15197.000000000013
16892.000000000015
15979.500000000015
16436.000000000015
16691.250000000015
15184.000000000018
17211.50000000002
14721.000000000016
17470.00000000002
14835.000000000016
17585.750000000015
16359.000000000018
17462.500000000022
17354.00000000002
17064.25000000002
17162.000000000022
17724.750000000022
18057.00000000001
17981.25000000002
20832.000000000025
18420.000000000022
22684.000000000025
18079.250000000022
23748.00000000002
18293.250000000022
23723.000000000022
18962.50000000002
22748.000000000022
19261.250000000022
21451.000000000022
19713.000000000022
21240.00000000002
19811.000000000022
21456.00000000001
20004.250000000022
20350.000000000015
20257.50000000002
19615.000000000022
19900.00000000002
19499.000000000022
19451.500000000022
17317.000000000015