31748.25000000003
31736.00000000003
26934.500000000033
27093.000000000025
20239.75000000002
20794.00000000002
20226.75000000002
21459.000000000025
19770.25000000002
21710.000000000022
19457.750000000022
22083.000000000025
18968.750000000022
22409.000000000025
18503.50000000002
22655.000000000022
17875.50000000002
22884.000000000025
17127.25000000002
23118.00000000003
17034.00000000002
23418.00000000002
18163.00000000002
23457.00000000002
18478.00000000002
23430.000000000025
18620.50000000002
23221.000000000025
18573.00000000002
22944.000000000025
18122.50000000002
22722.000000000022
17122.75000000002
22439.000000000025
15776.000000000015
22107.000000000022
15093.000000000013
21733.000000000022
14919.250000000016
21427.000000000022
14874.250000000015
21264.000000000015
14854.250000000016
20973.000000000022
15546.000000000018
20790.000000000022
16343.250000000018
20651.000000000022
16777.75000000002
20529.000000000022
16648.000000000015
20328.000000000025
15671.500000000016
19999.000000000015
14368.750000000013
19868.00000000002
13836.500000000013
19650.000000000015
13727.000000000015
19303.000000000022
13419.000000000013
18912.000000000022
12938.000000000015
18973.00000000001
12363.000000000013
18993.000000000015
12075.750000000011
18506.000000000015
12264.250000000013
17976.00000000002
11545.750000000011
17830.00000000001
10570.000000000011
17950.00000000001
9921.500000000011
17611.000000000022
9556.75000000001
17233.00000000002
9113.75000000001
17228.000000000015
8734.500000000007
17695.000000000022
8626.500000000007
18700.000000000022
9163.750000000007
19748.00000000002
9135.750000000011
20726.000000000025
10668.00000000001
21354.000000000022
11254.250000000013
21799.000000000025
11575.000000000013
22803.000000000025
11454.250000000011
23796.000000000025
11991.000000000011
24296.00000000002
12850.750000000013
24466.00000000001
13078.250000000015
23654.00000000003
12853.000000000013
21608.00000000001
12660.000000000015
20413.000000000022
12978.000000000013
21318.000000000022
13913.000000000013
22370.000000000025
14072.000000000013
22887.000000000022
13978.500000000015
22706.000000000022
15227.250000000016
22637.000000000022
15955.500000000018
23505.000000000025
15670.000000000018
23824.000000000025
14953.250000000015
23239.000000000022
15254.500000000016
23390.000000000015
15635.000000000015
23067.000000000022
16078.000000000015
22019.000000000025
16606.500000000015
22114.000000000022
18188.25000000002
23362.000000000015
18208.00000000002
23551.00000000002
17529.500000000015
23475.000000000025
17785.50000000002
23724.00000000003
17481.75000000002
23529.000000000015
18082.00000000002
22110.000000000025
17550.25000000002
22936.000000000022
17591.50000000002
23728.000000000015
18014.50000000002
22508.00000000003
18453.00000000002
22865.00000000003
19621.50000000002
23515.000000000022
20712.000000000022
23332.000000000033
21308.75000000002
22179.000000000022
20958.000000000022
20205.00000000002
21018.000000000022
19728.000000000025
21683.750000000022
20971.000000000025
21642.500000000022
21571.000000000022
21001.000000000022
22069.000000000022
21407.000000000022
21939.000000000022
21442.25000000002
22159.000000000022
21558.500000000022
22794.00000000003
21772.500000000022
22035.000000000022
20356.750000000022
18928.00000000001
26746.25000000003
25552.000000000025
31767.500000000033
31884.000000000036