4863.500000000005
5361.0000000000055
5146.5000000000055
2671.0000000000027
5222.500000000005
983.0000000000013
4955.500000000005
698.0000000000008
5099.5000000000055
879.0000000000007
5232.000000000004
1184.0000000000011
5325.5000000000055
1593.0000000000018
5423.2500000000055
2632.0000000000027
5396.750000000005
4591.000000000003
5411.7500000000055
6477.000000000007
5516.2500000000055
8492.000000000007
5664.000000000006
11366.000000000011
5986.250000000006
12845.000000000011
6264.2500000000055
12148.00000000001
6348.250000000006
12058.00000000001
5758.0000000000055
12355.000000000013
4138.250000000004
11598.000000000011
3170.000000000003
11179.000000000013
3165.2500000000023
10082.000000000011
3330.750000000003
8594.000000000005
3632.0000000000036
6646.000000000009
3832.2500000000027
4878.000000000004
3931.7500000000036
4351.000000000003
3782.0000000000036
4548.000000000005
3633.500000000004
6932.000000000008
4046.7500000000036
8577.00000000001
4606.000000000004
10032.000000000011
4829.500000000005
10216.00000000001
5354.000000000005
10132.00000000001
6644.500000000007
9521.00000000001
7427.500000000008
8698.000000000007
7023.750000000006
7862.000000000008
6882.500000000007
7843.000000000008
7369.750000000008
7252.000000000008
7422.000000000007
6566.000000000007
7523.500000000008
6512.000000000006
8706.25000000001
6451.000000000006
10988.500000000011
6179.0000000000055
11476.000000000011
6036.000000000005
11531.750000000011
6199.000000000004
10336.000000000011
6215.000000000006
9401.750000000007
6610.000000000008
9168.000000000011
7105.000000000009
9523.25000000001
7200.0000000000055
9219.250000000011
7450.000000000008
9278.000000000007
7693.000000000007
9080.750000000007
7967.000000000008
8534.250000000007
8115.000000000009
8370.00000000001
8171.000000000009
8252.25000000001
8027.000000000008
8064.000000000006
7623.000000000008
8260.00000000001
7323.000000000007
8665.50000000001
7005.000000000007
8089.000000000008
6400.0000000000055
7540.000000000008
5288.0000000000055
8333.00000000001
5046.0000000000055
8972.25000000001
5733.0000000000055
8954.00000000001
5959.000000000007
8726.50000000001
6469.0000000000055
9004.250000000007
8251.00000000001
9598.75000000001
10277.00000000001
9273.25000000001
11708.00000000001
10028.750000000013
12252.000000000011
10554.25000000001
11257.000000000013
10133.00000000001
11498.000000000015
8575.75000000001
13250.000000000016
7579.000000000008
14593.000000000013
7337.250000000006
11697.000000000007
6591.000000000007
10019.000000000015
6012.750000000006
8515.000000000007
6130.250000000006
8412.000000000005
5697.750000000006
7306.000000000007
5519.0000000000055
6180.000000000007
6067.500000000006
6615.000000000005
6436.750000000006
6103.000000000005
6638.7500000000055
5075.0000000000055
6448.000000000006
4322.000000000004
6405.750000000006
3472.0000000000036
6625.750000000007
2465.0000000000014
6635.5000000000055
1635.0000000000018
7036.2500000000055
1050.000000000001
7218.750000000008
883.0000000000009
7299.750000000006
932.0000000000011
7582.250000000006
711.0000000000007
8232.25000000001
607.0000000000007
8661.250000000011
446.0000000000004
8490.00000000001
345.0000000000004
8907.250000000007
327.00000000000034
9066.50000000001
319.0000000000003
9084.75000000001
307.0000000000002