14528.250000000015
12249.000000000015
15689.250000000015
11720.000000000013
14987.750000000015
11326.000000000011
14433.500000000016
10887.000000000011
14713.500000000013
10915.000000000013
14595.500000000013
11028.000000000011
14356.750000000015
11066.000000000011
14460.250000000016
11107.000000000011
14040.750000000016
11361.000000000011
13976.250000000011
11426.000000000013
15429.000000000018
12051.000000000016
16318.750000000018
12140.000000000013
16522.25000000002
10659.000000000013
16993.50000000002
11582.000000000013
16573.50000000002
12634.000000000015
16732.75000000002
12032.000000000007
16651.25000000002
10770.00000000001
16344.000000000018
9580.000000000011
16477.50000000002
9463.000000000011
16578.500000000015
9390.000000000007
16429.25000000002
9789.000000000011
16582.25000000002
11577.000000000013
16321.500000000016
12615.000000000015
15950.000000000016
12178.000000000015
15414.500000000015
10835.000000000011
14694.000000000013
12134.00000000001
14764.750000000015
12471.000000000015
14109.000000000015
11325.000000000013
12667.000000000013
11047.00000000001
11590.500000000013
10690.000000000005
10763.750000000011
11865.000000000013
9894.750000000007
12984.000000000013
8628.75000000001
12102.00000000001
8083.000000000008
11074.000000000011
8829.50000000001
11467.000000000013
9747.500000000011
13963.000000000015
9487.500000000011
15470.000000000015
9440.750000000011
14942.000000000016
9063.75000000001
14990.000000000016
9246.00000000001
16795.00000000001
9823.500000000011
17220.00000000001
8889.75000000001
14160.00000000001
8393.50000000001
13150.000000000011
8770.000000000011
13786.000000000013
9001.250000000011
18165.000000000022
8172.000000000006
18043.00000000001
7454.250000000008
8518.000000000005
7000.500000000008
8661.000000000011
7884.000000000008
9901.000000000007
8525.250000000007
9870.000000000007
8580.250000000011
9758.000000000011
8752.25000000001
11641.000000000011
8559.25000000001
14370.000000000015
7914.000000000008
13182.000000000015
7583.000000000007
12122.000000000015
7136.500000000008
13039.000000000013
6813.500000000007
14228.000000000013
7122.000000000007
15160.000000000015
7107.5000000000055
13793.000000000018
7145.250000000007
12537.000000000013
7777.750000000007
12157.000000000005
8208.750000000007
12534.000000000007
8444.00000000001
13876.000000000016
8072.250000000007
15144.000000000016
8006.500000000008
14760.000000000016
8195.25000000001
14676.000000000015
8663.500000000007
15751.000000000018
9474.25000000001
16578.00000000002
10247.500000000011
15327.000000000016
11103.250000000013
14196.000000000016
12003.500000000013
15173.000000000016
12076.250000000013
15652.000000000015
12117.250000000011
15086.00000000002
12811.250000000013
13935.000000000016
12518.000000000013
13999.000000000013
12906.000000000011
13822.000000000015
12990.250000000013
13181.000000000011
13187.250000000015
10979.000000000011
13370.000000000015
9072.000000000011
12925.750000000016
9318.00000000001
13636.000000000015
9641.000000000011
13051.750000000015
9448.000000000005
11839.250000000013
9206.000000000011
12299.000000000013
9856.00000000001
11367.750000000013
10918.000000000011
10312.000000000011
9807.000000000011
10318.000000000011
9328.000000000011
10959.750000000011
9247.00000000001
10906.500000000013
9605.000000000011
10545.750000000011
10475.00000000001