7635.500000000009
8181.000000000008
7612.250000000009
8047.000000000009
7558.250000000008
7897.000000000009
7443.000000000007
7760.000000000006
7347.500000000007
7589.000000000007
7233.750000000007
7514.000000000006
7071.500000000006
7521.000000000007
6924.250000000006
7587.0000000000055
6854.500000000006
7697.000000000009
6778.250000000007
7772.000000000008
6661.000000000007
7764.000000000007
6480.750000000006
7617.000000000008
6295.000000000006
7396.000000000007
6421.750000000006
7193.000000000008
6569.250000000008
6930.000000000008
6686.500000000006
6688.000000000008
6563.000000000006
6483.000000000007
6582.750000000006
6275.000000000008
6357.750000000007
6020.000000000006
6879.750000000008
5747.000000000005
7487.500000000008
5521.0000000000055
7781.500000000007
5325.0000000000055
7632.750000000007
5116.0000000000055
7488.000000000008
5078.0000000000055
7505.750000000008
5158.0000000000055
7300.750000000007
5293.0000000000055
7287.750000000007
5566.0000000000055
7360.000000000006
5905.0000000000055
7170.500000000007
6180.000000000007
6970.750000000007
6450.000000000004
6916.250000000006
6694.000000000004
6576.750000000008
7048.000000000008
6731.7500000000055
7456.000000000006
7206.500000000007
7892.000000000008
7198.250000000007
8321.000000000005
7227.750000000006
8724.000000000005
7326.000000000006
9149.00000000001
7085.500000000007
9527.000000000007
7166.250000000007
9913.000000000005
7459.750000000008
10281.000000000011
6965.750000000007
10617.000000000007
6585.500000000006
11003.000000000013
6305.500000000006
11393.000000000011
6162.250000000006
11906.00000000001
6199.250000000007
12333.00000000001
6200.0000000000055
12669.000000000013
6317.500000000007
12937.000000000011
6423.500000000006
13153.000000000015
6338.000000000007
13242.000000000011
6245.0000000000055
13224.000000000015
6128.2500000000055
13169.00000000001
6084.750000000007
13138.000000000018
6190.500000000006
13065.000000000015
6367.250000000007
13119.000000000011
6454.500000000006
13163.000000000015
6278.500000000005
13214.000000000015
6452.750000000007
13295.000000000016
6588.000000000006
13703.00000000001
6740.750000000007
14394.000000000016
6922.250000000007
14877.000000000015
7140.250000000006
15212.000000000015
7060.250000000006
14858.000000000016
7501.5000000000055
13673.00000000001
8461.500000000007
12746.000000000015
9118.50000000001
12085.000000000011
9317.00000000001
11439.000000000013
9153.75000000001
11036.000000000011
8791.000000000011
11253.000000000015
8130.500000000007
11541.000000000011
7678.750000000007
11950.00000000001
8605.000000000007
11885.000000000011
9951.75000000001
11827.000000000015
11240.750000000011
11931.000000000011
11739.500000000011
12322.000000000013
12213.500000000011
12542.000000000011
13274.500000000011
12790.00000000001
12554.500000000015
13170.000000000018
12658.750000000011
13597.00000000001
13200.000000000013
13985.000000000016
14728.750000000015
14308.000000000011
16129.500000000015
14571.00000000001
15862.750000000018
14888.000000000016
15160.250000000016
14831.000000000015
14796.750000000015
14569.000000000015
15366.000000000013
14754.000000000018
14911.000000000016
15068.00000000002
13968.750000000015
15406.000000000015
13691.750000000016
15805.000000000018
13367.500000000013
16318.000000000016
14790.750000000015
16137.000000000016