13226.750000000013
12655.000000000007
12904.000000000015
12375.000000000013
13278.000000000013
10517.000000000011
13196.250000000011
9954.000000000007
12458.500000000013
11188.000000000011
12585.750000000013
12017.000000000007
13303.500000000011
11477.000000000013
13473.750000000016
11320.000000000013
14395.000000000016
13676.000000000016
15218.750000000016
15999.000000000016
14478.000000000013
16144.000000000016
13525.750000000015
15190.000000000015
13108.500000000013
13843.000000000013
13489.500000000011
13716.000000000015
13182.500000000016
14915.000000000016
14283.500000000016
15921.000000000016
14511.750000000016
15983.000000000016
13363.000000000015
13880.000000000016
13060.750000000013
11444.000000000013
13501.750000000015
13925.000000000015
13653.500000000013
13591.000000000011
12768.500000000011
13479.000000000016
13272.500000000016
13249.000000000013
12966.000000000011
13196.000000000011
12290.000000000013
12461.000000000013
12528.750000000013
11657.000000000005
12440.250000000013
10182.000000000011
12077.250000000013
8324.000000000007
11401.750000000013
7897.000000000009
10777.000000000011
7116.0000000000055
9707.75000000001
6521.000000000003
9550.25000000001
5869.000000000005
9504.500000000011
4840.000000000004
9539.000000000011
4132.000000000002
10191.00000000001
3713.000000000003
10457.750000000011
3306.0000000000036
10370.25000000001
3418.0000000000045
10705.750000000011
3434.000000000003
10313.750000000011
4282.000000000003
10059.25000000001
5276.000000000006
10062.000000000013
5353.0000000000055
10800.250000000011
4789.000000000003
11794.250000000011
4342.0000000000055
12207.250000000015
4519.0000000000055
12154.750000000011
5205.0000000000055
11933.500000000011
5011.0000000000055
11675.000000000013
6355.000000000007
11838.500000000013
7632.000000000008
12118.500000000013
7769.000000000008
12000.750000000013
9558.000000000007
11528.000000000011
10025.000000000013
12281.750000000013
10836.000000000013
14127.500000000013
11234.000000000011
15801.500000000018
12153.000000000007
16107.25000000002
12995.000000000015
14592.000000000011
13390.000000000013
12538.750000000015
14798.000000000015
11251.000000000013
15236.000000000016
10880.750000000013
15842.000000000016
10787.250000000013
16180.000000000015
10751.25000000001
16615.000000000022
10959.00000000001
16455.00000000002
11391.250000000011
15340.000000000016
12111.500000000015
15198.000000000015
12804.000000000013
14942.000000000016
12727.250000000015
12149.00000000001
13846.750000000015
11670.000000000015
13763.250000000015
10624.000000000011
13300.500000000013
10171.00000000001
15183.500000000015
12205.000000000011
15009.000000000016
11309.000000000011
14624.000000000016
10506.00000000001
13542.750000000011
10675.000000000011
14107.250000000016
10298.000000000013
14782.000000000016
10270.000000000011
14098.750000000016
11228.000000000013
13291.500000000013
10563.000000000011
11735.750000000013
8775.00000000001
11465.250000000013
8882.00000000001
11223.750000000011
10617.000000000007
11725.500000000011
10197.000000000011
12368.500000000015
8552.000000000007
12387.75000000001
9865.00000000001
12012.500000000011
12093.000000000007
11197.500000000013
9677.000000000005
11273.500000000011
10708.000000000007
11083.500000000011
10942.000000000011
10602.500000000013
9800.000000000011
10643.750000000011
10016.000000000013
11549.250000000011
10900.000000000011