13510.750000000015
21507.000000000022
13622.000000000015
21334.000000000022
13721.750000000013
21257.000000000025
13769.250000000015
21114.000000000025
13877.750000000015
20958.000000000022
13738.250000000015
20879.000000000022
13825.250000000015
20826.000000000022
14075.750000000015
20944.000000000015
14228.750000000011
21166.000000000022
14408.500000000015
21234.000000000015
14202.250000000016
20881.00000000002
14024.250000000016
20785.000000000022
14396.750000000015
20835.000000000022
14699.750000000016
20841.000000000022
15089.750000000016
20817.000000000022
14753.500000000013
20924.000000000022
14672.750000000015
21040.00000000002
15035.000000000016
21219.000000000025
15747.500000000016
21237.000000000022
15628.750000000015
21341.000000000025
15744.750000000018
21155.000000000022
15370.250000000016
21261.000000000022
15873.500000000015
21344.000000000022
16322.250000000016
21246.000000000022
16047.500000000016
21475.000000000022
15457.000000000015
21265.000000000022
15318.250000000016
21710.000000000022
15463.500000000015
21722.000000000022
15793.000000000016
21443.000000000022
15950.500000000018
21850.000000000022
15930.750000000016
22730.000000000022
15474.750000000016
20552.000000000022
14539.500000000016
21416.000000000015
14013.750000000015
21895.00000000002
14391.500000000015
20472.000000000015
14653.250000000015
21288.000000000022
13791.750000000013
21480.000000000025
13033.250000000015
22052.000000000022
11905.00000000001
23860.000000000022
11110.250000000011
24282.000000000025
11024.000000000011
24728.00000000003
11078.500000000011
25102.000000000025
10802.000000000011
24281.00000000002
10595.00000000001
24835.000000000022
10755.250000000011
22913.000000000025
10716.500000000011
23849.000000000022
10181.50000000001
24665.00000000003
8812.25000000001
23495.00000000003
8424.25000000001
25223.000000000025
9458.75000000001
26280.00000000002
10215.500000000011
26188.00000000002
9719.50000000001
25355.000000000025
9784.75000000001
24049.000000000015
10201.500000000011
22521.00000000003
10750.500000000011
22342.000000000025
10766.000000000011
23396.000000000015
10088.500000000011
22667.000000000025
10750.000000000013
21312.000000000022
12398.250000000011
23332.000000000033
13843.500000000015
25353.00000000003
13838.000000000013
25587.000000000025
13624.250000000015
23920.000000000033
13524.000000000013
21530.000000000022
13933.250000000013
20991.000000000022
12124.500000000015
20617.00000000002
11889.000000000013
20488.000000000015
11790.750000000011
20677.00000000002
11260.500000000013
21282.000000000022
11492.250000000011
22280.00000000003
11799.750000000013
23313.000000000025
11471.00000000001
22199.000000000025
11502.000000000011
20152.000000000015
11652.750000000011
19411.00000000002
11781.500000000013
19358.000000000022
11616.500000000015
19517.000000000025
11496.250000000011
19237.000000000015
11013.500000000011
18465.00000000002
10912.25000000001
18312.000000000022
10428.500000000011
17761.000000000007
10318.500000000011
18302.000000000022
10484.250000000011
18173.000000000015
10447.000000000013
17880.000000000022
10327.000000000011
17595.00000000002
10436.00000000001
18049.000000000015
10703.750000000011
18460.000000000015
10824.250000000011
17137.000000000015
10555.50000000001
18035.000000000015
10693.500000000013
18726.00000000002
10962.500000000011
18449.000000000022
11456.250000000013
18182.00000000001