20783.00000000002
20161.000000000025
20553.00000000002
19899.00000000002
20425.50000000002
19547.000000000022
20190.750000000022
19496.000000000015
20013.250000000022
19164.000000000025
20009.250000000022
18762.000000000022
19880.75000000002
18427.000000000022
19198.500000000015
18258.00000000001
18596.000000000022
17828.00000000001
17872.250000000015
17602.00000000001
17266.50000000002
17574.00000000002
16863.50000000002
17412.000000000007
17348.250000000015
17501.000000000015
17301.50000000002
17777.000000000007
16754.00000000002
17956.000000000015
16857.50000000002
18150.000000000022
16240.750000000016
18336.000000000022
15892.500000000013
18487.000000000015
16011.500000000015
18527.00000000002
17142.00000000002
18283.00000000002
17631.50000000002
18171.000000000015
16534.00000000002
18091.000000000022
16061.750000000015
17876.00000000001
14791.250000000013
17598.00000000002
14021.000000000015
17147.000000000022
13362.500000000015
16661.000000000015
13347.250000000013
16126.000000000018
13844.750000000015
15746.000000000015
14217.500000000016
15573.000000000016
14632.500000000016
15479.000000000016
14841.500000000013
15584.000000000016
15280.750000000016
15902.000000000016
15248.500000000013
16221.000000000016
14801.750000000013
16298.000000000016
14714.250000000015
16364.000000000016
14246.000000000015
16649.000000000015
13506.500000000015
16815.000000000015
13051.500000000015
16856.00000000001
12827.500000000015
16768.000000000015
13015.750000000013
16716.00000000001
13046.000000000013
16620.000000000022
13180.500000000013
16454.00000000002
13736.500000000015
16263.000000000018
14420.500000000016
16130.000000000018
14312.250000000011
16483.00000000002
13821.000000000015
16735.00000000001
13164.750000000013
17168.000000000015
12110.500000000013
18274.000000000022
11740.250000000015
19250.000000000022
11849.750000000015
20053.000000000022
11656.250000000011
20541.000000000022
11720.500000000011
20640.000000000015
12367.000000000013
21783.000000000025
12706.500000000013
22256.000000000025
12630.500000000013
22536.000000000025
12450.500000000013
22902.000000000025
11667.000000000013
22724.000000000022
10692.25000000001
23116.000000000022
10569.250000000013
24158.000000000025
10855.000000000013
24420.00000000002
11516.250000000013
24611.000000000022
11681.500000000015
24628.000000000025
11330.250000000013
24608.000000000025
10282.000000000011
24756.00000000002
10344.500000000011
24867.000000000025
12045.500000000011
25107.00000000002
12029.000000000013
25255.00000000003
11385.750000000011
25183.000000000033
12089.750000000013
24396.00000000003
12780.250000000011
23871.000000000025
12612.250000000013
24303.000000000022
13164.250000000016
23243.00000000003
13415.000000000015
22487.000000000022
14688.000000000015
22407.000000000025
14781.000000000016
21811.000000000025
15461.750000000016
23242.000000000025
16195.500000000018
21897.000000000025
16258.75000000002
20158.00000000002
15218.000000000016
19787.000000000015
15858.000000000018
21500.000000000022
16256.250000000016
21861.000000000022
16186.250000000015
20007.00000000002
16912.00000000002
18145.000000000022
17170.00000000002
16056.000000000016
17152.500000000015
18857.000000000015
17780.50000000002
16468.000000000022
17188.00000000002
15904.000000000016
17035.00000000002
19171.00000000001
16897.000000000015
19131.000000000015
17257.000000000022
13952.000000000016