12902.000000000013
11556.000000000011
12899.250000000013
11744.000000000007
12594.500000000011
11349.000000000011
12352.750000000015
10807.000000000011
12534.000000000013
10426.000000000007
13155.500000000011
10304.00000000001
13559.000000000011
11801.000000000015
14032.000000000015
13075.000000000011
14495.500000000016
12923.000000000013
14675.750000000018
12067.000000000011
15261.750000000015
11099.000000000011
15756.000000000015
9259.00000000001
14566.500000000016
9811.000000000013
14565.250000000016
9991.000000000011
14440.250000000018
9874.00000000001
14290.500000000015
10668.000000000011
14070.750000000016
11191.000000000011
13322.750000000013
11490.000000000011
13499.000000000015
12072.00000000001
15061.750000000016
12062.000000000007
15264.500000000015
13671.000000000015
15053.750000000015
14963.000000000011
14461.250000000015
15380.000000000018
13916.000000000013
15704.000000000018
13999.750000000015
15435.000000000016
13859.750000000015
15443.000000000018
13091.250000000015
15783.000000000016
13491.250000000015
15999.000000000016
13489.500000000016
16079.000000000018
13255.75000000001
16256.000000000015
12716.000000000013
16284.000000000018
12658.250000000011
16470.00000000002
12734.250000000013
16429.00000000001
12263.250000000013
16564.00000000001
12113.250000000013
16544.000000000007
12270.500000000013
16234.000000000016
12110.000000000013
16141.000000000015
12129.500000000013
16134.000000000015
11869.250000000013
15792.000000000015
11655.750000000013
15589.000000000016
10888.250000000011
15443.000000000018
10770.250000000011
15550.000000000016
10739.250000000011
15731.000000000015
10976.50000000001
15170.000000000016
10922.750000000011
15014.000000000015
10773.000000000011
15472.000000000015
10579.000000000013
15734.000000000018
10327.250000000011
15227.000000000018
10094.250000000011
15154.000000000018
10073.25000000001
15585.000000000016
10265.00000000001
16018.000000000015
9913.000000000011
15858.000000000018
9580.00000000001
15879.000000000016
9453.500000000011
15861.000000000016
9303.750000000011
14421.000000000015
9054.00000000001
13114.000000000016
9001.25000000001
13488.000000000015
9039.000000000007
13110.00000000001
9299.250000000011
12807.000000000015
9681.250000000011
12948.000000000013
9807.500000000011
13265.000000000016
9831.500000000011
12768.000000000011
10110.25000000001
11752.00000000001
10303.750000000013
12128.000000000011
10422.250000000011
12277.000000000013
10494.750000000011
11437.000000000013
10252.250000000011
11620.000000000016
9447.50000000001
11221.000000000013
9109.000000000011
12202.000000000013
9682.25000000001
13577.000000000011
10216.500000000011
12563.000000000011
10344.250000000011
11764.000000000011
10445.250000000007
10447.00000000001
11125.750000000013
8673.000000000011
10770.75000000001
8706.000000000011
10554.000000000011
10266.000000000007
11621.000000000013
11599.00000000001
11782.000000000013
11662.00000000001
12194.500000000013
10663.000000000011
11596.500000000011
9719.000000000011
11089.500000000013
10727.000000000013
11193.000000000011
12643.000000000013
11442.500000000011
11930.000000000011
12308.500000000015
10638.000000000011
12825.750000000015
9122.000000000011
13154.250000000011
8213.000000000005
13270.250000000016
8758.000000000007
13574.000000000015
10457.000000000007
13760.250000000016
11763.000000000011
13882.000000000015
10897.000000000013