26204.000000000022
26337.000000000025
27053.250000000033
27280.00000000003
27111.50000000003
27421.00000000002
26977.75000000003
27253.000000000022
26155.25000000003
27332.00000000003
25855.250000000025
27360.000000000033
26310.500000000025
27387.000000000033
25963.750000000033
27390.000000000025
25353.500000000025
27418.000000000025
25471.750000000022
27536.000000000033
25710.25000000003
27613.000000000033
25466.750000000022
27621.000000000033
25292.00000000003
27727.00000000002
25995.00000000003
27871.000000000022
26068.750000000025
27929.000000000022
25698.750000000025
28029.00000000003
24584.500000000025
28124.000000000033
23931.000000000022
28173.000000000022
23774.50000000003
28150.000000000025
24269.250000000025
28146.000000000015
24185.500000000022
28171.00000000003
23001.250000000022
28193.000000000015
22663.000000000022
28211.00000000003
21625.750000000025
28227.000000000025
20659.250000000022
28231.00000000003
19712.250000000022
28165.000000000025
20390.000000000022
28192.00000000003
21265.500000000022
28160.000000000022
21921.500000000025
28014.00000000002
21614.250000000022
27843.000000000033
22123.00000000003
27754.000000000025
22296.750000000025
27701.000000000025
21369.750000000022
27630.000000000033
20850.500000000022
27592.00000000003
20082.750000000022
27589.000000000036
20175.750000000022
27607.00000000003
19740.750000000022
27586.000000000036
16020.250000000018
27633.00000000002
13361.500000000015
27656.000000000033
12748.50000000001
25775.00000000002
12196.750000000013
23868.00000000003
10742.750000000013
21965.000000000015
11152.000000000015
19076.00000000002
10952.50000000001
17040.00000000001
10989.750000000013
17543.000000000022
10216.500000000011
18177.00000000002
10639.750000000011
20636.000000000022
11084.25000000001
21393.000000000022
12377.500000000013
21046.00000000002
12799.750000000013
21064.000000000022
13065.750000000013
22871.000000000025
13094.750000000016
26256.000000000015
13218.000000000013
27082.000000000025
13491.750000000016
27882.00000000003
13703.500000000016
28089.00000000003
13684.000000000015
27850.00000000003
13856.250000000016
28015.000000000033
13960.500000000011
27973.00000000003
14658.000000000016
27795.000000000036
15069.500000000016
26537.00000000002
15289.750000000016
24183.000000000022
15209.750000000016
21664.000000000025
15324.250000000013
21086.00000000002
15357.250000000016
21449.000000000025
15694.000000000016
20186.000000000022
16062.000000000018
17827.00000000002
16017.000000000018
16388.000000000015
15434.250000000016
16675.00000000002
15658.000000000016
17842.00000000002
16017.500000000016
19411.00000000002
16704.000000000015
21563.000000000022
15826.750000000016
23394.000000000015
15480.000000000016
23961.000000000025
16392.00000000002
23940.000000000015
17526.25000000002
24073.00000000002
17378.00000000002
24193.00000000002
16843.50000000002
24694.00000000002
17732.75000000002
24760.000000000025
19110.25000000002
23594.00000000003
20316.50000000002
22863.000000000022
19771.250000000015
23464.000000000022
19576.25000000002
23300.000000000015
18900.00000000002
21560.00000000002
18719.50000000002
19572.000000000015
18383.50000000002
18236.000000000022
18955.75000000002
17404.00000000001
19318.00000000002
16369.000000000015
16411.25000000002
12128.000000000011
16560.250000000015
13698.000000000011
19533.00000000002
19414.000000000022