6263.2500000000055
2495.0000000000023
6447.250000000006
2463.0000000000027
6408.750000000006
2453.0000000000023
6446.000000000007
2442.0000000000027
8811.75000000001
2414.0000000000023
8808.00000000001
2372.0000000000027
9152.750000000011
2326.0000000000027
9151.250000000007
2280.0000000000014
7824.250000000006
2208.0000000000014
6947.250000000007
2142.000000000002
7593.750000000007
2120.0000000000023
8091.250000000008
2108.0000000000023
8144.750000000008
2090.0000000000014
8097.000000000007
2100.000000000002
8086.500000000009
2095.0000000000023
8267.000000000007
2117.000000000002
8311.00000000001
2084.0000000000014
8221.25000000001
2048.0000000000014
8676.25000000001
2052.0000000000023
8383.50000000001
2111.000000000002
8319.00000000001
2270.000000000003
8751.750000000007
2579.0000000000027
9019.50000000001
2839.000000000003
8831.000000000007
3077.000000000003
8507.750000000007
3254.000000000003
8675.50000000001
3425.000000000004
9216.000000000007
3702.0000000000036
9337.50000000001
3875.0000000000036
8643.25000000001
4104.0000000000055
7727.250000000008
4357.000000000005
7663.500000000007
4365.000000000005
7503.000000000007
4575.000000000005
7380.250000000007
4784.000000000006
7463.500000000008
4953.0000000000055
7749.750000000006
5060.0000000000055
7650.000000000007
5212.0000000000055
7555.500000000006
5714.000000000005
7607.250000000008
5992.000000000006
7583.000000000007
5255.000000000004
7473.000000000007
5156.000000000004
7609.500000000008
4846.000000000003
7666.500000000007
4832.000000000004
7442.750000000007
5030.0000000000055
7371.000000000008
5245.000000000006
7407.000000000007
5294.000000000005
7321.000000000007
5593.0000000000055
7368.250000000006
5660.000000000006
7293.750000000008
5157.000000000006
7050.000000000007
5072.0000000000055
7216.750000000006
5167.0000000000055
7227.250000000007
5342.0000000000055
7608.750000000007
5663.000000000006
7659.250000000008
5703.0000000000055
7877.750000000009
5067.000000000006
7900.500000000008
5239.0000000000055
7896.500000000008
5457.000000000004
7684.250000000008
5949.000000000006
7745.000000000009
6354.0000000000055
7927.750000000008
6765.000000000008
7827.000000000007
7470.000000000006
7866.000000000006
7637.000000000006
8328.000000000007
7440.000000000008
8582.500000000007
7404.000000000007
8138.000000000009
7291.0000000000055
7557.750000000008
7460.000000000007
7424.500000000008
7669.000000000008
8506.00000000001
7637.000000000006
9119.50000000001
7537.000000000005
9228.25000000001
7412.000000000008
9137.000000000011
6921.000000000007
8319.50000000001
6707.000000000005
7949.750000000008
6623.000000000005
8362.75000000001
6375.000000000006
8596.75000000001
6764.000000000008
8571.000000000007
7237.000000000007
8125.500000000008
7399.000000000007
8304.50000000001
7406.000000000008
8388.25000000001
7602.000000000008
8491.500000000007
7844.000000000008
8374.75000000001
8204.00000000001
8494.75000000001
8702.000000000005
8459.25000000001
9121.000000000011
8304.25000000001
9221.000000000011
8268.50000000001
9080.00000000001
8370.000000000007
9559.000000000011
8998.50000000001
16808.00000000001
9199.50000000001
18359.00000000002
8425.75000000001
11574.000000000015
8115.000000000007
9473.00000000001
8060.250000000008
9838.000000000011