23992.250000000025
20436.000000000022
23627.75000000002
21826.000000000025
23181.250000000022
21931.000000000025
22552.250000000022
21467.000000000025
22287.500000000022
21784.000000000025
22183.000000000025
21588.000000000022
22443.750000000022
21223.000000000025
22442.000000000022
20993.000000000025
22282.000000000022
21225.00000000002
22837.250000000025
20251.000000000022
22515.250000000022
20800.000000000022
22637.500000000022
20718.000000000025
22696.500000000025
21117.000000000022
22895.750000000025
21662.000000000025
22643.250000000022
21618.000000000025
22752.500000000022
21172.000000000022
22671.500000000025
21615.000000000025
22814.750000000025
21408.00000000002
22896.500000000022
22227.000000000025
22867.250000000025
21674.000000000022
23070.000000000022
21540.000000000025
22966.000000000022
21859.000000000025
22674.750000000025
21514.00000000002
22625.250000000025
22532.000000000025
22890.000000000022
23081.000000000025
22728.750000000022
22572.000000000022
22751.500000000022
22812.000000000022
23164.00000000003
22993.000000000025
23137.750000000022
23148.000000000022
23027.000000000022
23547.00000000003
22449.250000000025
23417.00000000003
21803.500000000022
23360.000000000015
21244.750000000025
23234.00000000002
21014.750000000022
22880.00000000003
20223.750000000022
23478.00000000002
19602.75000000002
23337.00000000002
18474.00000000002
23456.000000000015
17130.750000000015
22891.00000000003
16587.75000000001
23152.000000000025
17281.500000000015
23413.000000000025
17330.000000000015
22196.000000000022
16534.750000000015
19489.00000000002
15871.500000000016
20932.000000000025
15664.750000000015
20367.00000000002
15344.000000000015
22283.000000000022
16312.500000000016
22944.000000000025
17125.000000000022
23345.000000000015
17058.25000000002
24125.000000000022
17093.00000000002
22833.000000000025
17193.75000000002
22044.000000000022
17209.250000000015
24057.00000000003
17653.75000000002
24974.00000000003
18014.250000000015
26286.000000000033
18100.500000000015
25439.00000000002
17742.75000000002
23879.000000000022
18589.00000000002
25636.00000000003
19061.750000000022
26615.00000000003
18707.25000000002
26894.00000000003
19037.250000000022
26196.000000000033
19738.000000000022
26407.000000000022
20214.250000000022
26008.000000000025
20199.50000000002
27013.000000000033
20471.75000000002
27259.000000000022
20424.000000000022
27148.00000000003
19950.750000000015
27311.000000000025
19912.500000000022
26646.00000000002
19979.000000000022
26303.000000000033
20214.250000000022
25648.000000000015
20158.000000000025
25092.00000000002
20360.000000000022
23988.00000000003
20911.250000000022
23232.00000000002
21083.75000000002
22660.000000000022
20778.750000000022
22192.000000000022
20789.75000000002
22019.000000000022
21072.25000000002
21304.000000000025
21147.00000000002
21266.000000000025
21118.250000000025
21254.000000000022
21278.50000000002
20404.000000000022
21473.000000000022
20761.000000000015
21413.500000000022
20925.000000000022
21523.500000000022
19891.000000000022
21497.750000000022
18391.00000000002
21387.500000000022
19259.00000000002
21008.250000000022
18326.000000000022
21185.50000000002
19814.000000000022
21359.750000000022
22103.000000000025
21020.25000000002
22765.000000000022
21290.000000000025
22885.000000000025
21081.250000000015
22724.000000000022
21223.250000000025
22101.000000000022