15535.250000000015
15209.000000000016
13374.250000000015
9622.00000000001
13082.250000000015
10385.000000000011
12041.500000000013
11496.000000000015
11836.250000000015
12473.000000000016
12358.000000000011
12003.000000000013
11977.250000000011
11562.000000000013
11916.250000000013
15420.000000000011
13495.750000000015
16833.000000000015
13855.500000000015
15456.000000000018
14166.500000000015
16952.000000000015
13639.000000000015
16887.00000000001
13548.000000000015
14491.000000000011
13409.750000000013
16186.000000000013
13279.250000000015
18382.000000000022
13394.000000000015
21608.00000000001
13047.250000000015
22043.000000000025
12560.250000000011
17072.000000000022
11814.250000000011
13814.000000000016
12231.50000000001
13290.000000000015
11489.000000000011
13359.000000000013
10855.750000000011
14075.000000000013
10932.500000000011
14084.00000000001
10988.000000000013
12163.00000000001
10627.750000000013
11517.000000000013
10563.000000000011
11795.000000000011
9318.250000000011
10280.000000000011
8134.750000000009
8122.000000000007
8194.50000000001
6194.0000000000055
8137.750000000009
7816.000000000008
8988.00000000001
8155.000000000009
9055.25000000001
8868.00000000001
7784.500000000008
9958.000000000005
7389.750000000007
13615.000000000013
8119.250000000007
16543.000000000007
8124.50000000001
15958.000000000018
7743.000000000009
16162.000000000018
7488.5000000000055
13301.000000000016
7700.500000000008
10190.000000000007
6872.250000000006
10668.000000000013
6313.250000000006
11574.000000000011
6564.750000000007
13136.000000000011
6767.750000000007
14822.000000000013
7073.000000000006
12222.000000000011
7755.000000000008
9342.000000000005
8347.500000000007
9848.000000000007
8157.000000000006
12446.000000000013
7711.250000000008
11455.000000000013
7847.250000000006
10573.000000000013
7621.000000000006
11640.000000000016
7223.750000000006
13501.000000000011
7665.500000000007
13142.000000000013
8149.750000000009
12060.000000000013
7906.500000000007
11052.000000000011
7424.750000000007
11168.000000000013
6418.000000000007
9896.00000000001
6661.500000000007
9494.000000000005
7267.250000000006
10417.000000000011
7717.250000000009
11017.000000000013
7997.000000000008
11606.000000000007
7509.500000000008
11835.000000000007
7933.750000000007
12635.000000000015
8315.75000000001
11562.000000000013
8865.000000000011
10523.000000000011
8761.00000000001
9519.00000000001
8308.25000000001
8278.000000000007
9325.00000000001
7325.000000000007
9213.25000000001
8533.000000000005
8868.75000000001
7770.000000000008
8967.25000000001
7037.000000000008
10107.750000000011
6626.000000000006
11342.000000000011
5745.000000000006
10993.500000000015
4211.000000000004
10598.000000000011
6075.000000000005
10954.250000000011
7942.000000000009
11796.750000000013
7767.000000000008
11634.000000000013
7036.000000000008
11242.250000000011
7347.000000000009
11739.500000000011
9596.000000000007
12360.500000000011
10385.000000000011
12313.750000000013
11148.000000000011
11934.000000000015
11356.000000000013
13200.000000000015
13313.000000000013
8073.000000000008
8064.000000000008
6772.750000000007
6668.000000000007
6912.000000000002
9468.000000000011
6912.000000000002
12360.000000000015
6912.000000000002
7196.000000000008
6912.000000000002
6856.000000000007
6912.000000000002
6912.000000000002