10724.250000000011
14548.000000000016
10785.000000000011
12966.000000000015
10754.250000000011
11746.000000000015
10735.750000000011
10734.00000000001
10860.500000000013
9911.00000000001
11079.250000000013
9063.000000000007
11349.500000000011
7829.000000000008
11732.750000000013
6515.000000000007
11937.250000000015
5690.000000000005
12021.750000000013
5124.0000000000055
12072.500000000013
4888.000000000003
12064.000000000011
4907.0000000000055
11962.500000000011
5252.0000000000055
11949.000000000013
5523.000000000005
12047.500000000013
5675.000000000006
12261.500000000015
5919.000000000007
12468.500000000011
6194.0000000000055
12451.000000000013
6700.000000000007
12293.500000000013
7442.000000000008
11985.50000000001
7803.000000000009
11457.250000000013
7837.000000000009
11076.500000000011
7626.000000000007
10788.000000000011
6863.000000000007
10695.750000000011
5879.000000000004
10883.750000000011
5140.0000000000055
11046.500000000011
4985.0000000000055
11115.250000000013
5829.0000000000055
11490.500000000013
6847.000000000006
11807.50000000001
7514.000000000009
12098.500000000013
8251.00000000001
12087.500000000013
8817.000000000011
12347.500000000015
9375.000000000007
13129.750000000015
9886.000000000007
14477.500000000013
10180.000000000011
15592.000000000015
10091.000000000007
16017.250000000016
9802.000000000007
15857.500000000015
9699.000000000011
15728.500000000016
10197.000000000011
15317.750000000016
11109.000000000013
14964.000000000016
11948.000000000011
14964.750000000015
12377.00000000001
14902.000000000016
12117.000000000015
15123.750000000016
11962.000000000011
15190.500000000018
11886.000000000011
15075.000000000013
11390.000000000011
14838.500000000015
10895.000000000011
14572.000000000013
10226.000000000011
14593.250000000013
9691.00000000001
14436.250000000015
9758.000000000011
14331.750000000015
10284.000000000011
14040.000000000013
11526.000000000013
13626.500000000013
13306.00000000001
13058.250000000013
14316.000000000016
13699.500000000016
15023.000000000016
14122.250000000016
15845.000000000015
14109.250000000016
15184.000000000018
14988.000000000016
14396.000000000015
14989.000000000013
13847.000000000013
14521.250000000013
13287.000000000011
15070.500000000013
14061.000000000016
15665.000000000015
15367.000000000016
15923.500000000016
17192.00000000001
16457.500000000015
18760.000000000022
16990.750000000015
19069.000000000015
17371.25000000002
18542.00000000002
17261.00000000002
17618.00000000001
16557.000000000015
14971.000000000016
15839.250000000015
13195.000000000011
15289.250000000018
12918.000000000013
15015.500000000016
13394.000000000011
16271.250000000016
13337.00000000001
16704.00000000002
13843.000000000016
16751.50000000002
14391.000000000015
16560.250000000015
14443.000000000016
16644.50000000002
14565.000000000015
16739.000000000015
14677.000000000018
16046.000000000015
15344.00000000002
15678.750000000015
15355.000000000013
16117.000000000015
14963.000000000011
16901.750000000015
15851.000000000015
17272.25000000002
16993.00000000001
17150.500000000015
17617.00000000001
16529.75000000002
18668.000000000022
16202.000000000015
19703.000000000025
16141.250000000015
19845.00000000002
17415.75000000002
19114.000000000022
19591.500000000022
17575.000000000022
18971.500000000022
17429.000000000022
16245.000000000015
17931.000000000022
16449.50000000002
18383.000000000015