9945.25000000001
11227.000000000013
9758.00000000001
10611.000000000013
9485.500000000011
10273.000000000011
9396.50000000001
10653.000000000011
9903.250000000011
12097.000000000015
10066.50000000001
13229.000000000015
10096.000000000011
13739.000000000013
9969.500000000011
14576.000000000018
10075.500000000011
14108.000000000015
9704.250000000011
13198.000000000015
9703.00000000001
13263.000000000015
10179.000000000011
13440.000000000011
9619.250000000011
13340.000000000015
9216.75000000001
13222.000000000013
9066.250000000007
12415.000000000013
9167.75000000001
11926.000000000007
8879.50000000001
11544.000000000011
8367.00000000001
11933.000000000011
8362.500000000007
11988.000000000013
9238.50000000001
12096.000000000013
10131.500000000013
11993.000000000011
10756.250000000011
11882.000000000013
10807.25000000001
12199.000000000007
9741.750000000007
11355.000000000011
8548.00000000001
10767.00000000001
7786.750000000008
10878.000000000013
7793.000000000008
10667.000000000011
8400.25000000001
11473.000000000013
8192.500000000007
11230.000000000013
8428.75000000001
10448.000000000011
9357.750000000007
10859.000000000011
9567.00000000001
10687.000000000011
8911.25000000001
9374.000000000011
8948.25000000001
11120.000000000013
9967.000000000011
10180.000000000013
10763.000000000013
10818.00000000001
10854.500000000013
11790.000000000013
10979.000000000013
11789.000000000007
11022.250000000011
11429.000000000015
10815.500000000011
10709.00000000001
10321.250000000011
9674.00000000001
10612.750000000011
8739.000000000005
11805.250000000013
8892.000000000005
11538.000000000013
10645.000000000011
11119.750000000011
10462.000000000011
9995.500000000013
10195.000000000013
9853.000000000011
9853.00000000001
9557.25000000001
9180.00000000001
9413.250000000007
9746.000000000011
9293.750000000011
9275.000000000011
9866.750000000011
8674.000000000007
10525.250000000011
8319.00000000001
11166.25000000001
8361.000000000007
11608.250000000013
8812.000000000007
11864.000000000013
8717.000000000011
12380.500000000015
8315.000000000011
12734.250000000013
9046.000000000011
12888.000000000013
8813.000000000011
12263.750000000011
8494.00000000001
11670.000000000011
8872.000000000007
10989.250000000011
8544.000000000007
11036.50000000001
9097.000000000005
11073.250000000013
9747.000000000011
10582.000000000013
9642.000000000007
10250.750000000011
10077.000000000011
10534.750000000011
10946.000000000011
11523.500000000011
10370.000000000011
11619.500000000015
11461.000000000011
12204.250000000013
11126.000000000011
14090.000000000013
11575.000000000011
13395.250000000015
11709.00000000001
13971.000000000011
11339.000000000013
13564.000000000013
11338.000000000011
13574.000000000015
12016.000000000007
13310.250000000013
11731.000000000015
12365.500000000011
11193.000000000011
12150.250000000013
10574.00000000001
12332.500000000011
10114.000000000007
12120.000000000013
9916.000000000007
11475.250000000011
9916.000000000007
11242.000000000011
10035.000000000011
11170.000000000011
10053.000000000007
11161.000000000011
10287.000000000011
10425.500000000011
10323.00000000001
10486.00000000001
14139.000000000015
10842.750000000011
15095.000000000016
11483.750000000011
10956.000000000013
11637.000000000013
10803.00000000001
12038.250000000011
11246.000000000011
12702.750000000011
11190.000000000011