0.0
0.0
0.0
0.0
5010.2500000000055
5016.0000000000055
19230.500000000015
8752.00000000001
18719.75000000002
4534.000000000003
19032.75000000002
6634.000000000006
18624.25000000002
6763.000000000006
17961.50000000002
5971.000000000006
17017.00000000002
4657.000000000004
16243.00000000002
3335.0000000000036
15874.250000000016
3082.0000000000027
15599.250000000016
2659.0000000000027
15660.500000000015
2640.000000000003
15898.000000000015
2623.0000000000027
16138.000000000016
2876.0000000000027
16246.000000000018
3231.0000000000036
16339.500000000016
3615.0000000000027
16205.750000000015
4183.000000000003
15784.000000000016
4252.000000000003
15280.000000000018
4411.000000000005
14582.500000000013
4948.000000000005
14402.000000000015
5659.000000000006
15331.500000000016
6687.000000000006
16650.250000000015
6028.000000000006
17065.500000000015
5339.000000000004
17329.50000000002
4675.000000000005
17597.750000000015
4274.000000000005
17934.25000000002
5341.000000000006
17002.500000000022
4778.0000000000055
14604.500000000015
5357.000000000006
12651.000000000013
7466.000000000008
11595.500000000013
7617.000000000008
10509.500000000013
7833.000000000007
10073.75000000001
9349.000000000011
10291.750000000011
10308.00000000001
9282.500000000011
10970.000000000013
7954.250000000008
9429.000000000007
8764.75000000001
8770.000000000005
8853.250000000007
7907.000000000008
8775.50000000001
5735.000000000006
8271.75000000001
3949.0000000000045
7890.750000000009
3376.000000000003
8053.750000000008
3220.0000000000023
8053.250000000009
3221.000000000002
7846.500000000008
3066.0000000000036
7497.000000000007
2923.0000000000023
7512.000000000008
2716.0000000000023
7823.000000000008
2640.000000000003
7207.750000000008
2598.000000000003
6296.000000000006
2604.0000000000027
6332.250000000006
2757.0000000000023
7128.000000000006
2966.000000000002
7569.000000000006
3112.0000000000027
7269.500000000007
3386.000000000004
6989.000000000007
4080.000000000005
7232.500000000006
4723.0000000000055
8139.500000000009
5160.000000000004
9232.75000000001
5246.000000000003
9838.750000000011
5134.000000000006
10265.50000000001
5322.0000000000055
11134.750000000011
5606.000000000006
11573.750000000013
5767.000000000006
11032.250000000011
6000.000000000004
10676.250000000013
6412.000000000008
11155.500000000013
6179.0000000000055
10490.500000000011
6185.000000000006
10863.750000000011
6389.000000000004
10900.50000000001
6598.0000000000055
10377.75000000001
6990.000000000007
10439.250000000011
7215.0000000000055
9953.25000000001
7424.000000000007
9543.750000000011
7757.000000000006
9608.00000000001
7829.000000000008
9705.50000000001
7979.000000000007
9307.00000000001
8046.000000000008
9199.75000000001
8164.000000000008
9323.50000000001
8621.000000000007
9367.500000000007
9040.000000000007
9383.50000000001
8526.00000000001
9586.500000000011
8255.000000000007
9298.00000000001
8000.000000000007
9163.00000000001
7714.000000000006
8987.000000000007
7761.000000000006
8628.750000000007
7993.000000000009
8878.50000000001
8085.000000000007
8607.50000000001
6796.0000000000055
12997.750000000013
10725.000000000013
5416.0000000000055
7095.000000000005
0.0
6229.000000000004
0.0
3656.000000000003