16536.50000000002
16916.00000000001
16400.250000000015
16941.000000000022
16281.750000000016
16882.00000000002
16285.500000000015
16681.00000000002
16660.750000000015
16270.000000000016
16703.000000000022
15899.000000000016
15743.500000000016
16590.00000000002
15950.000000000016
16917.00000000001
15838.000000000016
17969.000000000022
16322.500000000016
18026.00000000002
15704.250000000015
17216.00000000002
14764.750000000013
16976.00000000001
15343.250000000016
17057.000000000015
14670.750000000015
17334.000000000015
13551.750000000013
17204.00000000001
13280.50000000001
17325.00000000002
12095.250000000015
17815.000000000022
11473.500000000013
17760.000000000015
11028.750000000011
17016.000000000022
10630.25000000001
16277.000000000015
10484.000000000011
16189.000000000016
10291.25000000001
15892.000000000016
9922.000000000011
15936.000000000016
9373.00000000001
16084.000000000016
8398.00000000001
16292.000000000018
7844.750000000007
16338.00000000002
7430.000000000007
16115.000000000013
8559.000000000007
16373.000000000018
8960.50000000001
16519.00000000002
7855.250000000006
16055.000000000018
6320.000000000006
16138.000000000015
5883.000000000006
16356.000000000016
5712.7500000000055
16460.00000000001
5819.750000000006
16226.000000000015
6877.250000000008
14869.000000000016
7976.500000000008
14581.000000000016
7503.250000000007
14897.000000000016
7190.000000000008
15273.000000000015
6924.250000000007
15322.000000000016
7015.750000000006
14966.000000000015
7191.2500000000055
14585.000000000015
7130.500000000007
14120.000000000013
7426.750000000005
14143.000000000015
7470.500000000008
14882.000000000016
6854.250000000007
15666.000000000018
6398.500000000005
15198.000000000015
6921.250000000008
15353.000000000007
7324.000000000007
14105.000000000013
7554.500000000008
11901.000000000011
7870.500000000006
10024.000000000013
8262.75000000001
8802.000000000011
8695.75000000001
9726.000000000007
8741.25000000001
10527.000000000011
8822.00000000001
8294.000000000007
8915.75000000001
7818.000000000009
9350.25000000001
10012.000000000013
10004.000000000011
10729.000000000011
10770.250000000011
12512.000000000015
11070.750000000011
11652.000000000007
10241.500000000011
9928.000000000011
8292.500000000007
9889.00000000001
6929.250000000007
11840.000000000011
7610.500000000008
13383.00000000001
9160.75000000001
14209.000000000016
10895.500000000011
14535.000000000016
12457.250000000013
14724.00000000001
13581.250000000015
14941.000000000016
14026.000000000013
14963.000000000011
14210.750000000015
14955.000000000018
14422.250000000018
15304.000000000018
14403.250000000016
14717.000000000016
14242.000000000013
14607.000000000016
14101.750000000013
14685.000000000015
14261.000000000015
14545.000000000016
14362.500000000016
14696.000000000016
14395.500000000013
14795.000000000016
14411.500000000013
14592.000000000016
14514.250000000015
14558.000000000015
14483.500000000015
14729.000000000016
14419.500000000015
14792.000000000016
14370.750000000015
14601.000000000015
14330.500000000015
14515.000000000007
14484.500000000015
14871.000000000015
14521.000000000015
15005.000000000015
14460.750000000015
14643.000000000011
14378.000000000016
14463.000000000018
14585.500000000016
14441.000000000013
14570.750000000016
13987.000000000015
14548.750000000015
14125.000000000011
14294.250000000015
14210.000000000007