7626.750000000008
7572.000000000008
7761.750000000007
7631.000000000008
7902.500000000006
7725.000000000008
8064.000000000009
7918.00000000001
8186.500000000008
8126.000000000009
8301.75000000001
8402.000000000004
8464.00000000001
8743.000000000007
8584.50000000001
9041.000000000011
8829.25000000001
9485.00000000001
8965.50000000001
9867.000000000005
9101.25000000001
10284.00000000001
9241.750000000011
10675.000000000011
9360.00000000001
11046.00000000001
9507.75000000001
11456.000000000013
9579.500000000007
11862.000000000013
9658.000000000011
12222.000000000011
9775.500000000005
12465.00000000001
9990.000000000011
12566.000000000007
9988.50000000001
12617.000000000011
10013.50000000001
12543.000000000013
10177.50000000001
12451.000000000015
10165.250000000011
12334.000000000015
10129.00000000001
12144.000000000011
10099.750000000011
11939.000000000007
10106.00000000001
11646.00000000001
10109.750000000011
11401.000000000013
10103.000000000011
11122.000000000011
10098.750000000011
10809.000000000013
10094.250000000013
10507.000000000011
10061.750000000011
10123.000000000011
10016.25000000001
9867.000000000011
9906.000000000011
9556.000000000011
9806.50000000001
9361.000000000011
9797.25000000001
9240.000000000011
9818.00000000001
9052.000000000011
10026.500000000011
9523.00000000001
10262.750000000011
9363.00000000001
10179.000000000011
8485.000000000007
9699.25000000001
8604.00000000001
10079.00000000001
9236.000000000011
10091.750000000011
9373.000000000011
9590.25000000001
9746.000000000011
9224.250000000011
9891.000000000011
9350.75000000001
10194.000000000013
9021.00000000001
10318.000000000011
8751.25000000001
10023.000000000007
8257.00000000001
10645.000000000013
7655.000000000007
12305.000000000016
7662.000000000008
12456.000000000015
7654.750000000007
12451.000000000013
8229.75000000001
12802.000000000015
8670.25000000001
13185.00000000001
7973.000000000008
13559.000000000015
7826.500000000009
13861.000000000013
8352.500000000007
14190.00000000001
8726.000000000007
14413.000000000016
8915.75000000001
14595.000000000016
8495.750000000007
14862.000000000015
8456.00000000001
15062.000000000013
8769.50000000001
15209.000000000015
8776.750000000007
15321.000000000013
8229.00000000001
15369.000000000016
7769.750000000006
15388.000000000016
8372.750000000007
15310.000000000018
8585.25000000001
15227.000000000018
8464.50000000001
15045.000000000013
8533.750000000007
14734.000000000015
8778.00000000001
14356.000000000016
8997.25000000001
13810.000000000018
9134.50000000001
13336.000000000015
9428.50000000001
12752.000000000016
10282.000000000011
12179.00000000001
11253.750000000011
11626.000000000011
11830.000000000013
11102.000000000011
12522.750000000011
10756.000000000013
12573.750000000013
10551.000000000011
12790.750000000013
10404.000000000013
13518.000000000015
10418.000000000011
13740.50000000001
10435.000000000011
13861.500000000015
10491.00000000001
12429.750000000011
10556.000000000007
11400.500000000013
10703.000000000013
11878.500000000011
10829.000000000011
12459.250000000013
10931.000000000013
12954.500000000016
10915.000000000013
13467.500000000015
10800.000000000013
13978.000000000015
10593.000000000011
14279.750000000013
10342.00000000001
14420.750000000013
9952.000000000013
14571.000000000015
9613.00000000001