17921.25000000002
17501.000000000015
17934.000000000015
17467.000000000022
17860.25000000002
17364.000000000015
17734.75000000002
17117.000000000022
17604.75000000002
16849.000000000007
17460.50000000002
16598.00000000001
17331.75000000002
16388.000000000015
17288.25000000002
16244.000000000016
17265.00000000002
16147.000000000018
17261.00000000002
16076.000000000015
17288.000000000015
16080.000000000015
17107.75000000002
16053.000000000016
16972.25000000002
16047.000000000018
17196.50000000002
16058.000000000016
17510.75000000002
16124.000000000018
17697.75000000002
16226.000000000016
17799.75000000002
16362.000000000016
17973.250000000022
16468.000000000022
18243.500000000022
16489.00000000001
18509.25000000002
16446.00000000001
18556.25000000002
16336.000000000018
18370.25000000002
16196.00000000002
18015.500000000015
16039.000000000016
17525.750000000022
15937.000000000016
16876.500000000015
15918.000000000013
16068.750000000018
15927.000000000015
15343.250000000018
15977.000000000018
14867.500000000015
15998.000000000016
14520.000000000015
15903.000000000018
14278.500000000013
15867.000000000018
14241.000000000013
15807.000000000018
14237.500000000015
16031.000000000016
14075.250000000016
16218.000000000018
13951.500000000016
16121.000000000016
13848.500000000015
15910.000000000018
14019.500000000016
15742.000000000016
14152.750000000015
15626.000000000016
13998.250000000015
15561.000000000018
12973.250000000015
15426.000000000018
12298.500000000013
15242.00000000001
11107.75000000001
14809.000000000016
10107.50000000001
14143.000000000015
9395.500000000011
13827.000000000015
8988.250000000007
13666.000000000016
9298.25000000001
13496.000000000013
9007.25000000001
13362.000000000015
8493.750000000007
13004.000000000015
8446.000000000007
12293.000000000013
8627.50000000001
12058.00000000001
8590.25000000001
13466.000000000013
8248.500000000007
12836.000000000015
8175.00000000001
10995.000000000011
7401.250000000007
9316.000000000011
6923.500000000006
9426.000000000005
7107.750000000007
10146.000000000013
6552.750000000004
10949.000000000011
6379.750000000007
12945.000000000007
6465.250000000007
12250.000000000005
5925.000000000006
11755.000000000015
6442.750000000007
13100.000000000013
7803.250000000009
13365.000000000015
7788.500000000007
12562.000000000013
7136.250000000007
13513.000000000016
7478.750000000007
13044.000000000011
8473.000000000007
13104.000000000011
8059.000000000008
13064.00000000001
7999.750000000006
12953.000000000011
8041.500000000008
12844.000000000005
8004.000000000009
12721.000000000016
8995.75000000001
12617.000000000011
9943.25000000001
12539.000000000015
10544.000000000011
12482.000000000015
10942.500000000013
12384.000000000013
12018.250000000011
12243.000000000013
13415.500000000015
12039.000000000011
13569.000000000016
11852.000000000013
13739.000000000013
11670.000000000015
14388.750000000013
11559.000000000011
14435.000000000015
11448.000000000013
14586.000000000015
11341.000000000011
13831.250000000015
11287.000000000011
12747.000000000016
11264.000000000011
12623.000000000013
11244.000000000013
12403.500000000013
11166.000000000013
12221.000000000011
11098.000000000011
12029.500000000011
11066.000000000011
11895.750000000011
10982.000000000013
11208.75000000001
10870.000000000011
10509.500000000011
10693.000000000015
10479.500000000011
10489.000000000011