11365.750000000011
12514.00000000001
10799.250000000011
12667.00000000001
11387.000000000011
12883.000000000015
12354.75000000001
13241.000000000011
12925.500000000013
13290.000000000016
13356.500000000015
14070.000000000015
13093.250000000015
15822.000000000015
12961.500000000015
14589.000000000015
12715.500000000015
12781.000000000013
12053.000000000011
12496.000000000011
12536.000000000011
12306.000000000007
12434.000000000011
11971.000000000007
12602.000000000015
11194.000000000011
12935.250000000013
11141.000000000013
13082.750000000015
11050.000000000011
12439.000000000013
9700.000000000011
12875.750000000013
8465.000000000005
12242.500000000015
9737.000000000011
12287.750000000013
11826.000000000011
12578.000000000015
13040.000000000013
13339.750000000013
13431.000000000013
13356.750000000015
13758.000000000015
12227.000000000013
14135.000000000013
12016.000000000013
13683.000000000011
12148.000000000013
12748.000000000007
12070.500000000013
12373.000000000011
12130.750000000013
12910.00000000001
11566.00000000001
13485.000000000011
10379.000000000011
14550.00000000002
10416.25000000001
15328.000000000016
10623.25000000001
14244.000000000016
10424.00000000001
13085.000000000013
9957.00000000001
11543.000000000011
9425.75000000001
12019.000000000013
9406.500000000011
12283.000000000011
9811.50000000001
13013.000000000011
10276.500000000011
12460.000000000013
10484.250000000011
11499.000000000013
11011.000000000013
11267.000000000013
10649.000000000011
11481.000000000011
10515.250000000011
12054.000000000011
11207.000000000013
12575.00000000001
11021.250000000011
12499.00000000001
10655.750000000013
12515.00000000001
10527.750000000011
12309.000000000013
10592.75000000001
12643.000000000013
10899.000000000013
13396.000000000016
11754.000000000015
13525.000000000007
12119.500000000015
12815.000000000011
11982.000000000013
12475.000000000011
11665.500000000011
13530.000000000015
11855.000000000011
14614.000000000015
11785.750000000013
15423.000000000018
12198.750000000013
15744.000000000015
12742.250000000011
16034.000000000018
12738.250000000013
16495.000000000015
12585.000000000011
16195.000000000016
12610.000000000016
15608.000000000018
12439.750000000013
14443.000000000016
12421.750000000013
13032.00000000001
12782.000000000015
11639.000000000013
12908.250000000011
10896.000000000011
13247.750000000011
10253.000000000011
13243.000000000013
9766.000000000011
12787.500000000013
9898.000000000005
12787.250000000015
10921.000000000011
12551.750000000015
12108.000000000007
12100.500000000011
12949.000000000015
11695.500000000011
13247.00000000001
11759.250000000013
12813.000000000016
11887.750000000015
12091.000000000013
11861.250000000013
11528.000000000011
12181.500000000015
11490.000000000011
12456.000000000011
11900.000000000011
12635.750000000013
12446.000000000013
12936.500000000013
13092.000000000015
13230.500000000011
13783.000000000007
13858.250000000013
14658.000000000011
14042.750000000011
15354.000000000016
13985.000000000015
15492.000000000013
13970.750000000015
14968.000000000018
13738.000000000016
13872.000000000015
13458.250000000015
13231.00000000001
13293.750000000011
13388.000000000016
13346.750000000015
13473.000000000015
13333.750000000013
13852.000000000015
13616.250000000013
14778.000000000016
13737.250000000015
16070.000000000016
13244.500000000013
16929.00000000001
12901.750000000015
16894.000000000015