9353.250000000011
9941.000000000011
9587.75000000001
9974.000000000011
10661.750000000015
9983.000000000011
10818.000000000011
9983.000000000011
9808.000000000011
9995.00000000001
9882.25000000001
10034.000000000011
10810.250000000013
10085.000000000013
10382.000000000011
10129.000000000007
10104.250000000011
10113.00000000001
10606.250000000011
10026.00000000001
10941.000000000011
9779.000000000007
11245.50000000001
9703.000000000007
11498.750000000015
9650.000000000007
11670.000000000011
9619.000000000007
11752.500000000013
9563.000000000005
11773.250000000013
9494.000000000005
11784.750000000011
9447.00000000001
11645.500000000013
9411.00000000001
11542.250000000013
9430.000000000011
11488.750000000013
9455.00000000001
11379.500000000013
9438.000000000011
11148.750000000011
10197.000000000011
10958.500000000013
11118.000000000013
10734.750000000011
10618.000000000013
10531.500000000011
10977.000000000011
10864.250000000011
10049.00000000001
11307.250000000011
9162.000000000007
11490.250000000013
9627.000000000007
11299.50000000001
9401.00000000001
11061.000000000011
9130.000000000011
10800.50000000001
9075.000000000005
10529.75000000001
9735.000000000011
10278.250000000011
12962.000000000007
10439.750000000013
14118.000000000016
10639.500000000011
13259.000000000015
10807.25000000001
10421.000000000013
11183.500000000013
10914.000000000007
10715.750000000011
11310.000000000013
10615.25000000001
10932.000000000011
10683.000000000011
10488.000000000011
10820.750000000013
9704.000000000013
10883.500000000013
9438.000000000011
10927.000000000011
9820.00000000001
10646.500000000013
9953.000000000011
10659.000000000013
9925.00000000001
10518.000000000013
10051.000000000011
10033.00000000001
10565.000000000011
9725.500000000011
11493.000000000011
9413.250000000007
12516.00000000001
9065.50000000001
12899.000000000016
8857.25000000001
13835.000000000011
9413.25000000001
14727.000000000016
9421.750000000011
14606.000000000016
9221.00000000001
15260.000000000016
9064.75000000001
15971.000000000018
9313.250000000011
17312.000000000022
9559.500000000011
17581.000000000022
9978.000000000011
16906.000000000015
8923.75000000001
17376.00000000002
8106.000000000008
18582.000000000015
8294.25000000001
18844.000000000022
8577.50000000001
18825.000000000015
9758.750000000011
19029.00000000002
10105.25000000001
19884.00000000002
9569.75000000001
20454.000000000022
9545.50000000001
20642.000000000022
9895.50000000001
20725.000000000022
10470.250000000011
20011.000000000022
10811.500000000011
21155.000000000022
10670.250000000011
19847.000000000015
10597.500000000011
19817.000000000015
10998.250000000011
19709.000000000015
11778.000000000011
19909.000000000015
12243.500000000011
19739.000000000022
12834.500000000013
20177.000000000022
13159.250000000013
19567.000000000022
13228.750000000013
19679.000000000015
13622.500000000016
19632.000000000022
14286.000000000016
19922.000000000022
14035.500000000016
19997.000000000022
14285.000000000013
20919.000000000022
15117.500000000016
20147.000000000022
15714.750000000016
20064.000000000022
15841.250000000013
19240.000000000022
15763.000000000016
18822.000000000022
15701.000000000018
19363.00000000002
16034.500000000016
18690.000000000015
16344.250000000018
18032.00000000002
16359.500000000015
17579.000000000015
16354.500000000016
17297.00000000001