19931.000000000022
15661.000000000016
19839.75000000002
15633.000000000016
19767.00000000002
15793.000000000016
19743.00000000002
16003.000000000015
19800.000000000022
16078.000000000015
19845.250000000022
16263.000000000015
19763.750000000022
16369.000000000015
19711.00000000002
16618.000000000015
19635.000000000022
16970.000000000015
19411.75000000002
17411.000000000015
19303.250000000015
17618.00000000001
19129.75000000002
17822.000000000015
18988.50000000002
18061.000000000022
18782.000000000015
18166.00000000001
18662.75000000002
18122.000000000022
18620.750000000022
17678.000000000022
18665.500000000015
17081.00000000002
18931.25000000002
16401.00000000002
18059.50000000002
15421.000000000016
17319.75000000002
14681.000000000013
17665.75000000002
14578.000000000013
16898.50000000002
14335.000000000016
16393.000000000015
14127.000000000013
15645.750000000016
14101.000000000015
15469.000000000015
14249.000000000013
15494.750000000015
14414.000000000011
14574.750000000016
14475.000000000011
13405.250000000016
14739.000000000018
13820.000000000016
15043.000000000018
13956.000000000015
15151.000000000015
13796.750000000016
15088.000000000018
12989.750000000013
15077.000000000016
12619.750000000013
14746.000000000016
12430.750000000015
14360.000000000015
12172.750000000011
13958.000000000011
11157.250000000011
13589.000000000015
10592.000000000011
13403.000000000016
9956.00000000001
12975.000000000013
9244.000000000011
12549.000000000007
9044.50000000001
12497.000000000015
8945.250000000007
12732.000000000007
9030.75000000001
12972.00000000001
8641.75000000001
13218.000000000015
8113.000000000008
13624.000000000015
7673.750000000007
14156.000000000011
7462.750000000007
14528.000000000015
7262.250000000006
14625.000000000016
7190.750000000007
14243.000000000013
6352.750000000006
14209.000000000016
5328.500000000005
13565.00000000001
5805.000000000007
13182.000000000015
6337.5000000000055
13145.000000000013
7800.750000000009
12921.000000000011
9457.500000000011
12941.00000000001
9407.750000000011
13205.000000000016
9307.000000000007
13250.000000000016
9642.250000000011
12087.00000000001
9790.750000000011
10992.000000000011
10360.50000000001
11286.000000000011
11359.250000000013
11705.000000000015
12185.75000000001
12107.000000000016
11856.500000000011
12078.000000000007
11929.500000000013
12266.000000000011
12493.250000000016
12643.000000000013
13103.500000000013
13537.000000000015
13462.500000000015
14249.000000000015
13877.000000000013
14576.000000000007
14185.500000000015
14882.000000000018
14861.000000000013
14980.000000000015
15391.000000000015
14779.000000000015
15877.500000000013
14635.000000000016
16245.000000000015
15201.000000000013
17040.75000000002
15865.000000000015
17704.500000000022
15987.000000000018
18007.50000000002
15843.000000000016
18134.00000000002
15484.000000000018
18256.50000000002
15309.000000000013
18505.000000000015
15115.000000000016
18651.250000000022
15300.000000000016
18719.000000000022
15863.000000000016
18381.25000000002
16152.000000000016
18128.75000000002
16217.000000000015
18192.00000000002
16053.000000000013
18217.75000000002
15425.000000000015
18046.25000000002
14759.000000000016
17807.75000000002
14494.000000000015
17755.50000000002
14942.000000000016
17889.25000000002
15493.000000000016
17822.000000000015
16337.000000000018
17795.250000000015
16908.000000000015