19022.75000000002
18910.00000000002
19000.750000000022
18910.00000000002
18994.00000000002
18938.00000000002
19010.250000000022
18997.00000000002
19015.00000000002
19053.000000000022
19044.500000000015
19112.000000000022
19082.75000000002
19196.00000000002
19141.750000000015
19277.00000000001
19224.000000000022
19359.000000000015
19307.500000000022
19463.000000000022
19395.500000000022
19548.00000000002
19485.500000000022
19645.000000000022
19550.000000000015
19735.000000000025
19608.500000000022
19812.000000000022
19659.000000000022
19863.000000000015
19734.000000000022
19907.000000000022
19773.00000000002
19975.00000000002
19657.750000000022
20058.000000000022
19745.750000000022
20158.00000000002
19767.50000000002
20260.000000000022
19710.500000000022
20349.000000000022
19663.250000000022
20414.00000000002
19611.750000000022
20505.000000000022
19544.500000000022
20599.000000000022
19461.50000000002
20641.000000000025
19480.00000000002
20810.000000000025
18750.50000000002
19434.000000000022
18024.750000000015
18910.00000000002
17682.500000000022
18625.000000000022
16642.500000000015
17803.000000000022
16067.250000000018
18644.000000000015
16034.750000000016
17932.00000000002
15751.500000000018
18920.000000000025
14677.000000000013
18579.000000000022
14080.500000000016
17661.00000000001
14367.750000000015
18458.000000000022
14436.500000000015
20024.000000000022
14122.250000000013
20971.000000000022
13505.500000000015
20370.000000000022
13202.500000000015
20403.00000000002
13338.500000000015
20497.00000000002
13247.250000000015
20314.000000000022
12778.25000000001
20174.00000000002
12418.000000000015
20055.000000000022
12856.250000000013
19975.00000000002
13193.750000000015
19878.000000000015
13107.000000000015
19798.000000000022
12966.250000000013
19740.000000000015
13107.250000000011
19677.000000000022
13533.500000000011
19605.000000000025
13946.250000000016
19545.000000000025
14804.500000000013
19495.000000000022
15567.750000000016
19493.000000000022
15973.000000000015
19488.00000000002
16236.500000000015
19500.000000000022
16123.750000000016
19554.00000000002
15872.750000000016
19530.000000000022
15714.750000000018
19542.000000000015
15874.750000000015
19527.000000000015
16368.000000000015
19614.000000000022
17079.250000000015
19691.000000000022
17697.50000000002
19792.00000000002
18017.75000000002
19897.000000000022
18424.000000000015
19992.000000000025
18575.25000000002
19963.000000000022
18904.750000000015
19791.000000000025
18778.75000000002
19553.000000000022
19069.75000000002
19320.00000000002
18859.500000000022
19187.000000000022
19735.500000000022
18971.00000000002
19853.250000000022
18716.000000000022
19984.250000000022
18591.000000000022
18976.750000000022
18590.00000000002
19569.75000000002
18584.000000000015
19213.500000000022
18514.00000000002
19121.75000000002
18615.000000000025
19497.500000000022
18823.000000000022
19800.25000000002
18934.000000000015
19779.25000000002
18917.000000000025
19847.500000000022
18902.000000000015
19496.25000000002
18978.000000000015
19577.250000000022
19031.00000000002
19589.00000000002
19023.000000000022
19556.50000000002
19035.000000000022
19085.50000000002
19047.00000000002
18307.50000000002
19033.00000000001
18684.75000000002
19076.00000000002
18974.50000000002
19145.000000000015
19009.50000000002
19209.00000000002
19921.750000000022
19289.00000000002