5421.750000000004
5375.000000000005
26083.250000000025
24135.000000000025
23283.500000000025
20360.000000000022
23344.500000000025
20609.000000000015
23269.500000000022
20649.000000000025
23200.500000000022
20668.000000000022
23091.250000000022
20646.00000000002
22984.000000000025
20623.000000000022
22871.000000000022
20586.000000000022
22743.000000000022
20567.000000000022
22597.750000000022
20561.000000000022
22457.750000000022
20514.000000000022
22308.250000000025
20467.000000000022
22179.000000000025
20384.00000000002
22078.50000000002
20296.00000000002
21982.250000000022
20192.000000000022
21903.250000000022
20073.000000000022
21813.750000000022
19886.000000000022
21692.750000000022
19680.000000000015
21408.25000000002
19475.000000000022
20712.250000000022
19380.00000000002
20151.75000000002
19278.000000000022
19753.000000000022
19187.000000000022
19605.250000000022
19119.00000000002
18573.00000000002
19092.00000000002
17751.75000000002
19022.000000000022
17257.75000000002
18954.00000000002
17206.00000000002
18879.00000000002
16653.750000000022
18820.000000000022
16414.25000000002
18766.000000000015
15870.000000000016
18781.000000000015
15757.250000000016
18832.00000000002
15251.500000000015
18894.00000000002
14969.750000000016
18936.00000000002
14871.750000000015
18983.000000000022
14918.750000000015
19093.00000000001
15078.500000000015
19144.000000000022
15303.000000000015
19306.00000000002
15642.000000000018
19559.000000000015
16238.750000000016
19864.000000000025
16378.000000000015
20200.000000000022
16591.75000000002
20498.00000000002
17126.250000000015
20792.000000000015
17160.500000000015
21094.000000000022
17264.25000000002
21402.000000000025
17429.000000000015
21718.000000000022
17676.75000000002
21997.000000000022
17646.00000000002
22313.000000000022
17802.50000000002
22630.000000000022
18057.00000000002
22906.000000000022
18516.000000000015
23176.000000000025
18976.000000000022
23436.000000000022
19686.50000000002
23659.000000000025
20432.750000000022
23882.000000000025
20912.250000000022
24084.00000000002
21434.00000000002
24269.000000000033
21837.25000000002
24461.000000000025
22659.750000000025
24618.000000000025
22736.000000000022
24792.00000000003
22866.250000000022
24930.000000000022
23167.25000000003
25051.00000000003
22951.750000000022
25113.000000000015
22543.750000000025
25149.000000000025
23028.250000000022
25212.00000000002
23566.50000000003
25220.000000000033
23473.250000000022
25216.00000000003
22969.000000000025
25188.000000000025
22369.750000000022
25113.000000000033
22799.000000000022
25004.00000000003
23393.75000000002
24911.000000000033
23106.500000000022
24798.000000000025
22974.250000000025
24639.000000000022
23703.50000000003
24505.000000000033
23409.750000000022
24323.000000000025
21758.750000000022
24180.00000000003
21565.00000000002
24006.000000000025
21268.750000000022
23822.000000000015
21500.250000000022
23594.000000000025
21356.250000000022
23378.000000000022
21146.750000000022
23184.000000000025
22251.750000000022
22978.00000000003
21151.750000000025
22804.000000000022
19697.75000000002
22658.000000000022
19976.500000000022
22548.000000000025
20678.25000000002
22496.000000000025
19986.750000000025
22254.000000000022
19542.500000000022
19921.000000000022
18734.00000000002
20472.000000000015
20031.250000000022
21372.000000000022
5659.250000000005
5335.000000000004