11894.500000000011
11078.000000000013
11621.750000000011
10394.000000000011
11209.000000000011
10229.000000000011
11074.250000000013
10035.000000000011
10969.50000000001
9817.000000000007
10814.750000000011
10774.000000000011
10624.750000000011
10864.000000000013
10664.75000000001
10804.000000000005
10796.000000000013
10846.000000000013
10584.25000000001
11330.00000000001
10465.75000000001
11327.000000000011
10811.250000000013
11189.000000000013
11305.250000000011
11193.000000000011
11760.750000000015
11946.000000000011
12235.500000000013
14362.000000000018
12647.000000000015
14422.000000000018
12763.000000000013
13275.000000000013
13465.750000000011
12529.00000000001
14150.000000000013
10646.00000000001
14340.250000000016
9433.000000000005
15164.750000000013
10475.00000000001
14793.250000000013
10941.000000000013
14393.250000000018
11900.000000000011
13995.500000000015
12887.000000000013
13182.750000000013
10873.000000000011
13061.250000000015
10682.000000000011
13306.250000000011
13530.000000000016
13142.250000000015
17268.00000000001
13047.750000000013
19583.00000000001
13694.500000000013
19123.00000000002
13917.500000000015
16595.00000000001
14234.250000000015
16658.00000000001
13434.000000000013
17993.00000000002
12504.750000000015
16678.000000000015
12334.000000000013
14855.000000000016
11752.750000000011
13088.000000000016
10765.750000000011
12074.00000000001
10178.250000000007
11807.000000000005
9671.500000000011
13021.000000000016
9092.50000000001
16038.000000000018
8012.000000000008
19099.000000000022
7692.750000000009
20204.00000000002
8114.000000000008
22153.000000000025
8241.50000000001
23592.000000000022
8431.25000000001
20470.000000000022
8313.750000000011
21968.00000000002
7778.000000000007
23389.000000000022
7421.500000000007
20651.000000000022
7584.250000000007
18192.00000000002
7686.250000000007
14317.000000000016
8253.50000000001
11648.00000000001
8279.25000000001
11518.000000000013
8588.00000000001
12682.00000000001
8290.250000000007
12723.000000000011
8459.25000000001
12307.000000000007
9102.75000000001
11180.000000000011
9918.750000000007
10992.000000000011
10323.00000000001
10430.000000000011
10685.500000000011
9809.000000000007
10615.25000000001
11178.000000000011
10403.250000000011
11113.000000000013
10343.000000000011
13627.00000000001
10160.75000000001
16043.00000000002
9719.000000000011
15728.000000000018
9846.75000000001
14172.000000000016
10287.75000000001
13715.000000000015
10819.250000000011
14475.000000000011
11506.750000000015
17057.000000000015
11503.000000000011
17346.000000000022
11760.250000000013
17567.00000000002
11983.500000000015
17740.000000000025
12248.250000000013
17585.00000000001
12803.500000000013
17732.000000000022
13572.500000000018
18699.00000000001
14788.750000000016
19442.00000000002
16009.000000000016
20315.000000000022
16772.75000000002
23734.000000000025
16270.250000000016
25343.000000000022
16274.750000000018
24132.00000000003
17893.750000000015
25984.000000000015
18013.25000000002
26304.000000000033
16780.000000000015
27328.000000000025
16880.750000000015
28274.00000000003
17405.25000000002
28009.000000000033
17656.00000000002
28144.000000000033
17469.25000000002
26790.000000000022
18326.00000000002
26128.00000000002
19080.50000000002
26788.000000000022
20468.50000000002
27302.000000000033
20319.00000000002
27440.00000000003