16929.000000000015
14024.000000000018
17243.250000000015
14187.000000000016
17587.00000000002
14289.000000000013
17933.75000000002
14428.000000000016
18239.50000000002
14625.000000000016
18515.000000000022
14663.00000000001
18618.00000000002
14676.000000000015
18534.00000000002
14739.00000000001
18339.75000000002
14801.000000000018
18098.75000000002
14760.000000000016
17936.000000000022
14672.000000000016
17767.00000000002
14542.000000000018
17595.25000000002
14415.000000000011
17473.00000000002
14345.000000000015
17482.750000000015
14391.000000000015
17445.500000000022
14588.000000000015
17358.750000000015
14817.000000000015
17244.500000000015
15022.000000000016
17170.00000000002
15185.000000000016
17042.75000000002
15338.000000000016
17028.750000000015
15476.000000000016
17118.25000000002
15433.000000000016
17156.75000000002
15273.000000000018
17383.00000000002
15149.000000000015
17612.75000000002
15256.000000000015
17864.000000000015
15562.000000000015
18035.75000000002
15924.000000000016
18103.00000000002
16319.000000000016
18029.25000000002
16677.000000000015
17946.750000000015
16891.000000000015
17709.750000000015
17019.00000000002
17339.00000000002
17214.000000000022
16895.75000000002
17375.000000000022
16522.50000000002
17300.000000000022
16457.250000000015
17027.000000000015
16745.50000000002
16721.000000000022
16352.750000000016
16285.000000000016
15490.750000000016
15919.000000000018
14398.250000000016
15760.000000000015
13922.000000000016
15659.000000000013
13780.250000000015
15468.000000000018
13467.250000000016
15375.000000000016
12917.750000000011
15444.000000000016
12262.250000000011
15760.000000000018
12111.000000000011
16172.000000000018
10948.25000000001
16573.000000000015
9894.50000000001
16814.000000000015
9983.250000000011
16842.00000000001
11186.500000000011
16713.00000000002
11197.75000000001
16547.00000000002
10888.500000000011
16573.000000000015
11425.000000000011
16822.00000000002
11863.250000000013
17107.000000000015
12651.750000000011
17372.00000000001
12983.750000000015
17630.00000000002
12415.250000000013
17767.00000000002
12140.750000000011
17313.00000000001
12841.500000000013
16369.000000000015
13410.750000000015
15581.000000000016
13248.250000000015
13329.000000000013
12815.750000000013
11750.000000000011
12647.500000000011
10999.000000000013
12776.250000000015
10769.000000000007
13645.000000000013
10231.000000000011
15053.750000000015
9401.00000000001
16374.000000000016
8542.000000000005
16752.750000000015
8220.00000000001
15883.000000000015
8168.000000000007
14208.750000000013
7580.00000000001
13880.250000000013
7256.000000000007
13116.500000000013
6812.000000000007
12283.000000000011
6517.000000000006
12825.250000000013
6268.000000000006
13284.50000000001
5428.000000000005
12847.500000000013
5015.000000000004
12519.750000000015
5569.000000000005
12742.500000000016
5060.0000000000055
12839.750000000015
4934.000000000005
13045.00000000001
4489.0000000000055
13378.75000000001
3971.0000000000045
13498.500000000015
3696.0000000000045
13542.500000000013
4511.000000000003
13552.250000000013
4034.000000000005
13490.250000000013
3571.0000000000036
13517.750000000015
3725.000000000004
13717.500000000013
3669.000000000004
13914.750000000015
4243.000000000005
14089.250000000013
3883.0000000000036
14141.250000000015
3847.000000000004
14112.250000000016
5019.000000000004