9709.500000000011
6652.000000000007
10518.000000000013
6869.000000000008
11470.750000000011
7087.000000000007
12177.000000000015
6939.000000000008
12834.00000000001
6909.000000000007
14007.000000000013
6980.000000000008
14967.750000000016
6993.000000000007
15995.750000000015
7494.000000000009
17599.25000000002
8964.000000000007
17582.750000000022
8393.000000000007
16745.250000000015
9183.00000000001
16695.250000000015
11109.000000000013
16809.75000000002
10373.000000000007
17706.75000000002
8953.000000000011
18664.250000000015
9852.000000000005
18706.75000000002
9952.000000000011
17614.500000000015
9459.000000000007
16958.250000000015
9485.00000000001
17255.500000000015
9496.000000000011
16730.000000000015
8544.000000000007
16327.250000000015
9633.000000000011
17454.750000000015
11409.00000000001
18299.00000000002
12690.000000000013
18191.250000000015
12691.000000000016
17971.250000000015
10352.000000000011
17914.500000000015
8683.000000000007
18247.500000000015
9412.00000000001
18235.75000000002
9127.00000000001
17400.500000000022
8266.00000000001
16779.75000000002
7835.000000000009
15145.750000000015
6894.000000000007
15027.500000000013
5648.0000000000055
16251.500000000015
5348.000000000005
16495.750000000015
5790.000000000006
15980.750000000016
5435.0000000000055
12917.500000000013
5739.0000000000055
11788.000000000011
5822.000000000007
11529.250000000013
6193.000000000007
10812.75000000001
6722.000000000005
10337.250000000011
7294.000000000007
10385.750000000011
7077.000000000007
10485.500000000007
6294.000000000006
10445.750000000011
5428.000000000005
10170.250000000011
5263.000000000006
9743.250000000011
5296.000000000006
9615.500000000011
4637.0000000000055
9428.00000000001
4592.000000000004
9324.250000000011
4794.000000000004
9028.500000000007
5419.0000000000055
8618.00000000001
5181.000000000003
7675.000000000007
5068.000000000005
7260.000000000007
5365.0000000000055
7296.250000000009
5363.000000000006
8079.000000000008
6146.000000000004
9728.750000000011
7086.000000000007
10193.75000000001
7366.000000000007
10126.50000000001
7263.000000000005
9635.500000000011
8274.000000000005
9668.75000000001
10123.000000000013
10077.750000000011
11095.000000000013
10203.75000000001
12906.000000000011
11059.000000000011
13803.000000000015
12320.750000000011
13920.000000000018
13075.750000000013
15330.000000000016
13127.500000000016
16566.00000000001
12763.000000000013
19535.000000000022
12221.250000000011
18830.000000000022
12446.250000000013
18320.000000000022
13259.750000000013
18216.000000000015
13696.500000000015
19141.000000000022
14195.500000000015
20573.000000000022
15518.000000000018
21043.000000000025
15568.500000000015
21841.000000000022
15565.250000000015
22424.000000000025
17195.500000000015
24838.000000000022
17328.25000000002
25706.000000000025
16879.250000000015
25599.00000000003
16967.250000000022
24373.00000000002
17272.25000000002
21232.000000000022
17458.00000000002
24114.00000000002
17458.250000000015
26400.00000000002
17846.000000000015
24873.000000000015
17879.75000000002
23683.000000000015
19426.50000000002
23691.00000000003
19635.00000000002
22969.000000000022
19347.000000000022
21851.000000000022
19202.00000000002
22353.000000000025
18967.00000000002
24133.00000000002
19043.75000000002
23550.000000000025
19074.500000000022
22515.000000000025