11768.500000000013
9464.000000000005
12271.500000000015
9456.000000000011
11938.250000000015
9440.000000000005
11697.000000000011
9985.000000000007
12175.25000000001
10964.000000000011
11703.500000000011
10859.000000000011
10395.250000000011
9669.000000000005
10322.50000000001
9329.000000000007
9565.25000000001
9635.000000000011
8987.250000000011
9673.000000000011
8077.500000000007
9818.000000000011
7111.500000000007
10301.000000000005
7718.000000000007
9956.000000000011
9143.500000000007
9502.000000000011
9904.250000000011
9271.00000000001
9226.50000000001
9450.000000000011
9250.00000000001
10721.00000000001
7873.500000000006
11608.000000000013
7936.250000000007
11245.000000000013
8535.00000000001
11426.000000000013
8357.500000000007
11784.00000000001
7953.000000000008
11038.000000000013
8174.250000000009
10551.000000000011
8318.50000000001
11165.000000000015
8620.000000000007
11678.00000000001
8428.75000000001
11651.000000000007
8503.000000000007
10744.000000000011
8021.000000000007
10857.000000000015
7011.750000000007
11736.000000000013
7167.750000000007
11473.000000000013
7015.750000000006
10429.000000000011
6185.750000000006
9153.00000000001
5781.250000000005
8915.000000000005
6091.7500000000055
9852.000000000005
6636.7500000000055
9044.00000000001
7453.250000000007
7107.000000000007
6853.2500000000055
5373.0000000000055
5964.5000000000055
5233.000000000006
5789.750000000006
5477.000000000006
6008.750000000006
5332.000000000006
5333.5000000000055
5080.000000000004
5891.250000000006
5782.000000000006
6542.000000000006
6783.000000000005
7150.250000000007
6953.000000000004
6948.250000000008
6502.000000000007
6941.750000000006
6097.000000000005
7475.250000000006
5213.000000000004
7087.250000000006
4138.000000000003
7356.750000000008
3909.0000000000036
7547.250000000007
3959.0000000000045
6462.500000000007
4305.000000000003
5993.250000000006
5076.000000000004
6230.250000000005
4652.000000000003
6298.5000000000055
4124.000000000004
6420.5000000000055
4312.000000000005
6142.750000000006
4881.0000000000055
6005.750000000006
4906.000000000005
6683.000000000006
4577.000000000004
7274.000000000007
4651.000000000005
7357.750000000007
4440.000000000004
8105.250000000009
4737.000000000004
8072.000000000009
5067.000000000003
7181.250000000007
4456.000000000005
7555.250000000009
4114.000000000005
8457.00000000001
4015.000000000004
8129.000000000008
3327.0000000000023
8793.25000000001
3832.000000000004
9672.50000000001
4181.000000000004
9184.000000000007
4593.000000000005
8964.00000000001
4533.000000000005
9346.750000000011
4530.000000000003
9997.250000000011
6118.0000000000055
10533.750000000011
7006.000000000008
10720.750000000011
7609.000000000007
10018.500000000011
10162.000000000013
10751.500000000011
10158.000000000011
11047.500000000011
10579.000000000007
10881.25000000001
11801.000000000015
11650.25000000001
10972.000000000011
11563.00000000001
9441.000000000005
11109.75000000001
8425.00000000001
10771.750000000011
8125.000000000009
10663.750000000011
7991.000000000007
11357.250000000011
7149.000000000007
11365.750000000015
6927.000000000007
11339.75000000001
6125.000000000003
11070.250000000013
6156.0000000000055
11009.250000000011
6885.000000000006
11221.500000000011
7511.000000000008
10834.250000000011
8581.000000000011