23635.250000000025
21904.000000000015
23868.50000000003
22441.000000000025
23909.500000000025
23308.000000000025
24473.500000000025
24056.00000000002
25125.500000000025
24248.000000000025
25185.750000000022
24742.00000000003
25398.250000000022
24422.00000000002
24634.750000000022
22858.000000000025
24252.75000000003
22777.00000000002
23910.000000000022
22882.000000000025
23298.750000000025
20735.000000000022
22644.000000000025
18902.000000000015
23110.250000000022
18659.000000000015
23108.25000000002
17808.000000000022
22740.500000000022
16731.00000000001
22503.000000000022
16650.000000000015
21813.500000000022
18673.000000000015
20869.000000000025
19664.000000000015
20347.500000000022
22339.000000000022
19802.25000000002
24509.000000000025
19483.25000000002
24723.000000000022
18261.500000000015
24398.000000000033
17531.000000000015
22726.000000000022
17645.750000000015
23646.00000000003
17115.000000000015
22977.000000000022
15587.250000000016
22236.000000000025
14800.250000000015
22305.000000000022
13979.500000000011
20873.000000000022
13191.000000000013
17572.000000000022
12667.500000000015
18991.000000000022
11741.500000000011
20295.00000000002
11353.750000000015
20768.00000000002
11156.250000000013
20401.00000000002
10669.250000000013
20322.000000000025
10834.250000000013
20811.000000000022
11458.500000000011
21415.000000000025
11951.750000000013
20808.000000000022
12146.250000000011
19767.000000000022
11951.500000000015
19059.00000000002
11983.250000000013
18175.000000000022
11545.000000000013
16985.000000000015
11706.00000000001
15533.000000000015
12182.250000000013
14398.000000000015
12137.25000000001
14069.000000000018
11933.750000000013
15457.000000000015
11677.250000000011
17766.00000000002
11321.500000000011
19635.000000000015
10995.25000000001
20654.000000000015
10701.250000000011
23375.000000000015
10420.000000000011
25226.000000000025
10169.50000000001
25792.00000000002
9658.250000000011
26085.00000000003
9194.75000000001
26350.000000000033
8939.25000000001
25501.00000000002
8728.250000000011
24740.000000000025
8524.50000000001
24452.00000000002
8453.25000000001
24365.000000000022
8709.75000000001
24518.00000000003
8926.000000000011
24821.000000000022
9020.750000000007
24849.000000000033
9001.50000000001
24299.00000000003
9257.25000000001
24213.000000000022
9677.750000000011
24345.00000000002
9367.750000000011
23263.000000000025
9121.50000000001
20005.00000000002
9164.25000000001
19169.00000000002
8813.50000000001
19548.00000000002
7751.500000000006
20464.000000000022
7637.500000000008
20909.000000000022
7830.500000000009
21258.00000000001
7863.500000000009
20802.000000000022
8015.000000000007
20473.000000000022
8400.75000000001
20398.000000000022
7889.500000000008
20436.000000000022
7531.750000000008
20605.000000000022
7668.500000000008
20834.000000000022
7167.250000000007
20849.000000000022
8205.000000000007
21422.000000000022
10218.250000000011
21219.000000000025
11822.250000000013
20719.000000000022
14215.000000000016
19849.000000000022
15545.750000000016
18216.000000000015
16802.250000000015
17924.000000000015
18130.00000000002
18421.00000000002
19537.750000000022
18807.00000000002
20411.00000000002
18894.00000000002
20899.000000000022
19480.000000000022
21061.500000000025
19729.000000000022
21563.000000000022
19618.000000000015
22153.750000000022
19351.00000000002