17052.50000000002
18221.00000000002
17353.500000000015
17340.000000000015
17359.75000000002
17269.000000000022
17533.000000000015
17887.00000000002
17834.75000000002
18701.000000000022
18234.75000000002
19355.000000000022
19000.750000000022
19556.000000000022
19650.75000000002
19149.000000000022
19627.25000000002
18386.000000000015
19277.25000000002
17822.000000000015
19144.000000000022
17119.000000000015
18839.75000000002
16652.000000000007
18807.50000000002
17092.000000000015
18798.250000000022
17224.000000000022
18876.00000000002
16667.000000000022
18345.25000000002
16042.000000000018
17965.25000000002
16183.000000000016
18449.00000000002
16687.00000000001
18277.50000000001
16310.000000000016
18189.000000000015
15766.000000000013
17889.00000000002
15805.000000000018
17739.50000000002
16377.000000000016
17831.750000000015
17733.00000000002
18393.000000000015
19385.000000000022
18892.75000000002
20066.00000000002
18783.00000000002
20122.000000000015
18634.00000000002
20739.00000000001
18461.00000000002
20345.000000000022
17870.00000000002
18701.000000000022
16802.500000000015
17701.000000000015
16060.000000000016
17647.00000000001
15498.000000000015
17311.00000000001
14112.500000000016
16666.00000000002
13197.750000000013
13119.000000000011
12211.500000000015
10771.000000000013
11978.500000000011
9614.00000000001
12032.000000000011
8870.000000000005
11697.000000000013
10165.000000000011
11395.000000000013
8654.00000000001
11373.000000000011
6072.0000000000055
10995.500000000011
7872.000000000007
10521.00000000001
11563.000000000013
10396.750000000011
11884.000000000005
9895.750000000011
11419.000000000011
9985.75000000001
9936.000000000005
10618.00000000001
8558.000000000005
10439.250000000011
9449.000000000011
10026.75000000001
9867.000000000005
9326.00000000001
11608.000000000013
9022.500000000007
12400.000000000013
9052.25000000001
13592.000000000011
8577.75000000001
14660.000000000016
8596.00000000001
14021.000000000015
8195.75000000001
14200.000000000015
8432.250000000011
16593.00000000002
8850.50000000001
17922.000000000022
9154.75000000001
17071.000000000022
9547.75000000001
16674.00000000001
10535.750000000011
17900.000000000022
10841.500000000011
17788.00000000002
10806.75000000001
17921.000000000022
11562.250000000013
17770.00000000001
12342.750000000013
17813.00000000001
12493.500000000013
18555.000000000022
12247.500000000013
19542.000000000015
12520.500000000013
19786.000000000015
12597.750000000011
18908.00000000002
11881.500000000013
18248.000000000015
11814.250000000011
16738.000000000015
12319.50000000001
16991.00000000001
13050.500000000015
16656.00000000001
13217.000000000013
17007.00000000001
13654.250000000015
17751.00000000002
14381.750000000013
16180.000000000016
15556.000000000016
15373.000000000016
15680.500000000013
16136.000000000016
15511.750000000013
16859.000000000015
15348.500000000015
16854.00000000001
15314.000000000016
16969.000000000015
15599.500000000015
17585.00000000002
15416.500000000015
18909.00000000002
15985.000000000016
18661.000000000025
17239.250000000015
17609.000000000015
18012.500000000015
17918.00000000002
17944.50000000002
18120.000000000022
18013.00000000002
18514.00000000002
17798.25000000002
19046.00000000002
17652.75000000002
17255.000000000022
17514.50000000002
15542.000000000011
17489.750000000015
14197.000000000013