11848.000000000015
9319.000000000011
12000.50000000001
9900.000000000011
12195.000000000013
10805.000000000013
12365.500000000015
11602.00000000001
12332.000000000015
12098.000000000005
12121.000000000013
11860.00000000001
11973.750000000011
11072.000000000011
11848.750000000016
10642.000000000013
11504.250000000013
10262.00000000001
11270.000000000011
10083.00000000001
11321.000000000011
10435.000000000013
11268.750000000011
10316.00000000001
11162.250000000013
9577.00000000001
11217.75000000001
9340.00000000001
11376.000000000011
9572.000000000011
11449.500000000011
9221.000000000011
11295.250000000011
8527.000000000011
10781.500000000011
8360.000000000011
10413.250000000011
8406.000000000011
10050.250000000011
8646.00000000001
10370.00000000001
8905.000000000011
10831.000000000011
8830.00000000001
10246.00000000001
8567.000000000007
9868.750000000011
8022.000000000007
9855.50000000001
7803.000000000009
10008.50000000001
7847.000000000007
10568.000000000011
7884.000000000008
11429.750000000011
8124.000000000009
11867.250000000011
8692.00000000001
10730.500000000011
9390.000000000007
9662.25000000001
9741.000000000007
9319.000000000007
9617.000000000011
9409.750000000011
9332.00000000001
9731.000000000011
9497.000000000007
10310.250000000011
10247.00000000001
11483.000000000013
10709.000000000013
11724.250000000013
10808.000000000013
11573.000000000013
11122.000000000013
11545.50000000001
11534.000000000011
11255.250000000013
11104.000000000013
11200.000000000011
10388.000000000007
10923.250000000013
10254.00000000001
10722.250000000011
10561.000000000011
10639.500000000011
10590.00000000001
10440.500000000011
10446.000000000005
11057.250000000013
10346.00000000001
11282.00000000001
10273.000000000011
11468.750000000011
10063.000000000011
11732.500000000011
9749.000000000007
12053.250000000013
9609.00000000001
11845.250000000011
9713.00000000001
11598.750000000013
9801.000000000011
11487.250000000013
9797.00000000001
11664.000000000013
9728.000000000013
11492.500000000011
9893.000000000007
11682.750000000015
10016.000000000011
11313.250000000013
9643.00000000001
11191.00000000001
9021.000000000005
11441.750000000011
8826.000000000007
11276.000000000011
9251.000000000011
10690.750000000011
9769.000000000011
10607.500000000011
9855.000000000007
10904.250000000011
9548.000000000011
10872.750000000011
9468.000000000011
11029.50000000001
9407.000000000011
10664.000000000011
9276.000000000007
10690.000000000011
9226.00000000001
10695.25000000001
9579.000000000011
10625.500000000011
10048.000000000011
10769.000000000011
10563.000000000013
10944.750000000011
11186.000000000011
10330.000000000011
11735.000000000011
10049.750000000007
12124.000000000007
10045.500000000011
12303.00000000001
9922.50000000001
12693.000000000011
9933.00000000001
13963.000000000015
10278.000000000011
15069.000000000016
10546.500000000013
15389.000000000016
11287.250000000011
16191.000000000016
11592.750000000015
17533.000000000015
11392.750000000013
17709.00000000001
11107.250000000011
16563.00000000001
10955.750000000011
15439.000000000018
10888.25000000001
15817.000000000016
10871.00000000001
16470.00000000002
11478.250000000011
16726.000000000015
11947.75000000001
16710.000000000015
11914.750000000013
16888.000000000022
11849.000000000013
16766.000000000022
11397.500000000011
16040.000000000016