15792.250000000018
17755.00000000001
16049.000000000018
16932.00000000001
16730.75000000002
17625.000000000015
16663.50000000002
18179.00000000001
16742.50000000001
18557.00000000002
17376.00000000002
18621.00000000002
17585.750000000015
19126.000000000022
17558.250000000015
19306.00000000002
17528.250000000015
19246.00000000001
18092.25000000002
19389.000000000015
18109.25000000002
19700.00000000002
18366.750000000015
19670.00000000002
18705.50000000002
19900.00000000002
18427.75000000002
19608.00000000002
18692.50000000002
18806.000000000022
18294.250000000022
18850.000000000022
17893.50000000002
19227.000000000022
17592.75000000002
19261.00000000001
17233.50000000002
19591.000000000022
16758.00000000002
19805.000000000022
17111.25000000002
19754.000000000022
17093.00000000002
20637.000000000022
15864.500000000018
20772.000000000022
15031.750000000011
20770.000000000022
15060.000000000018
20771.00000000001
15149.000000000015
20991.000000000022
14342.500000000015
20875.00000000002
15237.000000000015
20343.000000000025
15442.250000000013
20091.000000000015
15120.500000000016
20611.000000000025
15113.750000000015
20702.000000000022
14944.500000000015
20635.000000000025
13983.250000000013
20603.000000000022
13312.000000000013
20409.000000000022
13750.750000000016
20334.000000000015
14213.500000000015
19726.000000000015
13839.750000000016
19259.00000000002
13187.250000000015
19320.00000000002
12483.250000000015
19613.00000000001
12339.000000000013
18664.00000000002
13045.000000000015
18397.000000000022
12695.500000000016
16586.000000000015
12651.500000000013
15821.000000000015
12848.500000000013
15537.000000000018
12410.750000000013
16419.000000000015
12440.000000000013
14594.000000000016
13094.000000000015
13132.000000000015
12787.000000000013
11393.000000000011
12158.000000000015
9511.000000000011
12053.500000000015
9991.000000000011
12667.000000000013
11687.000000000011
13511.500000000013
10804.000000000013
13814.750000000015
13534.000000000018
13933.250000000013
15614.000000000015
13531.750000000013
14149.000000000016
13169.500000000013
11748.000000000011
12942.750000000016
10353.00000000001
12835.750000000016
11513.000000000015
12536.250000000015
13015.000000000015
12757.500000000011
14627.000000000016
13181.250000000015
14019.000000000011
13468.250000000013
15027.000000000015
13608.500000000016
15799.000000000016
13663.250000000015
15378.000000000015
14391.000000000013
15110.000000000016
14464.250000000015
15745.000000000018
13656.000000000013
16066.000000000018
13213.500000000011
16735.00000000001
14175.750000000013
17370.00000000002
14727.500000000015
17525.000000000022
13970.750000000016
17876.000000000022
13415.500000000011
17567.00000000002
13652.500000000015
17713.000000000015
13873.750000000016
18475.000000000015
14143.750000000013
18593.00000000001
13977.500000000016
19503.00000000002
13846.750000000011
19816.000000000015
14265.750000000016
20022.00000000002
14861.750000000013
19535.000000000022
15076.750000000016
19546.000000000022
15713.500000000015
20234.00000000002
16681.250000000015
20305.000000000015
17014.250000000015
20546.000000000022
17967.25000000002
20431.000000000025
19058.00000000002
20582.000000000022
18820.000000000022
20729.000000000022
19564.25000000002
20652.00000000002
19579.25000000002
20656.00000000002
19719.00000000002
20172.000000000025
19875.00000000002
20294.000000000022