25146.000000000007
24936.000000000007
32551.000000000036
32284.000000000036
32548.000000000033
32272.000000000033
32548.000000000033
32272.000000000033
32548.000000000033
32272.000000000033
25330.000000000025
25723.000000000015
3461.000000000003
5782.000000000005
3726.500000000003
5923.000000000005
3848.0000000000036
5990.000000000005
3931.2500000000036
6055.0000000000055
3998.000000000003
6160.000000000004
4432.500000000004
6318.000000000005
4820.500000000005
6443.000000000004
4988.750000000004
6571.000000000006
5423.5000000000055
6692.000000000005
4941.750000000005
6828.000000000006
4382.2500000000055
6904.000000000007
5266.2500000000055
6939.000000000007
5293.5000000000055
6972.000000000007
5734.500000000006
7098.000000000006
6634.250000000006
7240.000000000005
5527.500000000006
7386.000000000006
4879.000000000005
7561.000000000006
5196.000000000005
7708.000000000007
4938.000000000005
7824.000000000007
5051.000000000004
7829.000000000006
5655.2500000000055
7790.000000000006
5984.500000000006
7700.000000000008
6535.250000000006
7518.000000000008
6798.250000000007
7333.000000000006
6999.750000000006
7182.000000000006
6865.0000000000055
7160.0000000000055
7277.250000000006
7157.000000000006
7412.750000000008
7169.0000000000055
7646.500000000006
7195.000000000006
7934.250000000007
7240.000000000005
8016.750000000007
7343.000000000008
8315.250000000007
7460.000000000007
8708.750000000007
7609.000000000007
8146.000000000007
7752.000000000006
8052.750000000008
7886.000000000007
7976.750000000008
7963.000000000007
7621.750000000007
7974.000000000006
7385.000000000006
7877.000000000008
7807.000000000007
7705.000000000007
8152.000000000008
7543.000000000006
8192.000000000007
7356.000000000008
7946.000000000007
7204.000000000004
7712.500000000007
7078.0000000000055
8147.7500000000055
6949.000000000006
8228.50000000001
6847.000000000006
8382.500000000007
6792.0000000000055
8598.25000000001
6730.000000000005
8556.50000000001
6688.000000000003
8668.250000000007
6633.000000000004
8802.25000000001
6661.000000000005
8570.250000000007
6711.000000000007
8968.00000000001
6741.000000000007
9593.50000000001
6737.000000000005
10452.750000000011
6730.000000000005
10489.000000000011
6748.0000000000055
9782.50000000001
6740.000000000004
9544.250000000011
6699.000000000005
9358.00000000001
6789.000000000007
8553.25000000001
7528.000000000007
8459.25000000001
8043.000000000008
9551.250000000011
7225.000000000005
9864.25000000001
6407.000000000003
9715.75000000001
6089.000000000006
8978.50000000001
6247.000000000003
6875.750000000007
6867.000000000005
6672.0000000000055
5893.0000000000055
6927.500000000006
6294.000000000006
7524.500000000006
7058.000000000006
8231.00000000001
6999.000000000006
7373.250000000007
6028.000000000006
6893.250000000006
5973.000000000003
5630.5000000000055
6415.0000000000055
4645.750000000005
6796.0000000000055
4586.250000000005
7113.000000000004
4485.250000000004
7267.000000000007
4413.000000000004
7249.000000000006
4279.750000000004
7074.000000000006
3907.500000000004
6784.000000000007
25418.250000000022
25911.000000000025
32277.000000000036
32272.000000000033
30778.500000000033
32272.000000000033
30112.50000000003
32272.000000000033
31966.500000000033
32284.000000000036
25237.250000000015
24936.000000000007