8507.25000000001
10147.000000000011
8267.250000000007
9303.000000000005
8091.000000000006
10687.000000000011
8045.000000000008
11633.000000000015
8139.750000000008
11831.000000000015
8661.500000000007
12070.000000000011
9169.50000000001
12474.000000000007
8378.750000000007
13043.000000000011
8006.500000000008
13015.000000000016
9085.75000000001
12725.000000000015
9256.250000000007
12090.000000000013
8550.500000000007
11660.00000000001
8940.50000000001
12287.00000000001
10625.25000000001
13736.000000000015
12062.750000000011
12650.000000000013
13727.250000000013
10716.000000000007
15102.250000000016
10592.000000000013
15440.750000000016
13230.00000000001
14856.000000000016
15605.000000000015
15111.250000000016
15988.000000000018
15872.250000000016
16076.000000000013
15586.000000000015
16170.00000000002
14889.250000000015
16979.00000000001
14425.000000000013
18834.00000000001
14607.250000000013
20171.000000000025
14728.250000000015
20299.000000000022
14361.000000000016
19928.00000000002
14255.250000000015
19403.000000000022
13903.750000000013
18853.000000000022
13807.250000000011
18429.000000000015
14112.000000000015
19097.000000000022
13758.250000000013
21787.000000000025
13891.500000000016
23771.000000000015
14294.750000000018
24763.000000000022
14366.000000000015
24921.00000000002
14137.750000000015
25220.000000000033
13979.500000000011
25919.000000000022
14482.500000000016
26112.00000000003
14883.250000000016
25955.00000000003
14788.000000000016
25547.000000000025
14563.250000000016
24905.000000000025
14172.250000000015
24710.000000000025
14206.000000000018
24855.000000000022
14530.750000000016
24954.000000000033
13790.750000000015
24358.00000000002
13197.250000000015
23552.000000000025
13599.750000000016
23203.00000000003
14155.750000000018
22483.000000000025
14785.750000000013
22006.000000000025
14901.500000000018
22213.000000000025
14619.250000000015
21257.000000000025
14193.000000000013
21022.000000000025
13650.000000000016
20022.00000000002
13119.250000000013
19560.000000000025
13293.250000000013
20093.00000000002
12497.250000000011
20826.000000000022
12172.250000000011
21668.000000000025
13201.250000000015
23296.00000000002
14598.750000000013
23622.000000000022
14654.750000000011
21762.00000000003
13308.500000000015
20476.000000000025
13320.250000000015
21604.000000000025
13180.500000000013
22201.000000000022
12573.250000000011
22820.00000000002
12262.750000000015
23668.000000000015
13273.500000000016
23696.00000000003
15348.750000000016
23418.00000000002
16050.000000000018
24168.000000000022
15377.750000000016
25558.000000000025
14047.500000000015
25273.000000000025
14472.750000000015
25922.000000000033
15411.000000000013
26843.00000000002
15186.750000000015
27860.00000000003
15709.000000000015
28332.000000000025
16955.75000000002
27240.000000000033
16731.750000000015
27020.000000000015
16535.250000000015
27825.000000000033
15929.750000000013
28042.00000000003
16160.250000000015
27698.000000000033
16630.000000000015
27892.00000000002
17105.25000000002
28021.000000000022
17440.750000000015
26864.000000000033
17719.25000000002
23613.00000000002
17764.250000000015
23449.000000000022
18053.250000000015
22309.00000000001
17834.00000000002
21667.000000000022
17348.250000000015
20190.000000000025
16629.25000000002
18106.00000000001
15619.500000000016
18795.000000000015
15727.000000000015
18982.000000000022