7806.500000000008
2232.0000000000023
7982.750000000007
2100.000000000002
8116.250000000007
2042.0000000000023
8041.250000000008
2078.0000000000014
8095.250000000008
2177.0000000000023
7719.250000000009
2325.0000000000027
7319.750000000007
2348.0000000000023
7224.000000000007
2379.0000000000023
7785.500000000007
2432.0000000000027
8345.000000000011
2512.0000000000027
8595.50000000001
2526.0000000000027
8923.75000000001
2520.0000000000027
10417.000000000011
2583.0000000000014
11002.000000000011
2481.000000000002
11536.750000000013
2718.0000000000027
12136.750000000011
4351.000000000003
13302.500000000013
6797.000000000007
14401.500000000016
7909.000000000008
15371.750000000016
6987.000000000007
16060.50000000002
6236.000000000007
15973.750000000016
8839.000000000011
15444.250000000015
9509.000000000013
14350.500000000015
9192.000000000007
14305.750000000015
10007.000000000007
14548.750000000016
10214.000000000011
13872.500000000015
7124.000000000007
13051.500000000011
6490.000000000007
12677.250000000013
8833.000000000011
12063.000000000013
8355.000000000004
11453.000000000011
8243.00000000001
11115.500000000011
6858.000000000006
10259.750000000011
5620.000000000006
9292.250000000011
4597.0000000000055
8511.50000000001
5254.0000000000055
7820.750000000007
6636.0000000000055
7885.500000000008
5842.000000000006
8188.000000000008
5640.000000000006
8250.00000000001
4679.0000000000055
8179.750000000007
4395.0000000000055
7834.75000000001
4604.000000000004
7182.250000000007
5940.000000000006
6991.250000000007
5727.0000000000055
6844.250000000007
4894.0000000000055
6753.250000000008
4456.000000000005
6767.750000000007
4534.000000000003
6818.750000000008
4384.000000000005
6861.250000000008
3290.000000000003
7981.750000000009
2878.0000000000027
8676.250000000007
3026.0000000000023
8306.25000000001
2882.0000000000027
8554.00000000001
2965.0000000000023
9374.75000000001
3075.0000000000023
9698.50000000001
4000.000000000004
9615.25000000001
7437.000000000008
9562.75000000001
10856.00000000001
9475.00000000001
15884.000000000018
9278.75000000001
20938.000000000025
9528.000000000007
24572.00000000002
9883.500000000011
26171.00000000002
10208.00000000001
27475.000000000022
10665.000000000011
28272.000000000025
10665.50000000001
28714.00000000003
10814.250000000013
28845.000000000022
11396.750000000013
28965.000000000033
11529.000000000011
29281.00000000002
11263.750000000011
29393.000000000022
10795.750000000011
29341.000000000036
10071.000000000011
29200.00000000003
10300.000000000011
29056.00000000003
10900.500000000011
28913.000000000036
11277.750000000013
29015.000000000033
11370.750000000011
29307.000000000036
11613.250000000011
29440.000000000033
11940.250000000013
29682.000000000022
12180.500000000015
29594.000000000033
13548.000000000015
29285.000000000033
13655.750000000013
28936.000000000033
15795.500000000018
26358.00000000003
16887.25000000002
23716.00000000002
16505.750000000015
23859.00000000002
16627.25000000002
24821.000000000022
17425.75000000002
25648.000000000015
18525.250000000015
26317.000000000022
19428.500000000022
25102.000000000015
19055.750000000022
24616.000000000025
19508.500000000022
25522.00000000003
20734.500000000022
25831.000000000033
21563.000000000022
24970.00000000002
22355.750000000025
23029.000000000025
21710.250000000025
23134.000000000025