9098.000000000011
8028.000000000008
8971.750000000011
7212.000000000004
8900.75000000001
6463.000000000005
8543.25000000001
5600.000000000006
8078.000000000006
5310.000000000005
7996.500000000009
5405.0000000000055
7936.500000000008
5616.0000000000055
8208.75000000001
6202.0000000000055
8323.00000000001
7089.000000000008
8443.500000000007
7371.000000000008
8325.25000000001
7036.000000000006
8239.000000000007
6411.000000000007
7584.750000000008
5925.000000000004
7350.250000000006
5876.000000000005
7463.500000000008
6129.000000000006
7287.750000000007
6813.000000000005
7137.500000000008
7419.000000000008
7499.000000000006
7662.000000000006
8066.500000000009
7342.000000000006
8435.50000000001
7955.000000000009
8858.250000000011
9015.000000000011
9287.50000000001
9805.00000000001
10306.00000000001
11534.000000000015
10454.75000000001
10771.00000000001
10156.750000000011
10436.000000000011
9948.50000000001
11757.000000000007
9251.50000000001
12393.00000000001
9484.50000000001
12189.000000000011
9332.750000000007
12714.00000000001
9586.75000000001
13488.000000000015
9601.00000000001
13407.000000000015
9695.75000000001
12906.000000000011
10515.500000000011
11478.000000000011
11247.750000000013
9288.000000000011
11503.000000000011
10426.000000000013
11996.00000000001
11572.000000000013
11988.500000000015
12159.000000000011
12812.000000000016
11076.000000000013
12994.000000000013
9903.000000000013
13281.500000000015
9412.00000000001
13246.250000000015
9637.00000000001
13422.500000000015
8552.000000000007
13367.000000000013
7630.000000000008
13285.250000000013
7699.000000000009
13236.250000000015
7056.000000000008
13365.750000000013
6827.000000000008
13539.250000000013
6904.000000000007
13470.000000000015
7405.000000000008
12974.000000000013
7911.000000000007
12141.50000000001
7894.000000000007
11825.750000000013
7077.000000000008
11956.000000000013
6844.000000000009
12168.750000000015
6536.000000000007
12020.00000000001
7521.000000000007
11933.000000000011
8920.000000000011
13174.250000000015
11525.000000000013
13766.500000000015
13477.000000000015
13491.750000000013
14442.000000000015
13554.500000000015
15622.00000000002
12908.000000000013
17164.000000000015
11952.750000000013
18250.00000000002
11571.000000000013
18626.000000000022
11378.750000000011
19342.000000000022
10766.25000000001
20014.000000000015
10927.500000000011
20226.000000000022
11309.25000000001
20899.000000000015
10651.750000000013
20967.000000000022
10358.250000000011
21847.000000000025
10748.000000000011
20931.000000000022
10310.000000000011
20103.000000000022
10022.75000000001
21290.000000000022
10649.000000000011
22143.000000000025
10755.000000000011
23331.000000000022
10224.250000000011
21367.000000000022
10128.50000000001
19876.000000000022
10221.000000000011
21762.000000000025
10158.000000000011
23916.000000000025
10203.000000000011
22355.000000000025
10680.500000000013
19942.000000000022
11194.750000000015
18651.00000000001
10440.00000000001
18688.000000000015
8092.500000000007
17812.00000000002
7321.250000000006
17234.00000000001
7233.500000000007
15472.000000000015
7344.000000000007
13634.000000000013
7019.500000000006
12416.000000000015
6954.750000000007
13055.000000000013
7247.000000000007
13579.000000000015
7570.750000000007
13993.00000000001
7298.000000000007
14495.000000000018