5486.0000000000055
6653.000000000005
5241.7500000000055
9133.000000000011
5084.500000000006
9467.000000000007
5229.0000000000055
6676.000000000005
5540.500000000005
7760.000000000008
5369.250000000006
7051.000000000008
5108.000000000005
4850.000000000003
4700.250000000005
4411.000000000005
4308.750000000005
4390.000000000004
4315.250000000005
5122.000000000004
4250.250000000005
6262.000000000007
4315.750000000004
7297.000000000007
4700.750000000005
6513.000000000007
5065.750000000005
7942.000000000009
5564.2500000000055
9094.000000000007
5821.0000000000055
9813.00000000001
5982.750000000006
8857.000000000007
5791.2500000000055
10246.000000000011
5397.000000000005
10034.000000000011
5564.000000000006
9594.000000000011
6184.0000000000055
11643.000000000011
6390.250000000006
7933.00000000001
7089.000000000006
9646.000000000005
7130.500000000007
9093.000000000007
6888.000000000006
10289.000000000007
7047.000000000007
7615.000000000009
6954.250000000006
6372.000000000005
7007.500000000007
6811.0000000000055
7020.500000000008
7758.000000000005
9200.25000000001
8748.000000000005
10872.000000000011
8065.000000000006
10027.250000000011
7492.000000000007
9853.500000000011
8073.000000000008
10212.500000000011
8187.000000000006
10538.000000000011
7794.000000000007
10743.75000000001
6771.000000000006
11008.000000000013
5712.0000000000055
10669.500000000011
6522.0000000000055
10116.50000000001
8072.000000000008
9294.00000000001
11656.000000000011
10258.250000000011
15260.000000000016
10501.000000000011
19010.000000000015
11160.750000000013
20902.00000000002
11928.500000000013
21972.00000000002
11482.250000000013
22897.000000000025
10243.25000000001
23786.000000000015
9591.750000000007
19838.00000000002
10098.000000000011
13637.000000000011
10279.000000000011
10200.000000000011
10762.500000000013
10352.000000000011
10253.00000000001
10021.000000000011
9852.25000000001
11023.000000000011
10349.500000000011
18087.00000000002
10003.25000000001
20326.00000000002
9443.25000000001
21544.000000000025
9658.75000000001
18375.00000000002
9356.75000000001
8343.00000000001
9486.75000000001
7500.000000000007
9508.00000000001
6851.000000000007
9535.50000000001
5432.0000000000055
9282.50000000001
5061.000000000004
8804.500000000011
6459.000000000006
9033.50000000001
6105.000000000005
8295.750000000007
11042.000000000011
9363.750000000007
23790.000000000015
12057.500000000011
20025.00000000002
10362.500000000011
4348.000000000005
7963.750000000008
2826.000000000003
7273.750000000006
3443.0000000000036
5974.0000000000055
6984.000000000006
5371.2500000000055
13014.000000000011
5343.000000000006
16984.000000000015
5396.750000000005
14005.000000000016
6482.750000000006
8715.00000000001
7505.500000000006
5035.000000000006
7022.750000000007
5065.0000000000055
5961.750000000007
5916.000000000004
6683.250000000008
6456.000000000005
7995.750000000008
6728.000000000008
7316.000000000006
7079.000000000008
6072.500000000005
6377.0000000000055
5208.7500000000055
5420.0000000000055
5692.7500000000055
5497.0000000000055
6148.500000000007
6001.000000000006
5898.250000000006
6000.000000000007
5017.5000000000055
5652.000000000006
4767.250000000005
5470.000000000005
4866.750000000005
4943.000000000004
4550.250000000004
4537.000000000005
5185.7500000000055
4084.0000000000045