19523.000000000022
18935.000000000025
19683.50000000002
18736.000000000015
19553.75000000002
18510.000000000022
19404.750000000022
18352.00000000002
19347.250000000022
18138.000000000022
19184.00000000002
17528.000000000022
19031.500000000015
17778.00000000002
18887.75000000002
17554.00000000001
19066.000000000022
17830.000000000022
19115.75000000002
18767.000000000015
18944.50000000002
19531.000000000022
19218.750000000022
17997.000000000025
19502.50000000002
18386.000000000015
19133.50000000002
18892.00000000002
18940.25000000002
18899.00000000002
18604.50000000002
19554.00000000002
19044.25000000002
18914.00000000002
18971.750000000022
19052.000000000022
19144.00000000002
19391.000000000015
19161.500000000022
19147.000000000015
19293.50000000002
18770.000000000025
19136.00000000002
15077.000000000016
18316.50000000002
13647.000000000007
17513.50000000002
14659.000000000015
16990.000000000015
11923.000000000013
16360.750000000016
11039.00000000001
15977.750000000016
13797.000000000013
15949.500000000015
13149.000000000005
15638.250000000015
11371.000000000013
15797.250000000016
10591.000000000005
15750.500000000018
10203.000000000011
15860.750000000018
10376.00000000001
15891.750000000015
11547.000000000013
15768.500000000015
12550.000000000007
15308.500000000015
11222.000000000011
15352.750000000015
10748.000000000011
14422.750000000015
11450.000000000011
13460.000000000015
9585.000000000005
13005.500000000011
10372.000000000011
13427.250000000015
13424.000000000011
13659.750000000016
13504.000000000013
13068.000000000016
13342.000000000016
12596.250000000011
13035.000000000013
12165.000000000015
12212.000000000013
12117.000000000015
13006.000000000016
12326.000000000011
13711.000000000016
12630.500000000015
13900.000000000015
12598.000000000013
12510.000000000011
11732.000000000011
11717.000000000005
11608.750000000011
13107.000000000015
12056.500000000011
15099.000000000016
11954.500000000011
15445.000000000018
12117.500000000011
15228.000000000018
12432.000000000015
15783.000000000016
12371.750000000013
16656.00000000001
11483.250000000013
17082.00000000002
10517.500000000011
17098.00000000001
11029.50000000001
18049.000000000015
11716.500000000013
18489.000000000022
12138.250000000013
18501.000000000022
12447.750000000013
18888.000000000015
12473.750000000011
19007.000000000022
12832.750000000013
18815.00000000002
12540.500000000013
18863.00000000002
12222.000000000011
19261.000000000022
11960.750000000013
18226.00000000001
12525.000000000015
18535.000000000022
12948.750000000011
18463.000000000022
12825.000000000013
18625.00000000002
12886.250000000013
18748.000000000022
13137.250000000011
18933.000000000015
13363.250000000013
18094.000000000015
13792.500000000013
18308.000000000015
14000.000000000015
19111.000000000022
14275.000000000016
18396.000000000022
15293.750000000015
18290.000000000022
15755.250000000015
19176.000000000015
16118.750000000016
19374.000000000015
16501.500000000022
19001.00000000002
16836.00000000002
19377.000000000022
18132.25000000002
19102.000000000015
18699.25000000002
19589.000000000025
18621.25000000002
19749.000000000022
18882.750000000015
19423.00000000002
18578.750000000015
18560.00000000001
18640.000000000015
18556.00000000002
18760.75000000002
19293.000000000022
18939.75000000002
19414.00000000001
18554.00000000002
18603.00000000002
18484.75000000002
19179.00000000002