253.00000000000028
217.00000000000023
9708.000000000011
10398.000000000011
12319.000000000011
12852.000000000013
12110.250000000015
11839.000000000011
11816.750000000011
11421.000000000011
11469.500000000013
11462.000000000011
11411.00000000001
12415.000000000013
11214.500000000013
12713.00000000001
11308.000000000011
10890.000000000011
11156.75000000001
11571.000000000013
11100.500000000011
11486.00000000001
11215.750000000013
11772.000000000007
11069.25000000001
12736.000000000015
10104.75000000001
12713.00000000001
9620.750000000011
12292.000000000007
9736.75000000001
10863.000000000011
10063.50000000001
11114.000000000013
10763.00000000001
11790.000000000013
11859.000000000013
11243.000000000013
12146.000000000011
10699.000000000011
10881.75000000001
10786.000000000013
10228.250000000011
11189.000000000013
10209.750000000011
11500.000000000013
10720.750000000011
11669.000000000013
11113.500000000011
11943.000000000013
11163.500000000011
12319.000000000015
12649.250000000011
12686.000000000007
13660.250000000015
12961.000000000016
14754.750000000013
12599.000000000016
13806.000000000016
12715.000000000013
12515.750000000013
12802.000000000016
12276.750000000011
12784.000000000011
12748.25000000001
12683.00000000001
14089.750000000015
12647.000000000011
13413.750000000016
12638.00000000001
14174.500000000016
12686.000000000007
13568.500000000015
12759.00000000001
11872.500000000013
12501.000000000015
12555.000000000015
12508.000000000005
11067.000000000013
12691.000000000005
10749.250000000013
13054.000000000013
11423.000000000011
12635.000000000015
11888.750000000011
11200.000000000013
11697.500000000013
10288.000000000011
11313.25000000001
10138.000000000011
11014.750000000011
10228.000000000007
11046.50000000001
10030.000000000007
10563.500000000007
9771.000000000007
10963.750000000013
9655.000000000011
11759.000000000013
9105.00000000001
11371.250000000011
7526.000000000008
11023.00000000001
6424.000000000007
10824.00000000001
6447.000000000007
10557.750000000011
7166.000000000009
11245.250000000013
8433.00000000001
10930.750000000011
8631.00000000001
10939.500000000011
8525.00000000001
10798.500000000011
8882.00000000001
11047.250000000011
9177.000000000007
10862.000000000011
9156.00000000001
10564.750000000011
8882.00000000001
10273.250000000011
8415.000000000007
9798.500000000011
8165.000000000009
9886.50000000001
8062.000000000006
10422.500000000011
8562.00000000001
10944.500000000011
9011.000000000011
10602.500000000013
8696.00000000001
10744.250000000011
8936.00000000001
11138.500000000011
9297.000000000011
10646.000000000011
9847.000000000007
9789.50000000001
9953.000000000011
8825.25000000001
9827.00000000001
8702.75000000001
10087.00000000001
9006.50000000001
9552.00000000001
9478.75000000001
8750.000000000007
9673.750000000011
7467.000000000007
9946.75000000001
6062.000000000004
9158.75000000001
6175.000000000006
8918.750000000011
6098.000000000005
8777.00000000001
5751.000000000006
8581.75000000001
5627.0000000000055
9382.250000000011
6087.0000000000055
10082.75000000001
6734.000000000007
9579.75000000001
7509.000000000008
10275.250000000011
10459.000000000011
9663.25000000001
10723.000000000011
8519.75000000001
5936.0000000000055
9209.25000000001
5966.0000000000055
6831.000000000008
5469.000000000006
66.25000000000006
64.00000000000004