3912.7500000000045
8662.00000000001
3708.0000000000036
9436.000000000007
3337.500000000003
10327.000000000007
4764.500000000005
10874.000000000015
5737.7500000000055
10916.000000000013
5716.500000000006
10923.000000000011
6196.750000000007
10889.000000000011
7005.2500000000055
11005.000000000013
6847.250000000006
11329.000000000011
5911.000000000006
11646.00000000001
6036.250000000006
11903.000000000015
6367.750000000006
12083.000000000011
6491.000000000007
12195.00000000001
6156.0000000000055
12327.000000000005
6185.500000000007
12536.000000000013
5976.500000000006
12690.000000000013
6354.000000000007
13243.000000000016
6699.000000000007
13999.000000000011
5585.2500000000055
14351.000000000016
5522.750000000005
14110.000000000011
5957.7500000000055
13298.000000000013
5815.7500000000055
12202.000000000013
7744.250000000008
10752.000000000011
8986.75000000001
9402.000000000005
10589.750000000013
8448.00000000001
10666.750000000013
8030.000000000008
10492.500000000011
7849.000000000009
10763.00000000001
7628.000000000009
11923.750000000011
7571.000000000008
11873.250000000015
7696.000000000009
10355.750000000011
7838.000000000008
9929.25000000001
7915.000000000008
9988.00000000001
7857.000000000005
10733.750000000011
7611.0000000000055
10620.00000000001
7226.000000000007
10291.25000000001
6728.000000000007
9899.250000000007
6381.000000000004
9804.500000000011
6322.000000000006
9863.50000000001
6398.000000000006
10078.50000000001
6515.000000000007
10588.75000000001
6599.000000000007
10279.75000000001
6692.000000000005
9076.000000000011
6553.000000000007
9138.250000000011
6438.0000000000055
9980.50000000001
6468.0000000000055
11143.250000000011
6402.000000000005
10525.750000000011
6129.000000000006
10102.500000000011
5840.000000000004
10353.250000000013
5382.000000000006
10650.50000000001
5162.0000000000055
10418.25000000001
5638.000000000006
10608.250000000011
6101.000000000006
11292.000000000011
6588.000000000006
12209.250000000011
6268.000000000006
11613.250000000015
5982.000000000007
11144.750000000013
6558.000000000006
11493.50000000001
6472.000000000007
11295.750000000011
5521.0000000000055
11503.750000000013
5391.0000000000055
11586.750000000013
5566.0000000000055
11132.500000000011
5681.0000000000055
10801.000000000011
5082.0000000000055
11345.250000000013
3367.0000000000036
12456.500000000015
3312.0000000000036
13373.000000000013
4626.0000000000055
12613.000000000013
5121.000000000005
10366.50000000001
3055.0000000000027
9220.25000000001
2072.000000000001
10109.50000000001
2982.000000000003
11358.750000000013
3355.000000000003
11848.000000000011
2351.0000000000027
12365.250000000015
3571.0000000000036
10656.500000000011
5251.000000000006
10316.750000000013
5500.0000000000055
10383.250000000011
5633.000000000005
9527.00000000001
5673.0000000000055
8323.25000000001
5633.0000000000055
8407.50000000001
5665.0000000000055
7940.750000000008
5781.000000000004
7560.250000000008
6032.000000000006
7387.500000000006
6377.0000000000055
7546.500000000008
6691.000000000007
7383.500000000007
6900.000000000006
7220.250000000009
6870.000000000006
6892.250000000007
6594.000000000007
6231.750000000006
6006.000000000005
6170.750000000006
5222.0000000000055
5934.250000000006
4296.000000000005
5857.750000000005
3463.0000000000036
6223.250000000005
2950.0000000000023