13393.000000000016
11384.000000000015
14047.750000000013
10903.000000000005
14986.750000000016
11492.000000000013
15647.750000000013
12413.000000000013
16148.500000000015
13226.000000000011
15771.500000000016
11391.000000000011
15114.500000000015
11404.000000000013
14501.000000000013
15203.000000000016
14327.000000000015
14754.000000000018
14250.500000000013
13983.000000000013
14875.750000000016
16799.000000000015
15701.500000000015
19179.000000000025
16025.250000000018
18516.00000000001
15567.500000000015
18579.000000000022
16412.000000000015
19473.00000000002
16915.500000000015
20653.000000000022
16835.00000000002
20981.00000000002
17436.50000000002
20436.00000000001
17542.750000000015
19547.000000000022
16406.00000000002
19085.000000000015
16051.000000000018
19006.000000000022
17618.00000000002
20116.000000000022
17874.00000000002
19398.000000000022
16443.00000000002
18386.000000000015
15670.000000000013
18266.000000000022
15843.500000000018
15568.000000000013
15300.250000000015
16168.000000000016
15653.750000000013
18455.000000000022
16324.750000000016
17573.00000000001
16683.00000000002
15366.000000000018
16270.000000000018
17300.00000000002
15673.250000000015
18849.00000000002
16093.500000000018
18639.00000000001
15733.250000000018
16278.000000000018
15175.500000000018
16941.000000000007
16032.25000000002
19977.000000000022
15671.250000000015
19659.000000000022
14737.500000000013
18261.000000000022
12602.250000000013
19315.000000000015
9422.25000000001
18866.000000000022
7936.000000000008
19819.000000000022
6894.250000000006
18254.00000000002
6108.750000000006
13002.00000000001
5573.5000000000055
12170.000000000007
5299.000000000005
10900.000000000011
4849.7500000000055
8270.000000000007
4843.750000000005
9695.000000000007
5790.7500000000055
9858.00000000001
6332.250000000006
8635.000000000011
6149.250000000006
9905.000000000011
5348.250000000006
10093.000000000011
4951.250000000005
10829.00000000001
4318.250000000005
11008.000000000013
4333.000000000004
12301.00000000001
4992.2500000000055
14088.000000000016
5105.0000000000055
15017.000000000013
5296.2500000000055
14588.000000000015
5892.7500000000055
13332.000000000011
6304.7500000000055
13330.000000000016
6139.250000000006
12350.000000000013
6099.7500000000055
13247.00000000001
6176.500000000006
14185.000000000015
6448.750000000007
13120.000000000011
6765.0000000000055
14159.000000000018
7129.750000000007
13479.000000000016
7921.250000000009
12827.000000000013
8209.75000000001
13502.000000000015
9051.25000000001
12475.000000000013
8852.50000000001
11607.000000000013
10367.750000000013
10768.000000000011
9967.75000000001
11717.000000000011
9386.750000000007
13083.000000000016
12292.750000000015
13287.000000000011
13166.250000000015
12989.000000000015
13764.000000000013
11879.000000000016
14517.250000000016
13141.000000000015
15079.750000000016
12424.00000000001
14018.250000000013
11851.000000000011
14161.750000000016
10900.000000000011
14672.250000000013
12472.000000000015
14291.250000000016
14071.000000000015
14970.000000000016
12878.000000000015
15951.000000000015
16778.00000000001
14571.750000000013
17172.00000000002
16496.250000000015
14801.000000000015
18852.750000000022
14182.000000000013
15767.250000000016
16360.000000000016
14412.000000000015
17053.00000000001
14030.250000000016
15200.000000000016
14266.250000000015
14893.000000000015