32640.000000000033
32640.000000000033
32640.000000000033
32640.000000000033
30457.25000000003
30783.000000000036
17310.75000000002
17427.000000000015
11005.500000000013
9782.00000000001
11006.000000000013
10121.000000000011
10622.500000000011
10144.00000000001
10850.25000000001
10148.00000000001
11256.500000000011
9910.000000000011
11072.500000000011
9370.00000000001
10805.500000000011
8537.000000000007
10653.750000000011
7752.000000000009
10300.750000000011
7120.000000000008
10035.500000000011
6616.000000000007
10015.750000000011
6254.000000000007
10244.250000000011
6088.0000000000055
10248.50000000001
6014.000000000005
10039.000000000011
6098.000000000005
9625.500000000011
6283.000000000004
9275.00000000001
6428.000000000006
9331.750000000007
6505.000000000007
9584.50000000001
6540.000000000006
9692.000000000011
6529.0000000000055
9664.00000000001
6455.000000000005
9208.00000000001
6444.000000000006
9517.25000000001
9357.000000000005
9792.50000000001
11524.000000000011
10014.00000000001
11152.000000000013
10829.25000000001
9375.000000000007
10295.000000000011
9368.000000000007
11461.50000000001
9905.000000000005
11575.750000000011
9855.000000000007
10360.50000000001
9691.00000000001
11119.250000000011
11071.000000000011
13323.750000000016
8869.000000000005
12547.250000000013
7688.000000000007
11006.750000000011
9054.000000000011
10650.75000000001
9486.000000000005
10820.500000000011
9557.000000000011
11196.500000000011
8006.000000000008
12563.000000000011
7363.000000000006
12150.250000000013
6858.000000000008
11047.500000000011
6512.000000000006
9844.00000000001
6190.000000000006
10683.500000000011
5949.000000000006
11557.250000000013
5824.000000000005
11179.750000000011
5758.0000000000055
11050.500000000013
5796.000000000006
11286.750000000011
5913.0000000000055
10627.750000000011
6084.000000000004
9961.000000000011
6182.000000000007
9850.50000000001
6139.0000000000055
9034.25000000001
6107.000000000004
9169.750000000011
6164.0000000000055
9470.250000000011
6163.0000000000055
9592.750000000011
6291.000000000006
9113.500000000011
6340.000000000007
9373.00000000001
6461.0000000000055
9415.000000000011
6555.000000000005
8925.25000000001
6656.000000000004
8975.50000000001
6891.000000000006
8692.50000000001
6928.000000000005
8563.00000000001
7078.0000000000055
8174.750000000008
7241.000000000007
8115.250000000008
7657.000000000006
8038.750000000008
8329.000000000005
8120.750000000009
8877.000000000005
7987.500000000009
9015.000000000011
8262.250000000007
9143.000000000005
7510.750000000007
10233.000000000005
7454.750000000007
11864.000000000007
7840.750000000008
13046.000000000015
8165.000000000008
13506.00000000001
8483.25000000001
13547.000000000011
8464.75000000001
13327.000000000016
8156.500000000008
12982.000000000011
7722.250000000007
12160.000000000011
7518.000000000008
11649.000000000015
7336.500000000008
11342.000000000013
7347.750000000007
11428.000000000011
7182.750000000007
12060.000000000013
7015.000000000008
12470.00000000001
6876.250000000007
11752.00000000001
6787.750000000006
11984.000000000013
6722.750000000007
12475.000000000013
6009.0000000000055
12058.00000000001
15156.500000000018
18344.00000000002
30659.500000000036
30703.000000000022
32640.000000000033
32640.000000000033
32640.000000000033
32640.000000000033