5620.250000000006
1091.000000000001
5675.5000000000055
1401.0000000000014
5149.750000000005
2084.0000000000014
5049.0000000000055
2196.0000000000023
4518.2500000000055
2133.0000000000023
3885.2500000000036
2139.0000000000023
4040.7500000000036
2324.0000000000014
4496.000000000005
2276.0000000000023
4344.250000000005
2199.000000000002
3849.000000000003
3413.0000000000027
3556.750000000003
7009.0000000000055
3193.750000000003
13280.000000000016
3753.0000000000036
17042.000000000015
4450.250000000005
18571.000000000025
5530.500000000007
18434.000000000022
8435.250000000007
18509.000000000022
9703.250000000011
18069.00000000002
10925.250000000013
17673.00000000002
12514.250000000015
17399.00000000002
13734.500000000015
16578.00000000002
15029.500000000016
15947.000000000018
16605.00000000002
22427.000000000025
17273.50000000002
19531.00000000002
16212.00000000002
10026.00000000001
14598.000000000015
10850.000000000011
13688.750000000013
11887.000000000011
12223.750000000013
6383.000000000006
10964.000000000011
8124.000000000009
10454.250000000011
9625.000000000011
9615.750000000007
5961.000000000005
9363.500000000011
3578.0000000000045
9573.50000000001
4304.000000000005
9540.00000000001
6738.000000000007
9211.00000000001
8800.000000000005
8195.75000000001
6886.000000000008
6639.500000000006
5829.0000000000055
6585.000000000007
8286.000000000007
6627.750000000007
8861.00000000001
7956.500000000007
12964.000000000013
8230.00000000001
15986.000000000015
8110.250000000008
15580.000000000016
7161.250000000007
14301.000000000018
7107.250000000006
13679.000000000013
8902.25000000001
13606.000000000015
8743.250000000007
15369.000000000013
8191.250000000006
15654.000000000015
8601.25000000001
16018.000000000015
8642.500000000007
14946.000000000016
9328.500000000011
19408.000000000025
9219.50000000001
17952.00000000001
8555.50000000001
18113.00000000002
8081.000000000006
18203.000000000015
8219.250000000007
12324.000000000013
8993.00000000001
6431.0000000000055
9077.50000000001
9498.000000000011
7865.750000000007
13955.000000000015
7331.500000000006
15816.000000000016
7067.000000000008
17917.00000000002
6340.500000000005
18806.00000000001
6570.750000000007
18608.00000000001
6782.000000000007
17284.000000000022
6443.250000000007
16114.000000000016
7537.750000000008
14948.000000000011
7779.500000000006
13785.000000000013
9018.50000000001
12329.000000000011
9067.75000000001
12552.000000000013
8402.50000000001
13400.000000000015
8670.75000000001
14352.000000000016
7049.250000000006
15540.000000000015
6541.000000000006
16002.000000000018
7014.250000000007
16146.000000000016
7554.750000000008
15524.000000000018
7982.000000000008
14333.000000000016
8330.50000000001
13824.000000000018
8566.75000000001
15720.000000000013
8569.50000000001
15835.000000000018
8730.75000000001
16133.000000000016
9125.500000000007
15684.000000000015
9347.000000000007
14350.000000000015
8911.750000000011
12227.000000000015
7834.000000000009
8543.000000000011
7202.250000000007
4556.000000000005
7029.250000000007
4208.000000000004
6573.000000000006
4249.000000000005
5781.5000000000055
3472.0000000000036
4724.2500000000055
2735.0000000000023
3871.2500000000036
2326.0000000000027
3536.5000000000036
1890.0000000000023
3600.5000000000036
1926.0000000000018
3676.000000000004
1892.0000000000018