10119.500000000011
8570.00000000001
9895.25000000001
9426.000000000011
10957.500000000011
10388.000000000007
9681.75000000001
10511.00000000001
9734.75000000001
8514.000000000007
9727.250000000011
8493.000000000011
9984.000000000013
9136.000000000005
10209.250000000011
9214.000000000011
10347.750000000011
9935.000000000013
10797.000000000011
10035.000000000011
10468.75000000001
10745.000000000011
9567.750000000007
9467.000000000007
8673.750000000007
9449.000000000011
8015.000000000008
10235.000000000011
8839.750000000007
9944.000000000011
9745.750000000011
11360.000000000015
10420.750000000011
11852.000000000013
11292.250000000013
10069.00000000001
11843.750000000011
10688.000000000011
11241.000000000011
11461.000000000013
10345.250000000011
13061.000000000015
10985.250000000011
12772.000000000015
10791.25000000001
13423.000000000015
10934.000000000011
13705.000000000015
11280.500000000013
13419.000000000013
10805.75000000001
10861.000000000013
11014.000000000011
9925.00000000001
12001.500000000011
9607.00000000001
11577.000000000013
9175.000000000007
11576.000000000011
9989.000000000011
12121.500000000015
11850.000000000013
12285.250000000011
9954.000000000007
13920.250000000018
10046.000000000013
15505.000000000016
12925.00000000001
15019.750000000015
16884.00000000001
14248.750000000015
16888.00000000002
15481.250000000016
14003.000000000011
15456.750000000013
13155.00000000001
14198.250000000016
12955.000000000015
15392.000000000018
14105.000000000013
15614.000000000015
13966.000000000007
15291.000000000013
13868.000000000015
16035.250000000013
14660.000000000015
16964.25000000002
12727.00000000001
16948.50000000002
11396.000000000013
17264.00000000002
12955.000000000015
16758.500000000022
12872.000000000013
16235.750000000015
8455.000000000011
15648.500000000013
6397.000000000006
14974.750000000015
4776.0000000000055
14510.250000000015
1667.0000000000016
15877.500000000016
996.000000000001
16003.500000000018
1289.000000000001
14430.250000000015
1206.0000000000014
13952.500000000015
1039.0000000000011
14069.750000000016
1013.000000000001
13775.250000000015
1449.0000000000016
11907.750000000013
1672.0000000000018
9548.25000000001
2193.0000000000023
9371.250000000007
4463.000000000004
9649.500000000011
5044.0000000000055
9942.750000000011
5151.0000000000055
8991.00000000001
4619.000000000004
7191.250000000007
4683.000000000005
6844.750000000007
6126.0000000000055
6264.2500000000055
8576.000000000007
6401.7500000000055
12673.000000000013
8001.000000000009
11251.000000000011
8984.75000000001
8497.000000000005
9392.25000000001
9050.00000000001
10085.000000000011
8556.00000000001
10402.000000000011
8610.000000000005
10972.750000000013
8246.000000000011
11172.250000000011
10140.00000000001
10743.00000000001
15137.000000000015
13341.500000000015
17587.000000000022
13248.000000000015
13704.00000000001
11041.250000000011
8716.000000000005
9708.250000000011
5879.000000000004
9021.75000000001
3819.0000000000045
8694.50000000001
5977.000000000004
8903.25000000001
7594.000000000009
9596.500000000007
8304.00000000001
9573.00000000001
9385.000000000011
9374.250000000011
9393.00000000001
9730.000000000011
10145.000000000007
9615.750000000007
10206.000000000013
9484.50000000001
8471.00000000001
9222.000000000007
9366.000000000011
9336.000000000007
9019.000000000011