16466.750000000015
15521.000000000016
15078.500000000015
15413.000000000018
14513.000000000015
15141.000000000016
14008.750000000016
13535.00000000001
13328.500000000013
13453.000000000016
12468.000000000013
14315.000000000013
12019.750000000011
15799.000000000016
12456.500000000011
17894.000000000022
13716.500000000016
20135.000000000022
14280.250000000015
21432.000000000015
13395.250000000015
22100.000000000025
12593.500000000015
22389.000000000025
13354.250000000015
22027.000000000025
14049.750000000015
21962.000000000022
13919.500000000015
22386.000000000022
12658.250000000013
22879.000000000022
11360.250000000013
22514.000000000025
10923.250000000011
21360.00000000002
10434.750000000011
20858.000000000022
11267.250000000013
19784.000000000022
11997.000000000013
18886.000000000015
10703.00000000001
19938.000000000015
10629.250000000013
19792.00000000002
11764.250000000013
19840.00000000001
12317.500000000015
19656.00000000002
11713.250000000013
18918.000000000015
10913.000000000013
17837.000000000015
10515.500000000011
17587.00000000001
9926.250000000011
15830.000000000016
9689.25000000001
13889.000000000016
10592.000000000011
12163.00000000001
11494.25000000001
12740.000000000011
12242.500000000015
13195.000000000011
11983.000000000013
11254.000000000011
12331.750000000013
8734.00000000001
12413.250000000013
7544.000000000009
11773.750000000011
8889.000000000011
11106.750000000011
7305.000000000007
10856.250000000013
5229.0000000000055
11692.750000000011
5362.000000000006
11500.000000000011
6728.000000000007
10240.500000000011
8062.000000000009
11695.000000000013
6716.000000000008
12298.000000000011
7155.000000000007
10893.750000000013
8684.00000000001
11003.25000000001
9665.000000000007
11726.000000000011
10745.000000000011
10937.250000000013
10738.000000000013
10459.500000000011
10697.000000000011
10484.250000000011
12879.000000000015
10699.000000000011
14345.000000000015
10032.00000000001
13938.000000000013
9299.750000000007
12120.00000000001
8970.50000000001
10557.00000000001
8848.000000000007
11582.000000000011
9160.75000000001
12434.000000000011
8796.500000000007
12016.000000000007
8566.75000000001
10679.000000000011
8135.000000000008
8497.000000000005
6536.0000000000055
8748.000000000005
6332.500000000007
10209.00000000001
6494.000000000006
8881.000000000007
6288.750000000007
7522.000000000005
5945.500000000006
7687.000000000008
5292.250000000005
8179.000000000009
6154.250000000006
8302.000000000007
6403.750000000005
9547.000000000005
5390.5000000000055
11294.000000000011
4986.500000000005
13743.000000000015
5160.500000000005
17245.000000000025
6935.750000000007
19734.000000000022
6852.250000000007
21790.000000000022
7123.250000000007
25136.000000000025
7488.5000000000055
27362.00000000003
7562.000000000008
27134.00000000003
7185.250000000006
27433.000000000022
10109.00000000001
27274.000000000022
12129.750000000015
25840.00000000003
10889.25000000001
23719.000000000025
9458.25000000001
23278.000000000025
8172.250000000007
23915.00000000002
7537.500000000009
23575.000000000022
8020.000000000006
21662.00000000002
8009.750000000007
18078.00000000002
6805.500000000007
14173.000000000015
5340.2500000000055
10360.000000000013
4312.750000000004
9327.000000000005
3572.7500000000036
8866.00000000001
2989.750000000003
9663.000000000011
2880.0000000000027
12340.000000000015