9232.25000000001
5331.0000000000055
9135.00000000001
5363.000000000006
9015.000000000011
5383.0000000000055
8808.50000000001
5375.0000000000055
8644.500000000007
5332.000000000005
8583.75000000001
5287.000000000005
8524.00000000001
5167.0000000000055
8374.50000000001
4962.000000000006
8261.00000000001
4996.000000000004
8155.500000000008
5212.0000000000055
8100.500000000009
5542.000000000006
8039.750000000008
5919.000000000007
7945.000000000008
6310.000000000007
7792.250000000007
6774.000000000007
7663.000000000008
7071.000000000008
7452.750000000008
7284.000000000008
7766.000000000007
7412.000000000008
8234.50000000001
7450.000000000007
8002.250000000007
7648.000000000008
7960.000000000009
7810.000000000008
7584.750000000008
7814.000000000008
8635.50000000001
7668.000000000008
8776.250000000007
7314.0000000000055
8148.250000000008
6995.000000000006
8322.500000000011
6904.000000000008
7710.500000000007
6936.000000000007
6895.250000000006
6990.000000000007
7249.000000000008
7023.000000000008
8267.750000000007
6948.0000000000055
8873.00000000001
6720.0000000000055
8407.000000000007
6342.000000000007
7938.750000000008
6107.000000000004
8232.500000000007
6071.000000000007
8280.750000000007
6247.0000000000055
7811.750000000008
6503.000000000008
7028.750000000007
6671.000000000008
7507.7500000000055
6582.000000000003
7830.250000000007
8248.000000000007
8345.75000000001
9266.000000000005
8357.75000000001
8201.000000000007
7963.750000000008
7613.000000000007
8544.25000000001
8350.00000000001
8202.75000000001
5663.000000000006
7770.500000000007
7575.000000000009
7841.500000000006
8991.000000000013
8462.000000000007
7928.000000000008
8860.00000000001
7869.00000000001
8684.00000000001
8075.000000000008
8685.250000000007
8020.000000000008
8855.75000000001
7523.000000000007
8624.75000000001
7258.000000000006
8701.750000000007
7722.000000000008
8319.500000000007
8026.000000000008
8456.250000000007
8097.000000000007
8260.000000000005
8048.000000000009
8055.000000000007
7896.000000000007
8177.25000000001
7614.000000000007
8775.00000000001
7328.000000000008
9022.00000000001
7182.000000000006
9040.50000000001
7054.000000000009
8689.500000000007
7049.000000000007
8669.50000000001
7135.000000000009
8674.25000000001
7086.000000000008
9025.50000000001
6862.000000000006
8997.50000000001
6538.000000000006
9225.50000000001
6266.000000000007
8922.000000000007
6125.000000000003
8434.250000000007
5924.000000000007
8464.750000000007
5642.000000000003
7922.750000000009
5372.0000000000055
7543.750000000006
5235.0000000000055
7760.250000000006
5275.0000000000055
8401.750000000007
5379.000000000005
8002.500000000009
5374.0000000000055
7364.750000000007
5404.0000000000055
7287.750000000007
5349.0000000000055
7423.250000000008
5242.000000000003
7576.500000000006
5556.000000000004
7543.500000000008
6043.000000000007
7576.250000000007
6600.000000000009
7706.250000000008
6992.000000000006
7799.250000000007
7069.000000000008
7814.250000000009
6692.000000000005
7721.750000000006
6042.0000000000055
7485.250000000008
5283.000000000005
7342.750000000007
4549.000000000003
7322.250000000008
4098.000000000005
7371.750000000006
3918.0000000000045
7386.250000000007
3961.000000000004
7373.500000000007
4097.000000000004