16984.25000000002
18510.000000000022
17208.50000000002
18799.000000000022
17444.75000000002
18979.000000000015
17621.50000000002
18596.000000000022
17540.25000000002
18194.00000000001
17663.25000000002
18042.00000000001
17839.250000000015
17758.000000000022
17962.25000000002
17839.00000000002
17835.25000000002
17758.00000000002
17720.25000000002
17818.000000000022
17152.75000000002
18161.00000000002
16475.500000000015
17449.00000000001
17645.00000000002
18226.00000000001
18136.50000000002
17520.00000000002
17489.750000000015
17718.000000000022
16156.750000000016
18725.00000000002
15742.750000000016
18577.000000000025
15846.500000000016
20102.00000000002
16515.750000000015
18627.000000000015
17885.500000000015
18123.000000000022
18239.000000000022
19257.00000000002
17902.25000000002
17485.000000000015
17981.25000000002
15893.000000000016
17527.00000000002
15817.000000000015
17446.00000000002
16422.00000000002
18014.25000000002
16292.000000000015
19089.500000000022
15224.000000000015
19536.25000000002
15449.000000000016
19689.250000000022
16912.00000000002
19752.250000000022
17564.000000000015
19232.00000000002
17163.00000000002
18082.75000000002
16922.000000000015
17054.25000000002
18126.000000000015
16789.00000000002
18147.00000000002
16611.00000000002
17345.000000000022
16071.000000000016
19410.00000000002
15472.500000000015
18860.00000000002
14938.500000000015
16440.00000000002
14790.250000000018
17498.000000000022
15318.500000000015
18133.00000000001
16004.500000000016
18220.00000000002
16193.500000000015
19346.000000000025
16107.250000000016
18912.000000000022
16410.00000000002
16431.00000000002
16380.750000000018
17622.000000000015
15761.250000000018
17556.00000000001
15751.000000000015
17178.00000000002
15337.500000000015
16578.00000000002
14883.000000000016
15848.000000000016
14572.25000000002
14611.000000000015
14168.250000000013
13891.000000000016
13806.750000000013
16831.000000000015
14198.250000000013
16920.000000000015
13987.000000000015
15385.000000000013
12998.500000000013
14688.000000000016
13154.750000000013
16098.000000000016
13606.000000000015
16791.00000000002
13507.500000000015
15786.000000000016
13569.250000000015
14002.000000000015
13995.750000000016
15923.000000000016
14179.000000000016
17439.000000000015
13859.250000000015
16714.00000000002
13128.000000000016
15368.000000000018
11896.000000000013
14307.000000000016
11821.500000000013
13867.000000000011
12914.500000000015
13817.000000000016
14139.500000000013
14310.000000000016
13779.750000000016
14157.000000000016
13426.000000000015
14241.000000000016
13129.000000000013
14109.000000000015
12986.000000000013
13885.000000000018
11934.750000000015
14360.000000000015
10972.250000000011
14398.000000000015
11988.750000000015
13777.000000000016
13406.000000000015
13757.000000000015
13837.250000000015
14150.000000000016
13583.500000000015
14558.000000000015
12102.250000000011
14727.000000000016
11268.500000000011
14499.000000000013
11797.250000000011
14619.000000000015
12331.250000000015
14484.000000000016
12094.750000000015
14216.000000000011
12077.000000000016
14047.000000000016
12445.500000000013
13939.000000000016
12799.500000000013
13543.000000000016
11966.000000000013
13600.000000000016
12023.000000000015
13811.000000000011
12616.750000000013
13753.000000000016
13314.250000000013
14176.00000000001
14027.500000000015
14223.000000000015