1883.7500000000018
1212.0000000000005
1848.0000000000018
1230.000000000001
2061.000000000002
1260.0000000000014
2325.0000000000023
1216.0000000000014
2553.5000000000023
1490.0000000000011
2699.750000000003
2859.0000000000027
2824.7500000000027
3396.000000000003
2834.750000000003
4339.000000000005
2787.7500000000027
4988.0000000000055
2667.7500000000023
7040.0000000000055
2505.7500000000027
9068.000000000005
2403.7500000000023
8942.000000000011
2266.2500000000023
5987.000000000006
2249.2500000000023
4719.000000000005
2319.2500000000027
3488.000000000004
2642.2500000000027
5256.000000000006
3124.7500000000036
5871.000000000004
3892.5000000000036
4709.000000000003
3760.250000000004
3335.000000000003
3691.500000000003
6208.000000000007
2780.5000000000027
9790.00000000001
2166.2500000000027
10157.000000000011
1624.0000000000016
10059.000000000011
1579.0000000000018
9300.000000000011
1597.0000000000018
9168.000000000011
1677.7500000000014
11505.000000000011
2128.7500000000027
13352.00000000001
2603.0000000000023
13689.000000000013
3294.5000000000036
12601.000000000005
4750.250000000005
12567.000000000013
5517.0000000000055
12830.000000000011
5513.7500000000055
14472.000000000016
5292.0000000000055
16072.000000000016
5247.000000000006
15874.000000000016
4780.750000000005
15107.000000000016
4582.750000000005
13648.000000000013
4679.0000000000055
12773.00000000001
4208.000000000004
11443.000000000013
3906.0000000000036
10896.000000000013
4729.500000000005
11575.000000000013
5377.500000000005
11898.000000000005
5724.2500000000055
12247.000000000013
6195.000000000006
12304.000000000015
6332.0000000000055
11615.00000000001
6263.2500000000055
11368.000000000013
7515.0000000000055
10516.000000000011
9060.000000000011
9923.000000000011
11186.500000000011
7960.000000000008
10738.50000000001
6145.000000000004
10478.50000000001
4909.0000000000055
10834.25000000001
4923.0000000000055
9979.250000000007
6672.000000000006
9133.25000000001
7460.000000000009
9799.25000000001
7284.000000000007
10767.750000000011
6529.0000000000055
10626.50000000001
5447.000000000005
9735.250000000011
4537.000000000005
9737.000000000011
5153.0000000000055
9899.750000000011
5513.0000000000055
9648.000000000011
5574.000000000004
9016.50000000001
4929.000000000005
8267.00000000001
4314.000000000004
7807.000000000008
3442.000000000004
8107.000000000008
3118.000000000003
8480.750000000007
5040.0000000000055
8315.25000000001
4394.000000000004
8028.000000000008
3697.0000000000045
8042.000000000008
3251.0000000000036
8045.250000000008
2406.0000000000014
7704.250000000008
2560.0000000000027
7304.500000000007
3136.0000000000023
7106.000000000006
2300.000000000002
6893.000000000006
2116.0000000000023
6929.250000000007
2220.000000000002
6657.250000000006
2259.0000000000023
7044.500000000008
2232.0000000000023
8855.00000000001
2150.0000000000027
9232.50000000001
1967.000000000002
8340.50000000001
1836.0000000000018
6573.000000000008
1731.000000000002
5996.2500000000055
1674.0000000000018
5577.750000000006
1733.000000000002
5407.750000000005
1915.0000000000018
6062.250000000007
2240.0000000000023
6457.250000000007
2872.000000000003
6223.750000000007
3973.0000000000036
9930.00000000001
5324.000000000006
13429.500000000016
7050.000000000007
12278.250000000013
9043.00000000001
13553.000000000013
10889.000000000011