13721.500000000015
12533.000000000015
13522.000000000015
12588.000000000013
13308.250000000013
12634.000000000015
13162.500000000015
12653.00000000001
13079.250000000015
12637.00000000001
13015.000000000015
12557.000000000011
12964.250000000011
12442.000000000016
12987.000000000013
12372.000000000011
13040.250000000016
12300.00000000001
13048.750000000013
12181.00000000001
13022.000000000013
12131.000000000011
13271.500000000011
12174.000000000011
13341.750000000015
12294.000000000013
13086.500000000015
12482.000000000015
13182.750000000013
12574.000000000013
12941.000000000013
12642.000000000013
13147.500000000013
12580.000000000007
13522.500000000015
12513.000000000015
13523.750000000013
12454.00000000001
13660.000000000013
12423.00000000001
13874.500000000016
12557.000000000011
13578.750000000015
12957.00000000001
14168.500000000015
13427.000000000016
14710.500000000016
13782.000000000015
14825.500000000018
13994.000000000015
15448.50000000002
13959.000000000016
15295.000000000015
13722.000000000016
14696.750000000016
13463.000000000016
14259.000000000015
13139.00000000001
14136.000000000016
12883.000000000015
14507.500000000013
12826.000000000013
14537.250000000015
12954.000000000016
14976.250000000011
13173.000000000013
14835.500000000013
13380.000000000016
14360.750000000013
13526.000000000013
14477.500000000013
13623.000000000011
14092.250000000016
13706.000000000018
13835.000000000015
14042.000000000007
14046.000000000016
14374.00000000001
14129.250000000015
14605.000000000016
13947.000000000015
14734.000000000016
13868.000000000013
14582.000000000011
13625.250000000011
14310.000000000016
13839.250000000015
14047.000000000015
13799.000000000013
13976.000000000013
13965.000000000016
14092.000000000015
14144.500000000016
13901.00000000001
13729.000000000015
13375.000000000013
13488.250000000015
12876.000000000011
13186.000000000015
12801.000000000011
13013.750000000015
12873.000000000005
13134.750000000015
12837.000000000015
13257.000000000015
12824.000000000016
13640.000000000015
12865.00000000001
14133.750000000015
13012.000000000011
14196.750000000016
13265.000000000016
14312.750000000016
13376.000000000015
14231.000000000015
13578.000000000015
14031.000000000015
13930.000000000018
13285.500000000015
14276.000000000015
13699.000000000016
14405.000000000018
14930.250000000018
14286.000000000016
14915.000000000016
14133.000000000013
14420.000000000013
14048.000000000015
13842.750000000013
14135.000000000016
13392.000000000015
14318.000000000016
13572.500000000015
14295.000000000015
14444.750000000018
13931.00000000001
15693.000000000015
13392.000000000015
15676.000000000016
12679.000000000011
14313.500000000016
11927.000000000013
13766.250000000018
11616.00000000001
13559.500000000013
11493.000000000013
14388.750000000013
11404.000000000011
14499.500000000016
11470.000000000013
14162.500000000015
11681.000000000007
14231.75000000001
12024.000000000011
14063.000000000015
12508.000000000015
13693.000000000016
12866.00000000001
13511.000000000013
13107.000000000016
13190.500000000015
13132.000000000015
13130.000000000013
13010.000000000016
13125.500000000015
12864.000000000018
13138.500000000016
12862.000000000011
13238.250000000016
12738.000000000011
13303.500000000016
12875.000000000005
13155.250000000015
13099.000000000013
13058.500000000013
13320.000000000016
12990.500000000011
13666.000000000015
12949.750000000015
13976.000000000015