10147.50000000001
8072.000000000008
10034.000000000011
8291.000000000005
9969.50000000001
8288.00000000001
9601.50000000001
8538.000000000007
9510.25000000001
8711.000000000011
9404.00000000001
8704.000000000007
9406.750000000011
9252.000000000011
9660.25000000001
9755.000000000011
10089.25000000001
9734.000000000013
9789.750000000011
9929.000000000011
9793.75000000001
10269.000000000013
10184.750000000011
10470.000000000011
10034.500000000011
10718.000000000011
9896.500000000011
10045.000000000007
9696.00000000001
9112.00000000001
9861.750000000011
8723.00000000001
10044.250000000011
9432.00000000001
10030.750000000011
9089.00000000001
9637.25000000001
8576.000000000007
9679.75000000001
7956.000000000007
9439.500000000011
8080.000000000008
9091.50000000001
8857.000000000007
9335.25000000001
10502.000000000011
9055.25000000001
11119.000000000011
8951.25000000001
10649.000000000013
8733.25000000001
9671.000000000011
8856.75000000001
8713.000000000007
8715.000000000007
9509.000000000005
9061.75000000001
9367.000000000007
9179.00000000001
8026.000000000008
8823.500000000011
9759.00000000001
8665.50000000001
10947.000000000011
8895.250000000007
9915.000000000011
9234.75000000001
10910.00000000001
9301.00000000001
10293.000000000011
9294.50000000001
10054.000000000011
9632.250000000011
10533.000000000013
10091.25000000001
9665.000000000007
9885.25000000001
10381.000000000007
9674.75000000001
11034.000000000013
9682.000000000007
9457.00000000001
9744.750000000011
8605.000000000007
9909.25000000001
8358.000000000005
9845.750000000013
8904.000000000004
9885.000000000007
8839.000000000005
9852.500000000011
8532.00000000001
9993.250000000011
8552.000000000007
10335.500000000011
8589.000000000011
10745.000000000011
8601.00000000001
10569.500000000011
8925.000000000007
10285.25000000001
8997.00000000001
10374.00000000001
9364.000000000011
10212.75000000001
9491.000000000011
9915.00000000001
9784.000000000011
10081.25000000001
9434.000000000013
9981.750000000013
8905.00000000001
9883.000000000011
9192.000000000007
10001.250000000011
8848.000000000011
10326.25000000001
8290.000000000005
11309.250000000011
8547.00000000001
11565.250000000011
9404.000000000011
10583.750000000011
9263.00000000001
9793.75000000001
10080.000000000011
10061.50000000001
9947.000000000007
10172.75000000001
9785.000000000011
10366.500000000011
9095.00000000001
10901.750000000011
10017.000000000011
10636.000000000011
10824.000000000011
10404.000000000011
9814.000000000005
10147.250000000007
9400.00000000001
10234.50000000001
10198.000000000007
9823.00000000001
9826.00000000001
9398.00000000001
10416.000000000011
9081.250000000007
10856.00000000001
9303.50000000001
11096.000000000013
9812.250000000011
11592.000000000013
10235.000000000011
11207.000000000015
10157.250000000013
11105.000000000013
10036.25000000001
11024.000000000011
9790.500000000011
11008.00000000001
9753.500000000011
10549.000000000013
10376.000000000011
10472.000000000007
11377.750000000015
11008.000000000011
10960.500000000011
10590.000000000013
10359.750000000011
11010.000000000015
10209.500000000011
11396.000000000011
10163.250000000011
11074.000000000013
10497.50000000001
10578.000000000011
10403.50000000001
10412.000000000011
10193.75000000001
10958.000000000011