26562.750000000025
24390.00000000002
26741.25000000003
23585.00000000002
27005.000000000033
22197.000000000025
27495.000000000025
20779.000000000022
27702.250000000036
18622.00000000001
27385.250000000033
15327.000000000015
26448.500000000022
12355.000000000013
25006.000000000033
10070.000000000013
22584.250000000025
8247.000000000007
19616.250000000022
6582.000000000007
16693.250000000015
5245.0000000000055
14093.250000000013
4113.000000000004
12472.000000000015
3748.0000000000036
11611.000000000011
3657.0000000000027
11316.500000000013
3631.000000000005
10926.000000000011
3716.000000000004
10500.000000000011
3740.0000000000036
10074.250000000011
3771.0000000000036
9240.50000000001
3650.0000000000045
8791.00000000001
3874.000000000004
8425.00000000001
3874.000000000004
8362.75000000001
3722.0000000000036
8549.500000000011
3931.000000000004
8567.500000000007
4162.000000000004
8762.500000000011
4321.0000000000055
9193.50000000001
4745.000000000004
9626.25000000001
4685.000000000005
9968.50000000001
4827.000000000003
10285.00000000001
5369.0000000000055
10578.250000000011
5735.000000000006
10683.500000000011
5913.0000000000055
9666.250000000011
6031.000000000008
10097.750000000011
6222.000000000006
11202.750000000011
6505.000000000008
10616.000000000013
6625.000000000008
9046.25000000001
7613.000000000007
8671.75000000001
7203.000000000007
8985.000000000007
7171.000000000007
9224.00000000001
6429.000000000008
9676.75000000001
6451.000000000006
9871.00000000001
5679.000000000006
10461.750000000011
5245.0000000000055
10819.500000000011
7057.000000000009
10579.250000000011
8036.000000000008
10933.250000000011
7530.000000000009
11240.500000000013
5895.000000000006
11733.750000000013
5110.000000000006
12108.250000000013
5615.000000000006
12465.750000000013
6616.000000000006
12114.500000000015
6343.000000000004
12112.50000000001
7226.000000000007
12917.000000000013
7039.000000000008
12968.250000000015
7128.000000000008
12258.750000000011
8110.000000000006
12006.750000000013
8207.000000000005
11974.000000000013
8383.000000000011
11970.000000000013
8585.000000000004
12329.500000000013
8752.00000000001
12785.000000000011
8837.00000000001
13556.500000000015
8953.000000000005
13280.250000000013
9119.00000000001
12654.750000000013
9213.00000000001
12618.000000000015
9345.000000000007
12947.000000000016
9591.00000000001
13398.500000000015
9752.00000000001
14270.750000000016
9951.000000000013
14839.750000000015
10151.000000000011
15293.25000000002
10473.000000000013
15407.000000000016
10804.000000000005
15315.500000000016
11406.000000000013
15162.000000000015
12085.000000000011
15174.500000000015
12569.000000000015
15344.000000000016
12540.000000000011
15367.000000000016
12511.000000000011
15716.500000000015
12378.00000000001
16622.00000000002
11805.000000000013
17081.500000000015
10811.000000000011
17632.000000000015
9871.000000000013
19347.500000000022
9697.000000000011
20692.500000000022
9918.000000000013
20841.750000000022
10136.000000000011
19864.500000000022
10621.000000000013
18887.000000000025
10997.000000000011
18779.50000000002
11072.000000000013
18733.000000000015
10990.000000000007
18067.50000000002
11014.000000000013
17456.500000000022
11071.00000000001
17207.75000000002
10880.000000000013
16133.750000000016
10759.000000000013
15401.500000000015
10667.000000000013