24833.000000000025
6492.000000000007
24804.750000000022
5302.000000000006
25097.750000000025
4141.000000000003
24070.500000000022
3147.000000000003
22943.250000000022
2623.0000000000027
22384.000000000025
2659.000000000003
22312.000000000022
2704.000000000003
22325.000000000022
2834.0000000000023
21721.750000000022
3547.0000000000036
20958.000000000022
4144.000000000005
20124.000000000025
4872.000000000005
19604.500000000022
5884.000000000005
19254.250000000022
6543.000000000007
18607.000000000022
7414.000000000007
18688.50000000002
7866.000000000008
17521.750000000022
4730.000000000005
15180.750000000016
6296.000000000005
13454.750000000015
7990.000000000008
12133.50000000001
8021.000000000009
10420.750000000011
7292.000000000007
9554.00000000001
5082.000000000003
8922.750000000007
7306.000000000007
8885.25000000001
8311.00000000001
8504.25000000001
8257.00000000001
8216.00000000001
5681.0000000000055
7509.500000000006
4130.000000000003
7394.000000000006
4515.0000000000055
7443.000000000008
5936.0000000000055
7226.250000000007
7706.000000000008
7222.000000000008
7752.000000000008
7566.750000000006
8013.000000000008
7889.250000000008
7354.000000000007
7622.500000000008
5555.000000000006
7456.250000000007
4315.000000000005
7225.750000000008
4723.000000000005
7032.750000000006
6188.000000000007
7225.500000000007
6267.000000000004
7130.750000000006
6182.000000000007
6876.500000000006
7749.000000000008
6549.250000000007
8564.000000000005
6414.0000000000055
7415.000000000005
6430.250000000006
6358.000000000007
6308.000000000007
5130.0000000000055
6198.2500000000055
4651.000000000005
6303.000000000006
5491.0000000000055
5964.250000000006
6926.000000000007
5865.250000000006
6874.000000000005
5882.5000000000055
6004.0000000000055
6129.750000000007
5468.0000000000055
6303.500000000007
7911.000000000009
6479.000000000006
11484.000000000011
6817.750000000006
15359.000000000011
7559.750000000008
16839.00000000001
8264.250000000007
17575.000000000022
8428.25000000001
18361.00000000002
9022.25000000001
19013.000000000025
9421.750000000011
19117.000000000015
9245.25000000001
19299.000000000015
8900.25000000001
18233.000000000015
9312.75000000001
17323.00000000002
9747.50000000001
14992.000000000016
9116.750000000011
13300.000000000015
9010.000000000011
13876.000000000016
9892.000000000011
16247.000000000015
10578.250000000011
19001.00000000002
11299.000000000013
19298.000000000015
11782.250000000011
17072.00000000002
12001.25000000001
14489.000000000015
10047.500000000011
12221.000000000011
7350.500000000007
9578.000000000011
9078.50000000001
6753.000000000005
9985.250000000011
6425.000000000005
10646.750000000011
6251.000000000006
11099.250000000011
6076.000000000006
11491.000000000013
5995.000000000007
12379.500000000011
6110.0000000000055
13155.750000000013
5933.000000000006
13654.250000000015
6359.000000000004
13694.750000000011
7857.000000000005
14138.250000000016
9677.000000000005
14029.000000000013
11003.000000000011
14589.750000000013
12089.00000000001
14903.250000000011
12815.000000000011
14982.000000000015
13771.000000000013
15802.750000000015
14637.000000000016
15945.500000000016
15528.000000000015
15584.250000000016
16060.000000000016
15621.250000000015
15874.000000000016
16278.500000000016
15651.000000000015
16834.75000000002
15972.000000000018