3699.0000000000036
1289.000000000001
4745.500000000005
1547.0000000000018
4830.250000000005
1454.0000000000011
4988.250000000005
1502.000000000002
5079.7500000000055
1728.0000000000018
5181.0000000000055
1986.0000000000016
5238.2500000000055
2349.0000000000027
5286.0000000000055
2794.0000000000036
5346.0000000000055
3161.000000000003
5384.750000000006
3357.0000000000023
5496.750000000005
3452.0000000000036
5864.0000000000055
3422.0000000000045
6411.500000000008
3241.000000000003
6086.5000000000055
2949.0000000000027
6395.250000000007
2601.0000000000027
6833.000000000008
2241.000000000002
7000.500000000007
1952.0000000000025
6491.250000000006
1919.000000000002
6606.0000000000055
2144.000000000002
6616.000000000006
2465.0000000000027
7370.500000000006
2922.0000000000027
7469.750000000007
3315.000000000003
6640.250000000008
3752.0000000000036
6561.7500000000055
4279.000000000003
6334.000000000007
4797.0000000000055
6617.000000000006
5170.000000000007
6985.250000000007
5384.000000000005
7437.500000000007
5465.0000000000055
7549.250000000006
5424.000000000006
7828.750000000008
5327.0000000000055
8284.00000000001
5270.0000000000055
8020.500000000009
5096.000000000005
8838.50000000001
4836.000000000004
10024.250000000011
4496.000000000003
9389.75000000001
4183.000000000003
10079.500000000011
4061.000000000004
11058.750000000011
3927.000000000004
9670.25000000001
3779.000000000004
9183.750000000011
3599.0000000000036
9862.75000000001
3573.0000000000027
9003.75000000001
3632.0000000000036
8585.00000000001
3839.000000000004
9549.750000000011
4007.000000000004
9292.250000000011
4184.0000000000055
8547.250000000007
4368.000000000004
8883.250000000007
4503.000000000003
8976.75000000001
4702.0000000000055
8260.00000000001
5022.0000000000055
7744.000000000006
5312.0000000000055
7928.750000000007
5557.0000000000055
7779.500000000008
5820.000000000007
6941.250000000008
5946.000000000007
6493.000000000006
6014.000000000005
6084.250000000007
6149.0000000000055
4849.500000000005
6161.000000000006
4080.2500000000045
6286.0000000000055
4305.750000000004
6419.000000000004
4662.750000000005
6590.0000000000055
5200.250000000005
6916.000000000006
5249.000000000005
9046.00000000001
5473.500000000005
11528.000000000013
5468.500000000006
13606.000000000015
5567.5000000000055
15385.000000000013
5962.000000000006
17080.00000000002
6049.5000000000055
18502.000000000022
6364.000000000007
19939.000000000015
6624.7500000000055
21492.000000000022
7307.000000000007
22805.000000000025
8070.000000000009
24103.00000000002
8886.500000000007
25411.00000000002
9991.500000000011
26876.00000000003
11175.750000000013
27929.000000000022
12385.000000000011
28040.00000000003
13557.250000000013
27938.000000000025
14607.250000000018
27595.000000000022
15612.750000000016
27304.000000000022
16332.50000000002
27072.00000000002
17190.500000000015
26581.000000000022
18015.000000000022
25730.00000000002
18703.250000000015
24787.000000000033
19233.000000000015
24305.000000000022
19573.75000000002
24482.00000000002
19936.000000000022
24968.00000000002
20238.25000000002
25515.000000000025
20446.750000000022
26019.00000000002
20583.75000000002
26422.000000000022
20678.50000000002
26371.000000000033
20820.00000000002
26175.00000000003
21256.750000000022
26185.000000000025
17116.00000000002
20498.000000000022