31147.25000000003
32640.000000000033
31166.500000000033
32640.000000000033
31177.000000000033
32640.000000000033
31185.000000000033
32640.000000000033
31146.500000000033
32588.00000000003
31082.750000000033
32610.000000000033
30992.75000000003
32612.000000000036
30827.50000000003
28837.000000000033
29195.750000000033
23853.00000000003
27881.750000000025
23381.000000000015
27386.25000000003
23790.000000000015
26729.000000000025
24224.00000000003
25695.25000000003
23330.000000000015
24190.250000000025
23906.00000000003
23697.250000000022
24680.00000000003
23948.75000000003
23560.000000000022
23743.50000000002
23133.000000000022
23333.000000000022
23842.00000000002
22719.750000000022
24137.00000000003
21363.250000000022
23365.000000000025
20222.50000000002
25412.00000000003
19607.000000000022
27119.00000000003
18930.000000000022
27807.000000000022
18834.75000000002
26836.000000000015
18789.250000000022
25931.00000000003
19390.75000000002
26336.00000000003
20271.750000000022
26785.00000000003
19966.500000000022
27087.00000000002
18842.75000000002
26808.000000000025
17413.750000000015
26298.000000000033
16755.250000000015
25655.00000000002
16056.750000000016
25484.00000000002
15346.500000000016
25486.00000000002
14504.500000000015
25666.00000000003
13773.500000000013
25740.000000000033
13851.250000000015
25437.00000000003
13856.000000000015
25148.00000000003
13882.500000000013
24959.00000000003
13941.750000000015
25065.000000000022
13371.250000000015
26084.00000000003
13110.000000000013
26639.000000000015
13143.250000000013
26799.000000000033
13155.500000000011
26492.00000000002
12982.000000000015
26749.00000000002
13082.250000000013
27751.00000000003
13640.500000000016
27862.00000000002
13728.250000000013
27900.000000000033
13604.250000000013
27891.000000000025
13314.500000000015
27915.000000000036
13133.750000000015
28032.000000000033
13490.500000000011
28051.000000000022
14234.750000000015
28083.000000000022
14618.250000000015
28132.00000000003
14132.000000000013
28218.00000000003
14147.750000000011
28366.000000000033
14009.750000000013
28492.000000000033
13808.000000000013
28592.000000000036
13509.000000000016
28689.000000000033
13128.500000000011
28828.000000000022
13291.750000000013
28990.000000000036
13497.750000000011
29191.000000000025
13475.500000000015
29417.000000000033
13995.250000000015
29628.000000000025
14654.000000000013
29800.000000000033
14763.750000000018
29976.000000000033
14705.750000000015
30068.000000000033
14606.750000000015
30104.000000000033
15286.000000000015
30133.000000000036
15530.500000000018
30153.000000000033
15346.750000000015
30069.00000000003
15293.000000000013
30071.00000000003
15661.750000000015
30061.000000000033
16025.000000000018
30002.000000000033
16520.250000000015
29931.000000000036
16607.25000000002
29815.00000000003
16791.500000000015
29894.000000000033
17241.250000000015
29839.000000000033
17468.000000000015
29922.000000000033
17636.50000000002
29938.00000000003
18002.25000000002
29957.000000000036
18272.50000000002
29981.00000000002
19066.25000000002
29943.00000000003
19908.250000000022
30031.00000000003
20261.250000000025
30132.000000000033
20520.250000000022
30249.000000000033
20834.000000000022
30253.000000000036
21141.50000000002
30218.000000000033
21537.750000000025
30316.00000000003
21911.500000000022
30370.000000000033
22265.250000000022
30392.00000000002