13878.750000000013
14111.000000000015
13998.000000000016
14045.000000000013
14309.000000000015
14707.000000000018
14377.000000000016
14520.000000000015
14233.750000000015
13719.00000000001
13410.500000000013
13246.00000000001
13486.250000000015
13159.000000000016
13683.500000000013
13784.000000000007
13332.000000000015
13706.000000000016
13319.000000000015
14251.00000000001
13647.000000000016
14276.000000000015
14525.000000000013
13134.000000000011
15011.250000000016
13625.000000000015
14615.000000000016
13011.000000000015
14712.750000000016
14114.00000000001
14706.250000000011
13969.000000000013
14676.750000000016
13751.000000000015
14280.250000000016
14471.000000000013
14536.000000000016
14467.000000000013
14724.250000000016
14505.000000000016
14257.500000000018
14843.000000000016
14023.000000000015
14761.000000000013
13781.000000000015
14884.000000000015
13861.500000000013
14755.000000000015
13892.250000000013
14485.000000000016
13520.250000000011
14889.000000000016
13981.500000000016
13838.000000000013
14342.750000000016
13568.000000000013
14078.000000000016
13701.000000000016
13869.000000000015
13103.000000000016
13632.750000000015
12502.000000000015
13130.250000000013
12800.000000000011
13352.500000000011
12212.000000000015
13842.250000000015
12432.000000000015
12741.500000000013
12862.000000000011
10880.500000000011
15202.000000000016
9169.750000000011
15839.000000000018
8480.25000000001
14720.000000000016
8672.500000000007
13927.000000000011
7885.500000000008
13359.000000000013
8287.75000000001
11858.00000000001
8093.750000000008
11525.000000000013
7492.25000000001
10707.000000000011
7048.250000000008
10921.000000000011
7382.000000000007
10815.000000000007
8397.00000000001
11188.000000000013
8867.250000000007
9612.000000000007
8830.75000000001
10002.000000000011
8385.750000000007
9810.000000000011
8158.250000000009
8369.000000000007
8954.25000000001
10775.000000000011
8913.75000000001
13350.000000000013
8729.000000000007
14305.000000000016
8370.75000000001
14571.000000000018
8443.500000000011
13677.000000000018
8742.75000000001
13059.000000000011
9279.00000000001
12095.000000000013
9803.75000000001
13547.000000000011
9440.250000000007
13266.000000000007
9891.000000000011
12827.000000000013
9633.75000000001
13106.000000000016
9596.00000000001
13942.000000000011
9873.000000000011
14870.000000000016
9684.25000000001
13827.000000000015
9550.750000000011
13662.000000000007
10088.250000000011
13225.000000000016
10751.000000000011
13942.000000000011
11538.250000000011
13821.000000000011
11260.000000000015
13608.000000000011
10788.250000000011
12067.000000000011
10826.000000000011
12182.000000000015
11547.250000000015
13194.000000000015
12043.500000000015
13406.000000000016
11640.750000000013
13483.000000000016
11558.000000000013
12823.000000000007
11535.000000000011
12214.000000000016
11951.500000000015
12788.00000000001
12209.500000000011
11893.000000000007
12946.000000000013
11948.000000000011
12611.500000000013
12237.000000000011
12844.750000000013
12668.00000000001
13716.250000000015
13152.000000000015
13475.500000000015
12549.000000000007
13846.000000000013
12234.000000000016
13964.000000000013
11924.000000000007
13648.250000000013
11353.000000000011
13528.000000000016
11426.000000000013
13494.250000000013
12396.000000000007
13967.250000000018
11801.000000000013
14871.250000000016
11058.000000000011