10963.25000000001
10898.000000000011
10934.75000000001
10380.000000000011
10681.75000000001
9827.00000000001
10444.750000000011
9401.00000000001
10350.750000000011
9126.00000000001
10267.50000000001
9278.000000000011
10017.00000000001
9589.000000000007
9780.75000000001
9709.000000000011
9723.25000000001
9672.000000000007
9891.000000000011
9473.000000000011
9932.50000000001
9131.000000000007
10166.750000000011
9110.00000000001
10477.750000000011
9295.00000000001
10737.500000000011
9510.000000000011
10880.500000000011
9698.00000000001
11066.250000000011
9951.000000000013
11136.000000000011
10052.000000000011
11042.750000000011
10036.000000000011
10957.500000000011
10132.00000000001
10850.750000000013
10182.000000000011
10663.75000000001
10006.00000000001
10589.00000000001
10164.000000000013
10580.250000000011
10532.000000000011
10582.750000000011
10774.000000000011
10749.25000000001
11079.000000000013
11039.750000000013
11436.000000000013
11435.25000000001
12230.000000000007
12266.500000000013
13973.000000000011
12843.50000000001
13441.000000000015
12590.250000000015
13174.000000000016
12696.750000000013
13327.000000000007
12456.750000000013
11790.000000000013
12713.500000000011
11536.000000000013
13327.750000000016
10025.000000000013
13028.250000000013
11238.000000000011
11779.750000000013
12850.00000000001
11224.750000000011
11471.000000000011
11658.000000000011
11834.000000000007
12470.750000000011
12146.000000000011
13170.000000000013
10822.000000000011
12880.000000000015
9627.000000000007
12116.000000000013
9348.00000000001
12034.750000000011
10519.000000000011
13101.750000000015
10905.000000000011
14379.250000000015
11527.000000000011
14450.500000000016
11731.000000000015
13883.750000000015
11692.00000000001
13032.500000000013
11393.000000000011
13200.750000000013
10961.000000000011
14125.500000000011
10701.000000000013
13877.000000000016
10610.000000000011
12829.500000000013
10230.000000000013
12921.000000000011
10144.000000000011
13803.000000000015
10796.000000000011
14072.250000000015
11403.000000000013
14082.500000000013
11677.00000000001
13381.750000000011
11489.000000000013
13052.000000000013
11377.000000000011
13396.500000000013
11483.000000000015
13638.000000000015
11238.000000000011
13389.500000000013
10734.00000000001
12628.250000000011
10098.000000000011
12490.500000000013
9650.000000000007
12020.250000000011
9618.000000000011
11423.000000000013
9677.000000000005
11305.250000000013
9818.000000000011
11338.750000000011
9822.000000000011
10583.750000000011
9370.00000000001
9961.25000000001
8859.00000000001
9279.00000000001
8685.00000000001
8999.250000000007
8357.00000000001
9088.00000000001
7969.000000000008
9329.50000000001
7406.000000000008
9531.25000000001
6730.000000000005
9593.75000000001
6044.000000000005
9434.00000000001
5405.000000000005
9103.25000000001
4924.000000000004
8791.50000000001
4501.000000000004
8720.25000000001
4216.0000000000055
8721.75000000001
4200.000000000004
8745.500000000007
4466.0000000000055
8839.00000000001
4811.000000000005
8905.500000000007
5171.0000000000055
8839.00000000001
5452.000000000005
8790.75000000001
5670.0000000000055
8721.50000000001
5820.000000000007
8741.75000000001
5811.000000000004
8793.00000000001
8168.000000000009
8850.50000000001
13367.00000000001
8961.00000000001
9859.000000000011