12479.250000000013
12328.000000000011
12168.000000000013
13062.000000000015
12412.250000000015
13346.000000000005
12538.500000000013
12775.00000000001
12472.250000000013
13272.000000000011
12173.750000000013
13966.000000000007
12194.000000000013
15412.000000000016
12234.000000000015
15368.000000000018
11672.750000000013
15033.000000000016
11889.750000000013
14710.000000000015
13111.250000000015
15057.000000000015
13858.500000000015
15356.000000000016
13660.500000000015
15218.000000000016
13801.750000000015
13806.000000000011
14014.500000000015
12295.000000000015
14127.000000000015
12139.000000000013
14204.500000000016
10976.000000000013
13891.750000000015
11180.000000000011
12806.750000000013
11039.00000000001
12398.000000000016
10786.000000000013
12680.250000000015
12222.000000000011
12919.250000000013
13018.00000000001
13142.250000000013
13129.000000000007
11762.000000000011
13256.000000000011
11505.000000000011
12469.00000000001
12610.750000000016
12542.000000000011
12924.250000000015
12086.000000000013
12704.000000000013
12565.000000000007
12071.750000000011
12566.000000000007
12116.500000000013
13092.000000000015
12495.500000000013
13292.00000000001
11831.000000000013
13876.000000000007
11532.500000000013
15205.00000000002
11642.500000000011
15342.00000000002
12343.500000000011
13699.000000000011
12321.750000000015
12209.00000000001
11842.000000000015
12378.00000000001
12175.250000000013
13446.000000000015
12187.500000000013
13224.000000000005
11775.250000000013
13135.000000000011
11788.250000000013
14363.000000000007
12350.500000000011
13048.00000000001
12129.750000000013
13360.000000000013
12455.500000000015
14949.000000000015
12725.500000000011
13734.00000000001
12674.000000000011
13725.000000000013
13171.000000000013
14497.000000000015
12884.000000000016
13661.000000000007
13104.000000000015
13690.000000000015
13100.500000000015
15138.000000000016
12638.500000000015
14439.000000000016
12567.000000000016
14452.000000000015
12427.500000000015
14528.000000000015
12955.250000000015
14765.000000000011
13317.000000000015
14103.000000000016
12900.250000000013
14249.000000000015
12306.250000000013
13797.000000000015
12325.500000000013
13633.000000000013
12707.000000000015
14566.000000000015
13051.500000000015
14925.000000000016
13179.250000000013
14157.000000000013
13021.000000000013
13986.000000000005
12468.000000000013
14476.000000000011
11768.750000000011
14577.000000000016
11279.500000000013
14094.000000000011
11411.500000000011
14278.000000000011
11999.000000000013
14358.00000000001
13215.000000000013
14469.000000000016
13311.750000000015
15150.000000000015
13051.500000000015
15341.000000000016
13296.000000000013
15228.000000000015
13542.000000000013
18374.000000000025
13390.250000000013
19323.000000000022
13459.500000000011
17681.000000000022
13796.500000000015
16568.000000000022
14826.500000000013
15629.000000000013
15073.250000000016
15216.000000000016
15239.250000000016
14535.000000000016
15328.000000000016
14817.000000000015
15142.750000000016
15777.000000000018
15382.750000000016
16847.000000000015
14971.000000000016
17109.00000000002
12981.750000000015
16663.000000000015
11365.000000000011
17415.00000000002
12055.000000000013
17693.00000000001
13312.500000000015
16267.000000000013
13246.750000000013
15785.000000000016
12254.000000000013
14722.000000000015
11602.750000000011
15285.000000000016
11618.750000000011
14515.000000000007