11111.500000000011
17629.00000000002
10528.250000000013
17701.000000000015
10469.75000000001
18398.00000000002
10599.25000000001
16861.000000000015
10819.25000000001
15138.000000000016
11336.000000000011
14540.000000000015
12023.250000000013
14958.000000000016
12789.500000000015
15408.000000000015
13407.250000000016
15630.000000000016
13824.750000000016
15814.00000000002
14114.750000000013
14957.000000000016
14234.750000000018
14338.000000000011
14217.500000000016
14421.000000000015
14153.750000000013
14633.000000000015
14120.500000000013
14654.000000000013
14159.000000000015
14783.000000000015
14084.750000000018
14856.000000000011
13852.750000000015
14077.000000000015
13850.500000000015
12783.000000000016
14134.250000000013
11809.000000000005
13823.250000000015
10924.000000000011
13769.750000000015
10077.000000000013
13229.500000000013
10453.00000000001
13264.500000000015
11113.000000000011
14076.000000000015
11646.00000000001
13770.500000000015
11144.000000000013
13668.500000000016
11490.000000000013
13240.500000000013
10385.000000000005
12439.750000000013
8914.000000000005
12296.250000000016
9884.000000000011
12726.750000000015
9135.000000000005
13406.000000000016
9345.000000000007
13567.250000000013
9413.000000000007
12726.250000000015
11058.000000000011
11966.000000000015
12110.000000000013
12476.750000000015
9729.00000000001
12453.000000000013
7982.000000000008
12737.250000000013
9107.00000000001
11569.250000000013
8058.000000000009
11506.250000000013
6990.000000000007
11890.000000000013
6286.0000000000055
11899.250000000013
6494.000000000005
12640.750000000015
5374.0000000000055
12110.500000000013
4784.0000000000055
11770.250000000013
5091.000000000006
12307.500000000013
5759.000000000006
11604.50000000001
6462.000000000007
11622.50000000001
7059.000000000008
12029.750000000013
8358.000000000005
12453.500000000013
9887.00000000001
12589.750000000015
11235.000000000011
12591.500000000015
13019.000000000015
12390.250000000011
15779.000000000018
13183.250000000015
18281.000000000022
14662.500000000016
20659.000000000022
15157.750000000016
22242.000000000025
15333.750000000016
23174.00000000002
15733.250000000013
24697.00000000003
16298.750000000016
23851.000000000025
16699.250000000015
22028.000000000022
16768.250000000015
19135.00000000002
17241.75000000002
17070.00000000001
17416.00000000002
14424.000000000018
17520.250000000015
11274.000000000013
17576.000000000015
10230.000000000011
18693.25000000002
11588.000000000015
20144.000000000022
11333.000000000013
20437.75000000002
11348.000000000011
19715.750000000022
9303.000000000011
19243.00000000002
9904.00000000001
18835.250000000022
8395.00000000001
17493.25000000002
7539.000000000008
15908.750000000018
7101.0000000000055
14687.000000000016
8135.000000000009
13882.750000000015
9390.000000000007
13894.750000000015
7853.000000000008
14795.750000000013
9562.000000000005
14582.750000000015
13535.00000000001
14565.750000000015
14454.000000000007
14399.500000000016
16374.000000000018
15399.500000000015
18178.00000000002
16916.000000000015
20978.000000000025
17683.00000000002
24319.000000000025
17721.00000000002
26400.00000000002
18056.00000000002
26503.000000000025
18249.750000000015
26431.000000000022
18921.250000000022
26237.000000000025
20425.250000000022
27659.000000000033
21520.250000000022
28397.00000000002
21065.750000000022
28885.00000000002