17551.00000000002
15013.00000000001
17897.50000000002
15486.000000000015
18022.25000000002
15963.000000000018
17929.500000000022
16495.000000000015
17704.500000000015
17069.00000000001
17518.000000000015
17508.00000000002
17329.00000000002
17669.000000000015
17181.250000000015
17597.00000000002
17196.75000000002
17572.00000000001
17239.25000000002
17713.000000000015
17280.25000000002
17856.00000000002
17253.000000000015
17969.000000000022
17070.50000000002
18182.00000000001
16749.25000000002
18532.00000000001
16490.750000000015
18923.00000000002
16589.250000000015
19402.00000000002
16597.25000000002
19713.000000000025
16483.75000000002
19736.000000000022
16448.50000000002
19566.00000000001
16345.750000000016
19140.00000000001
16072.500000000013
18636.00000000001
15813.500000000013
18150.000000000022
15461.500000000015
17479.00000000001
14890.000000000015
16676.000000000015
14366.750000000015
15993.000000000013
14364.000000000016
15664.000000000011
14798.000000000015
15479.000000000016
14951.750000000013
15461.000000000016
15160.250000000016
15201.000000000018
15518.250000000015
14657.000000000015
15437.500000000016
14263.000000000011
15337.250000000018
14037.000000000018
15100.750000000015
13490.00000000001
15141.000000000013
12806.000000000015
14823.750000000015
12053.000000000011
14550.500000000013
11360.000000000011
14234.000000000015
11108.00000000001
14647.750000000016
11696.000000000007
14251.500000000016
12286.00000000001
14109.500000000013
12868.000000000013
14603.000000000015
13636.000000000015
14871.000000000015
14279.000000000016
15190.500000000015
14907.00000000001
15068.750000000018
15514.000000000018
14289.500000000015
16060.000000000016
13880.250000000013
16228.000000000015
13896.750000000015
15109.000000000016
13858.000000000013
13682.000000000016
13138.250000000015
13342.000000000016
12196.00000000001
12585.000000000015
11844.750000000013
12679.000000000011
11872.000000000011
13905.000000000007
11746.500000000013
14484.000000000016
12262.250000000013
15333.00000000001
12262.500000000013
15590.000000000018
12493.750000000013
14996.000000000015
12669.750000000011
13578.000000000013
12634.000000000013
14213.000000000015
12676.500000000013
14285.000000000013
12904.75000000001
12497.000000000013
12883.000000000013
10489.000000000011
12336.500000000015
10113.000000000011
12588.250000000015
10743.000000000013
13186.750000000011
11935.000000000018
13435.000000000013
12078.000000000007
13747.000000000015
10549.000000000011
14071.000000000013
8938.000000000005
14377.500000000016
9493.00000000001
14211.000000000016
9222.000000000007
13943.000000000015
9288.000000000005
12847.250000000015
9646.000000000005
12886.000000000016
10069.00000000001
13373.000000000013
10341.000000000011
12941.000000000013
10860.000000000011
13067.000000000013
11327.000000000013
13772.250000000013
14376.000000000016
13783.500000000015
16042.000000000018
14020.500000000013
16290.000000000016
13698.000000000015
16403.000000000015
13564.500000000011
16435.000000000015
13972.750000000015
15644.000000000013
14736.750000000015
16517.00000000002
14931.250000000016
17485.000000000015
14287.000000000013
18002.000000000015
14369.000000000015
17837.000000000015
14352.500000000015
16974.00000000002
14334.250000000016
15925.000000000018
14059.000000000016
15125.000000000016
13986.250000000016
14854.000000000016
14462.250000000011
15101.000000000015