11862.500000000011
11012.000000000011
12113.000000000011
10767.000000000011
11830.500000000011
12990.000000000013
11397.500000000013
16529.000000000022
11284.250000000013
17942.000000000015
11384.000000000013
18483.00000000002
11962.750000000013
19248.000000000022
12672.500000000013
19750.000000000022
12851.750000000013
20209.000000000022
13014.750000000015
20266.000000000025
13475.250000000015
19958.000000000025
13156.750000000011
19711.000000000015
12620.000000000013
19741.000000000015
12167.750000000013
19483.00000000002
11695.000000000013
19880.000000000022
11494.500000000011
19471.000000000022
11080.000000000011
18597.000000000015
10728.500000000011
17417.00000000001
10678.000000000011
16099.000000000022
11224.250000000013
14890.000000000018
11138.250000000011
15296.000000000016
11358.500000000015
15690.000000000013
11397.750000000011
14797.000000000016
11708.000000000013
12567.000000000013
11675.750000000011
10743.000000000013
11428.500000000011
9452.000000000007
11594.500000000013
8049.000000000009
11589.000000000011
8041.000000000009
11053.250000000011
9492.00000000001
9926.250000000011
9994.000000000013
9608.25000000001
12383.000000000007
9790.25000000001
15156.000000000018
10820.000000000011
17070.00000000001
12029.750000000011
15246.000000000016
12387.250000000013
15041.000000000015
11904.500000000013
16398.00000000001
11850.500000000013
16467.000000000015
11581.500000000011
15702.000000000018
11704.500000000011
15633.000000000016
12389.250000000013
15096.000000000013
13200.000000000015
14854.000000000016
13383.750000000016
14647.000000000015
13764.500000000015
13598.000000000013
14123.750000000015
12908.000000000015
13305.750000000013
12175.000000000011
12904.250000000011
13032.00000000001
13148.000000000015
15895.000000000018
12756.500000000013
15686.00000000002
12033.000000000013
14994.000000000011
12086.750000000013
16120.000000000016
13298.500000000018
15173.000000000015
13546.500000000016
12961.000000000016
13405.000000000016
13744.000000000011
13391.750000000013
11592.000000000013
12438.500000000011
15877.000000000015
12171.250000000013
15800.00000000002
12549.000000000013
12712.00000000001
13288.750000000015
14608.000000000013
14191.000000000015
18035.000000000015
13871.250000000015
9781.000000000011
12228.500000000015
10040.000000000013
11225.750000000011
10602.00000000001
11553.250000000011
12140.000000000013
12719.750000000011
13301.000000000016
13196.000000000011
15512.000000000016
13438.000000000011
14743.000000000016
13165.500000000013
14140.000000000011
13346.250000000013
15150.000000000018
13672.000000000015
16305.000000000016
14190.250000000015
17003.000000000007
13121.750000000013
17472.000000000015
13807.750000000015
16127.000000000015
12658.250000000013
10365.000000000011
11832.500000000011
9125.00000000001
11419.750000000013
14911.000000000016
10628.25000000001
13866.000000000011
9503.75000000001
10342.000000000011
8949.000000000007
14453.000000000016
9442.50000000001
16478.000000000015
11891.250000000015
15657.000000000013
15143.750000000015
15045.000000000015
17361.250000000015
13922.000000000013
16783.50000000002
12069.000000000011
17357.25000000002
12051.000000000015
17609.50000000002
14638.000000000018
18420.50000000002
16765.000000000022
19005.75000000002
17644.00000000002
18880.75000000002
18760.00000000001
18729.25000000002
18840.000000000022
17557.25000000002
19263.000000000022