3658.500000000003
1052.000000000001
3648.7500000000036
1170.000000000001
3880.0000000000045
1272.0000000000011
4261.500000000005
1342.0000000000014
4554.250000000004
1379.0000000000014
4707.500000000005
1469.0000000000011
4742.500000000005
1523.000000000001
4778.500000000005
1586.000000000001
4660.5000000000055
1694.0000000000016
4203.5000000000055
1872.000000000002
3954.7500000000036
1990.000000000002
3856.5000000000045
2062.000000000002
4095.5000000000036
2105.0000000000014
4953.250000000005
2122.0000000000014
5821.0000000000055
2076.0000000000023
5316.5000000000055
1985.0000000000023
4323.250000000005
2158.0000000000023
5141.5000000000055
2417.0000000000023
5804.750000000006
2523.0000000000027
6467.5000000000055
2606.000000000003
7751.250000000007
2521.000000000002
8632.500000000005
2333.0000000000023
9626.500000000011
2149.0000000000014
9520.250000000011
2070.0000000000023
10067.25000000001
2064.000000000002
10481.750000000011
2140.000000000002
10282.250000000007
2330.0000000000023
10234.500000000011
3409.0000000000014
10954.500000000013
2269.0000000000023
12434.750000000013
2097.0000000000023
13488.500000000013
1912.0000000000014
13982.500000000015
1496.0000000000016
14049.750000000015
4613.000000000005
13538.000000000013
9860.000000000011
12025.500000000011
12831.000000000011
12753.750000000013
14603.000000000015
13637.500000000016
14671.000000000016
13923.000000000011
13875.000000000016
14180.250000000015
13594.000000000016
13567.000000000015
13790.000000000011
13557.750000000015
12277.000000000007
13870.000000000013
13167.000000000015
15063.250000000015
11532.000000000013
15664.000000000015
10658.00000000001
16205.250000000015
11161.000000000011
17071.50000000002
11732.000000000011
16597.75000000002
9289.000000000005
15900.250000000018
8705.000000000007
15909.250000000016
9348.00000000001
15927.750000000013
7606.000000000007
15662.000000000016
6817.000000000006
15511.500000000016
8184.000000000009
16270.750000000016
6546.000000000007
16331.750000000016
5184.0000000000055
15365.500000000016
4414.0000000000055
15498.500000000016
3601.0000000000023
16695.50000000002
3514.0000000000036
16318.750000000018
3789.000000000004
15730.000000000018
3792.000000000003
15320.750000000013
4278.000000000003
14676.750000000016
4865.000000000003
15129.250000000016
4719.0000000000055
17041.50000000002
4508.0000000000055
17457.25000000002
4380.0000000000055
17634.00000000002
4308.000000000005
17220.00000000002
4101.000000000004
16916.250000000015
3816.000000000004
16596.25000000002
4076.000000000005
15894.750000000015
4709.000000000003
17006.50000000002
5142.000000000005
18239.750000000022
5029.000000000003
18932.50000000002
4856.000000000002
19514.75000000002
5025.000000000003
19902.000000000022
5683.000000000006
19070.500000000022
5475.000000000005
18748.000000000022
4316.000000000005
20579.500000000025
4106.000000000005
20883.75000000002
5641.000000000006
19625.00000000002
7182.000000000006
19072.500000000022
7968.000000000007
19106.75000000002
9323.000000000011
20325.25000000002
10636.000000000013
21407.500000000022
9197.000000000005
21478.500000000022
8813.000000000011
21882.500000000025
9550.000000000007
22779.500000000025
11376.000000000011
22088.500000000022
13542.000000000013
22764.500000000025
15486.000000000018
23438.750000000025
18276.000000000022
22899.750000000022
18572.00000000002