925.750000000001
694.0000000000007
958.2500000000008
686.0000000000007
966.7500000000009
690.0000000000007
1286.0000000000014
675.0000000000007
1258.7500000000011
683.0000000000007
1102.500000000001
723.0000000000008
1104.250000000001
711.0000000000007
1170.5000000000014
668.0000000000007
940.0000000000009
648.0000000000006
812.5000000000009
658.0000000000007
812.7500000000009
676.0000000000007
873.2500000000009
666.0000000000008
1187.0000000000011
649.0000000000006
1325.0000000000014
651.0000000000007
1312.0000000000014
652.0000000000007
1315.7500000000014
648.0000000000007
1527.5000000000014
644.0000000000007
1389.2500000000014
636.0000000000006
1261.750000000001
636.0000000000006
1379.0000000000014
644.0000000000007
1488.5000000000014
639.0000000000006
1340.2500000000014
727.0000000000006
1231.2500000000014
886.0000000000006
1423.2500000000016
1336.0000000000016
2400.5000000000027
2316.0000000000023
3309.000000000003
2904.0000000000023
3681.0000000000036
2955.000000000002
4276.000000000005
2924.000000000004
4703.750000000005
3133.000000000003
4845.7500000000055
2054.0000000000027
5157.500000000006
2160.0000000000014
5178.0000000000055
1963.0000000000023
5974.7500000000055
1319.0000000000014
6493.000000000009
1183.0000000000007
6035.250000000008
2108.0000000000027
5376.000000000005
1968.0000000000018
5589.0000000000055
1299.0000000000014
5249.7500000000055
1487.000000000001
4729.250000000005
1679.000000000002
4883.7500000000055
1214.0000000000011
4859.250000000004
863.0000000000009
5051.0000000000055
817.0000000000009
5134.000000000005
1121.0000000000007
3900.2500000000036
1264.0000000000011
3599.0000000000036
961.0000000000009
3574.000000000003
799.0000000000007
4089.5000000000055
861.000000000001
4199.250000000005
1024.0000000000007
3882.7500000000045
1201.0000000000014
3759.0000000000036
1257.0000000000011
5058.5000000000055
864.0000000000009
5732.000000000006
739.0000000000003
5582.0000000000055
823.0000000000008
5488.000000000005
780.0000000000007
5442.7500000000055
851.000000000001
5360.5000000000055
872.000000000001
5928.500000000007
1031.0000000000005
5960.750000000007
1188.000000000001
4501.750000000005
1101.0000000000007
4448.250000000005
1125.0000000000014
5688.2500000000055
1036.0000000000005
5863.0000000000055
885.0000000000006
5440.000000000005
854.0000000000008
4441.7500000000055
822.0000000000009
4445.750000000005
977.000000000001
4340.750000000005
1157.0000000000011
4193.500000000004
1481.000000000001
3600.7500000000036
1510.0000000000016
3263.250000000003
1188.000000000001
2962.7500000000027
1051.000000000001
2818.0000000000027
1460.000000000001
2668.250000000003
1527.000000000001
2340.7500000000027
2136.000000000002
2205.2500000000023
1772.0000000000011
1906.5000000000018
1101.0000000000007
1733.0000000000018
907.0000000000009
1440.5000000000011
919.0000000000007
928.2500000000011
992.000000000001
828.2500000000008
1252.0000000000014
862.5000000000008
2018.000000000002
864.7500000000007
1716.0000000000018
833.5000000000009
1179.0000000000011
829.5000000000009
1005.0000000000011
838.0000000000007
1099.0000000000011
835.0000000000008
1126.0000000000014
839.2500000000008
878.000000000001
864.7500000000009
1016.0000000000013
834.5000000000008
1282.0000000000016
743.0000000000008
1309.000000000001
689.7500000000008
1372.0000000000016