5223.500000000004
4639.000000000005
5412.750000000006
4390.000000000004
5593.2500000000055
4113.000000000004
5754.500000000006
3933.000000000004
5883.7500000000055
3803.0000000000045
5937.000000000005
3711.0000000000045
5971.500000000006
3667.000000000004
6126.250000000006
3672.0000000000036
5829.2500000000055
3682.000000000004
5728.0000000000055
3774.000000000003
5853.250000000006
3838.000000000004
5916.500000000006
3935.000000000005
5708.2500000000055
4054.0000000000045
5520.7500000000055
4032.0000000000045
5354.250000000005
4121.000000000005
4839.500000000005
4123.0000000000055
4656.750000000004
4156.000000000003
4643.500000000005
4216.0000000000055
4743.2500000000055
4285.000000000005
4963.7500000000055
4381.000000000003
5123.000000000005
4477.000000000003
5179.7500000000055
4553.000000000003
5123.500000000006
4613.000000000005
5271.250000000005
4653.000000000004
5284.0000000000055
4658.000000000005
5391.5000000000055
4592.000000000004
5708.7500000000055
4476.000000000005
5610.500000000006
4443.000000000005
5278.5000000000055
4513.000000000002
5176.500000000004
4513.0000000000055
6227.000000000006
7612.000000000008
7097.250000000008
11610.000000000011
7790.250000000007
12258.000000000015
8888.750000000011
12206.000000000011
8508.50000000001
12323.000000000013
8461.00000000001
11267.000000000011
9260.75000000001
12518.000000000015
10960.000000000013
11669.000000000013
11598.750000000013
9286.00000000001
11214.000000000011
8441.00000000001
11235.250000000011
9696.000000000011
11246.250000000011
10523.000000000011
12144.00000000001
9991.000000000011
13116.750000000011
9560.00000000001
13560.750000000013
8008.00000000001
13546.750000000015
6448.000000000005
13515.750000000013
6651.0000000000055
13166.750000000013
5332.000000000006
13449.000000000013
5522.000000000006
14193.750000000013
5903.000000000003
14067.000000000018
4682.000000000003
14745.750000000015
4084.0000000000045
15050.750000000016
3732.000000000003
14310.000000000015
4504.000000000004
14215.750000000018
5323.0000000000055
13796.500000000015
4713.0000000000055
13956.750000000013
4453.000000000005
13956.500000000015
4733.000000000004
14462.000000000016
5108.000000000005
14581.500000000015
5746.000000000006
14304.500000000015
5947.000000000004
13840.750000000013
6200.000000000006
14037.750000000013
6472.000000000006
13852.000000000015
6564.000000000008
13226.500000000016
6810.000000000008
13150.250000000016
7206.000000000008
12876.000000000015
7436.0000000000055
12456.500000000011
7961.000000000008
11751.500000000013
8035.000000000009
11858.500000000013
8449.00000000001
11710.25000000001
8437.00000000001
11297.250000000011
8317.000000000007
11232.000000000011
8146.000000000007
11940.250000000013
8392.000000000007
12421.000000000013
8676.00000000001
11980.500000000013
8523.000000000007
11672.000000000011
8775.00000000001
11453.250000000013
9069.000000000011
11253.750000000013
9261.000000000007
10968.500000000011
9034.00000000001
10374.750000000011
9247.00000000001
9850.25000000001
9248.00000000001
9645.50000000001
9277.00000000001
9325.50000000001
9392.000000000011
8339.75000000001
9558.000000000007
6864.250000000006
9008.000000000011
6347.750000000006
9090.000000000005
6043.000000000006
9204.000000000005
5809.7500000000055
9624.000000000005
5584.2500000000055
9293.000000000011