11003.000000000013
14812.000000000016
9666.250000000007
14114.000000000018
7739.000000000008
14730.000000000013
7384.500000000007
15307.000000000018
7335.250000000004
16454.00000000002
6618.500000000006
15331.000000000015
5974.500000000007
12893.000000000015
5881.2500000000055
11425.000000000013
6298.5000000000055
10006.00000000001
6544.0000000000055
9433.000000000005
6201.500000000007
9188.00000000001
6246.750000000007
8562.000000000011
6314.000000000006
8135.000000000007
6651.500000000007
7920.000000000006
6876.500000000006
7303.000000000009
6961.500000000006
6805.000000000007
7199.000000000008
6247.0000000000055
7529.750000000007
5551.000000000005
7399.750000000007
5231.0000000000055
7447.250000000007
5176.0000000000055
7392.750000000007
4734.000000000005
7345.500000000007
4430.000000000005
7069.750000000006
4672.000000000004
7383.000000000006
4947.000000000006
8556.750000000007
4664.0000000000055
9037.25000000001
4432.000000000004
10739.750000000015
4472.000000000005
12975.500000000015
4365.000000000005
13949.000000000015
4277.0000000000055
14218.000000000015
4226.0000000000055
13988.750000000018
4236.000000000003
13763.750000000013
4212.000000000004
14520.250000000016
4175.000000000005
14885.000000000016
4775.000000000004
13744.500000000013
5655.000000000004
13855.750000000013
6916.000000000006
14104.500000000015
7187.000000000005
13442.500000000011
7153.000000000008
13424.000000000015
9264.00000000001
14017.500000000015
11035.000000000011
14058.500000000013
10875.000000000011
13880.500000000013
13469.000000000015
13371.250000000015
14026.000000000016
13557.000000000013
14289.000000000013
14075.250000000011
16240.000000000016
14523.500000000016
16176.000000000018
13973.250000000015
13789.000000000015
13569.250000000013
11275.000000000011
13870.000000000013
8029.000000000008
14504.000000000015
8184.000000000009
14649.250000000015
9219.000000000005
14165.000000000013
10526.000000000011
13266.000000000013
12757.000000000013
12880.750000000013
14662.000000000013
12818.000000000013
13710.000000000013
12637.500000000011
12318.00000000001
11749.750000000013
9543.000000000007
11168.250000000007
8719.000000000011
11419.750000000011
9349.000000000011
11997.750000000013
9697.000000000011
12049.750000000011
10302.000000000011
11168.500000000011
10678.000000000007
11229.000000000011
11057.000000000011
11532.500000000011
8187.000000000008
11301.000000000013
6233.0000000000055
10563.25000000001
5224.0000000000055
10288.250000000011
4808.0000000000055
10833.250000000007
4329.0000000000055
11001.500000000011
4502.000000000005
11007.750000000011
5634.0000000000055
10406.250000000011
5975.000000000005
9745.250000000011
5753.0000000000055
9355.50000000001
5849.000000000004
9379.50000000001
6181.000000000005
9667.250000000011
7098.000000000006
9283.000000000011
8548.00000000001
9011.750000000007
9885.000000000007
8052.750000000006
11297.000000000011
7168.000000000007
12285.00000000001
8440.500000000007
11557.000000000011
8614.00000000001
11091.000000000013
8535.25000000001
10969.000000000011
8941.75000000001
10711.000000000011
9334.50000000001
10011.00000000001
9366.75000000001
9560.000000000004
8870.25000000001
9260.00000000001
9146.000000000007
9449.000000000011
9916.50000000001
9824.000000000007
10591.750000000013
9631.000000000005
10722.000000000011
9094.000000000007