7636.500000000007
11621.000000000013
7627.250000000006
12398.000000000007
7357.500000000006
11587.00000000001
7202.250000000008
12437.000000000015
7416.250000000007
12498.000000000013
7696.250000000006
9296.000000000005
7978.250000000006
7792.000000000008
8382.50000000001
7494.000000000006
8575.250000000007
6870.000000000006
8507.500000000007
6761.000000000007
8422.50000000001
6612.000000000008
8230.500000000007
6875.000000000006
8380.250000000007
6484.0000000000055
8820.500000000007
5915.000000000005
9043.25000000001
5537.000000000005
8975.00000000001
5349.0000000000055
9262.250000000011
6114.000000000006
9837.25000000001
6302.000000000007
9977.250000000011
5951.0000000000055
9918.250000000011
5888.000000000003
10146.250000000011
5598.000000000006
9662.25000000001
4587.000000000003
9741.500000000011
3803.000000000003
10059.75000000001
3825.000000000004
9725.50000000001
4363.0000000000055
9456.000000000007
4795.0000000000055
9203.250000000007
4880.000000000003
9232.00000000001
5083.0000000000055
9042.25000000001
6008.000000000004
9777.000000000011
6647.000000000006
10135.75000000001
6441.000000000007
9997.00000000001
6613.0000000000055
9624.25000000001
7557.000000000008
9580.75000000001
8182.000000000008
10029.75000000001
8203.000000000007
10032.750000000011
8125.000000000009
9795.75000000001
7635.000000000009
9606.50000000001
7542.000000000008
9394.50000000001
8233.000000000007
9528.50000000001
9297.000000000011
9182.75000000001
9964.000000000013
8452.50000000001
10529.000000000013
7787.000000000007
10377.000000000013
8198.50000000001
9261.000000000007
8463.750000000007
8945.00000000001
8785.50000000001
9738.000000000005
8868.250000000007
9320.000000000011
8503.00000000001
8793.000000000005
8896.000000000007
8296.000000000004
9473.750000000011
8260.000000000005
10254.25000000001
8403.00000000001
10347.75000000001
8264.000000000007
10353.250000000011
7836.000000000008
10210.500000000011
5773.0000000000055
9214.500000000011
5356.000000000005
9429.75000000001
5273.0000000000055
9407.75000000001
5145.0000000000055
8971.500000000007
5326.0000000000055
8846.75000000001
5572.0000000000055
8935.50000000001
5531.000000000005
9056.50000000001
5323.0000000000055
9393.50000000001
5349.000000000006
9158.500000000007
5882.0000000000055
8792.00000000001
5944.000000000006
8358.750000000007
5129.0000000000055
8346.25000000001
5106.0000000000055
8406.75000000001
5799.0000000000055
8429.25000000001
5752.000000000006
8736.75000000001
5409.000000000005
8654.00000000001
4991.0000000000055
8568.25000000001
4522.000000000005
8589.50000000001
4221.000000000003
8620.000000000007
4187.000000000003
7834.000000000009
3930.000000000004
7200.0000000000055
3451.0000000000014
6783.2500000000055
3412.000000000003
6665.750000000006
3636.000000000003
6619.250000000006
3560.000000000003
6310.000000000006
3601.0000000000023
6283.5000000000055
3490.0000000000036
6493.250000000006
3434.0000000000036
6514.000000000007
3692.0000000000036
6395.000000000007
3616.0000000000045
6126.2500000000055
3218.000000000003
5997.2500000000055
3032.0000000000014
5893.750000000007
2831.000000000003
5815.000000000006
2876.0000000000023
5735.5000000000055
3001.000000000003
5626.5000000000055
2915.0000000000023
5404.750000000007
2779.0000000000023