12484.750000000011
24944.000000000025
11791.250000000011
25386.000000000022
12239.750000000007
25438.000000000025
12746.000000000013
25654.000000000025
13229.000000000015
25936.000000000022
13565.250000000015
26304.00000000003
13817.250000000013
26578.00000000003
13994.250000000015
26393.000000000033
14035.000000000016
26123.000000000025
14097.750000000015
25684.000000000025
13543.000000000016
24166.000000000022
13463.750000000015
21402.000000000025
13784.000000000013
17543.000000000022
13822.500000000013
15950.000000000016
13558.750000000015
15401.000000000016
13183.750000000018
15229.000000000013
12847.750000000013
15004.000000000013
13145.250000000013
14790.000000000018
13870.750000000013
14248.000000000015
14798.750000000016
13174.000000000016
15355.250000000013
12964.000000000013
15575.000000000015
13445.00000000001
15960.000000000016
13914.000000000015
15935.500000000018
14187.000000000016
15956.250000000016
14830.00000000001
15754.500000000016
15431.000000000013
15940.000000000016
15086.000000000016
15925.250000000016
15038.000000000016
15259.250000000018
15425.000000000018
14891.750000000013
15420.000000000011
14199.000000000016
14568.000000000016
13439.750000000015
14737.000000000015
13828.250000000015
14898.000000000013
13103.500000000013
14356.000000000015
12310.750000000013
14345.000000000015
11835.000000000013
14274.000000000015
12537.750000000011
14498.000000000016
12272.750000000013
13253.000000000013
10916.50000000001
13606.000000000015
11623.500000000013
14118.000000000016
11113.750000000013
14953.000000000015
11115.25000000001
14702.000000000015
11139.500000000011
11622.000000000013
11198.50000000001
10472.000000000007
11787.000000000013
10728.000000000011
12507.750000000011
11117.000000000011
12513.500000000011
11842.000000000013
12676.500000000015
12440.00000000001
11985.500000000015
12187.000000000013
11181.750000000013
11530.000000000011
10754.50000000001
11653.000000000013
11555.500000000013
12035.000000000013
12312.750000000013
15757.000000000016
11873.750000000013
15706.000000000016
11137.250000000011
12947.000000000013
10157.25000000001
10271.000000000011
10005.750000000011
7542.000000000007
10598.250000000013
10015.000000000007
10971.750000000013
10590.00000000001
11993.250000000011
10403.000000000011
13862.000000000016
13102.000000000016
15265.000000000016
13540.000000000016
15384.750000000016
14275.000000000016
14745.500000000015
14108.000000000015
13962.500000000011
13971.000000000015
14464.000000000015
13621.000000000016
14852.250000000016
14328.00000000001
14159.250000000015
16009.000000000016
14069.250000000015
16793.00000000002
12836.750000000011
15584.000000000016
12449.750000000013
17084.000000000022
12819.500000000016
18519.000000000022
13020.000000000013
19985.000000000015
13054.250000000015
21484.00000000002
12543.250000000011
22650.000000000025
12129.000000000011
24234.000000000025
12406.500000000011
25690.000000000022
13440.250000000015
26798.00000000002
14092.250000000011
27032.000000000022
15577.750000000016
26721.00000000002
17181.75000000002
26891.00000000003
18331.75000000002
26821.000000000015
19224.500000000015
26674.00000000002
19946.500000000025
26549.000000000025
20436.500000000022
26154.00000000003
20317.50000000002
25851.000000000025
20578.750000000025
25502.00000000001
21324.750000000022
25149.000000000025
21705.250000000022
24810.000000000022
21660.000000000022
24853.000000000022