11050.750000000013
18660.000000000007
12029.500000000011
18518.000000000022
13190.750000000015
19597.000000000022
13298.000000000013
20519.000000000022
13387.750000000015
20758.000000000022
13386.750000000015
19832.000000000015
13309.500000000011
19814.000000000022
13001.250000000015
18487.000000000022
13310.500000000015
19753.000000000022
13863.250000000013
20403.000000000022
14058.750000000011
20580.000000000022
14080.250000000015
20568.000000000022
14201.250000000016
20927.000000000022
14613.750000000015
21685.000000000025
15286.500000000013
21990.000000000025
15261.000000000016
21565.000000000022
16161.750000000016
19318.00000000002
16653.75000000002
18623.00000000001
17179.75000000002
19249.000000000022
16380.500000000013
17934.00000000002
16478.500000000015
19170.00000000001
17542.25000000002
20708.000000000025
17212.500000000015
20680.00000000002
15308.250000000015
21330.00000000002
14649.750000000018
20148.000000000022
13687.750000000011
20508.00000000002
12894.000000000015
20150.000000000022
13577.000000000015
20049.000000000022
13564.750000000013
19463.000000000022
12537.750000000011
20067.00000000002
12703.750000000015
20610.000000000022
13194.250000000013
21731.000000000022
13274.750000000015
21615.000000000025
12359.250000000011
20948.000000000022
11525.750000000013
19561.000000000022
10862.250000000011
17158.00000000001
10853.500000000011
16598.00000000001
10427.750000000011
15907.000000000015
10458.500000000011
15478.000000000016
10747.25000000001
13200.00000000001
11219.00000000001
15449.000000000016
11578.50000000001
16339.000000000015
12634.000000000015
16501.00000000002
13513.000000000016
15750.000000000016
14026.500000000015
15732.000000000016
14414.000000000016
15563.000000000018
14290.500000000015
17467.00000000002
14372.750000000016
16260.00000000002
13980.500000000016
13531.000000000011
14066.750000000015
11274.000000000013
14043.000000000016
14019.000000000011
13826.500000000015
15087.000000000016
13519.500000000013
12192.000000000015
13627.250000000016
10596.000000000011
13799.500000000016
12042.00000000001
13493.000000000013
12603.000000000011
13179.500000000013
13551.00000000001
13403.250000000015
10391.000000000013
14112.750000000018
8932.000000000007
14371.250000000011
10311.000000000011
14986.250000000018
12353.000000000013
15323.000000000016
15007.000000000016
16444.75000000002
14866.000000000016
16373.250000000018
14838.000000000016
15735.500000000015
14857.000000000016
16238.500000000018
14628.000000000011
17130.75000000002
15265.000000000016
17930.75000000002
15424.000000000018
18332.50000000002
14319.000000000013
18229.50000000002
14836.000000000016
18257.75000000002
15569.000000000015
18785.500000000022
16534.00000000001
19532.500000000015
16403.000000000015
19455.500000000022
16105.000000000016
19693.750000000022
14428.000000000015
20044.75000000002
15532.000000000018
20073.50000000002
15129.000000000016
19790.500000000022
14582.000000000011
19776.25000000002
13406.000000000016
19759.500000000022
14300.000000000018
19810.75000000002
15193.000000000016
19291.000000000022
15728.000000000015
18589.25000000002
15617.000000000015
18235.500000000022
14089.000000000016
18279.00000000002
12483.00000000001
18022.750000000015
13553.000000000015
17486.50000000002
14146.000000000015
17454.250000000015
14589.000000000015
17760.25000000002
16161.000000000016
17367.750000000015
16601.000000000015