1448.0000000000011
1815.0000000000018
1408.0000000000016
1880.000000000002
1394.0000000000011
1999.0000000000023
1371.5000000000014
2121.000000000002
1341.0000000000011
2149.0000000000014
1330.5000000000014
2092.0000000000023
1340.5000000000014
2020.0000000000023
1327.5000000000016
1956.0000000000018
1367.7500000000014
1918.0000000000014
1495.0000000000014
1919.000000000002
1743.5000000000016
1904.000000000002
1708.7500000000011
1888.0000000000018
1751.7500000000016
1870.000000000002
1771.5000000000016
1966.0000000000023
1821.2500000000018
2099.0000000000014
2685.5000000000023
2208.0000000000014
2275.7500000000023
2296.000000000002
1727.7500000000016
2357.000000000002
1747.5000000000018
2361.000000000002
1785.0000000000018
2353.0000000000027
1746.0000000000016
2360.0000000000023
2393.2500000000023
2437.000000000002
3610.0000000000045
2504.0000000000027
3920.5000000000045
2552.0000000000027
2771.7500000000027
2564.0000000000027
1923.2500000000018
2635.0000000000027
2149.5000000000023
2666.0000000000027
2506.0000000000027
2621.0000000000014
2965.2500000000023
2619.0000000000027
3284.250000000003
2644.000000000003
3006.0000000000036
2734.0000000000027
3079.2500000000036
2801.0000000000027
3386.7500000000027
2859.0000000000023
3255.500000000003
2876.000000000003
3072.7500000000027
2894.0000000000027
3942.000000000004
2934.000000000003
6002.5000000000055
3011.0000000000023
7485.750000000007
3134.000000000003
8319.00000000001
3449.0000000000036
9009.25000000001
3699.0000000000027
9601.25000000001
3327.0000000000023
10340.500000000013
3398.0000000000027
11024.250000000013
4211.000000000004
11465.500000000011
4331.000000000005
11980.500000000013
3858.0000000000036
12906.500000000016
4107.000000000003
14236.500000000016
4825.000000000004
15323.500000000018
4630.000000000005
15688.750000000015
4124.000000000004
15894.000000000015
4491.000000000005
16057.250000000016
5197.0000000000055
16301.250000000016
4606.0000000000055
16530.00000000002
4411.000000000005
16722.75000000002
4801.0000000000055
16376.000000000018
5105.000000000006
15809.500000000016
5736.000000000006
15391.000000000015
6614.000000000007
14966.500000000016
9477.00000000001
14453.250000000013
12734.000000000011
14049.250000000015
14851.000000000016
13941.250000000011
15835.000000000015
14024.250000000015
16990.00000000001
13772.250000000013
18784.00000000002
13514.000000000016
20575.000000000022
13447.250000000015
22370.000000000025
13809.500000000016
24557.00000000002
14313.250000000015
25164.000000000025
14026.000000000013
24695.00000000003
12610.750000000015
24573.00000000003
11538.250000000011
24410.000000000022
11740.500000000015
24861.00000000002
11537.500000000013
25786.00000000003
11266.750000000011
26938.00000000003
11133.750000000015
28090.000000000025
11375.500000000011
28785.00000000003
11898.000000000013
28910.000000000033
13276.750000000011
29019.000000000025
15553.750000000016
29130.00000000003
18087.500000000015
29159.000000000036
19602.75000000002
29126.000000000025
20966.75000000002
29327.000000000033
21362.00000000002
29382.00000000003
21724.750000000022
29244.000000000015
22206.750000000025
29168.00000000003
22737.750000000022
29193.00000000003
23357.75000000003
29167.000000000033
24097.750000000025
29173.00000000003
24758.250000000033
29183.000000000033
25392.500000000022
29031.00000000003
26210.00000000003
29038.000000000033