19486.00000000002
17408.000000000015
19595.500000000022
17641.00000000002
18709.500000000022
17726.000000000022
17683.500000000015
19592.00000000002
17403.000000000015
18706.000000000015
16955.00000000002
17473.00000000002
16712.750000000015
16022.000000000016
16117.250000000016
16590.00000000002
15338.750000000015
16902.00000000001
15041.500000000016
15551.000000000016
14425.750000000016
16500.00000000002
17035.25000000002
15962.000000000016
17456.25000000002
14709.00000000001
17928.25000000002
14280.000000000015
17360.750000000015
16285.000000000016
16127.500000000015
16397.00000000001
15933.000000000016
16249.000000000018
16319.250000000016
16658.00000000001
18091.25000000002
13322.00000000001
19439.750000000025
12556.000000000011
18120.750000000015
15137.000000000015
15377.750000000016
21316.00000000002
14098.250000000016
16308.000000000015
13789.250000000016
16793.00000000001
14012.750000000015
15427.000000000016
14397.000000000016
19351.00000000002
14809.000000000015
14842.000000000016
16244.500000000016
11479.000000000013
17013.25000000002
12675.000000000015
15881.500000000016
12438.00000000001
14401.750000000018
12855.000000000007
14416.500000000013
16979.000000000022
14576.750000000015
16144.000000000016
14837.750000000015
13326.000000000016
15610.750000000016
17343.00000000001
16460.50000000002
17689.00000000002
16065.250000000015
16093.000000000018
16092.000000000016
15301.000000000018
15939.750000000015
16788.00000000002
15000.000000000018
18082.000000000022
14787.250000000015
14196.000000000013
14157.000000000015
16412.00000000001
13779.500000000015
17361.000000000022
13857.500000000015
16191.000000000016
14066.750000000015
14077.000000000015
14206.500000000015
14999.000000000018
13637.250000000013
16510.000000000015
12933.250000000013
15791.000000000018
13667.250000000013
17920.00000000001
13818.500000000015
18854.000000000022
14016.000000000011
15094.000000000007
14172.250000000015
13540.000000000016
13882.500000000016
14737.000000000015
13974.250000000015
20371.00000000002
14458.750000000015
18116.00000000002
13840.250000000015
14407.000000000018
13713.000000000015
16075.000000000015
14897.250000000015
16843.000000000022
15055.750000000015
18268.00000000002
15138.250000000018
19593.000000000025
15245.500000000015
19984.000000000015
14936.000000000015
20717.000000000022
14573.750000000016
19035.000000000022
14078.750000000013
18046.000000000022
13453.750000000013
20425.000000000022
13753.750000000015
21078.000000000022
13777.750000000015
20470.000000000022
15143.500000000015
21766.000000000022
15979.500000000015
21076.000000000022
15970.750000000015
21603.000000000022
15896.000000000015
18191.00000000002
15290.000000000016
19050.00000000001
14776.000000000013
20213.000000000015
15444.750000000015
19236.000000000022
15351.500000000016
18383.000000000015
16472.500000000015
18165.00000000001
17266.500000000015
17797.00000000002
17024.50000000002
19511.000000000015
16295.750000000018
20687.000000000022
16328.000000000016
20311.00000000002
17014.000000000015
19457.00000000002
16289.750000000015
20088.000000000022
17220.75000000002
20253.000000000022
18626.00000000002
20250.00000000002
17685.25000000002
19736.000000000022
17730.000000000015
19253.000000000015
18392.00000000002
19410.000000000025
18405.750000000022
16964.00000000002
18310.75000000002
17056.00000000002
18153.250000000022
16864.000000000007