10833.250000000007
5242.000000000006
10818.000000000011
5383.0000000000055
10640.500000000011
5416.000000000005
10434.750000000011
5422.0000000000055
10089.000000000011
5472.0000000000055
9910.00000000001
5473.000000000005
9632.25000000001
5456.0000000000055
9244.25000000001
5571.0000000000055
8646.25000000001
5799.0000000000055
8342.50000000001
5804.000000000006
8513.000000000007
5842.0000000000055
8980.750000000007
6312.000000000007
8778.00000000001
7221.000000000008
9893.00000000001
7816.000000000008
10559.500000000011
8111.000000000009
10325.500000000011
8329.000000000011
10464.250000000011
8439.000000000007
11220.250000000011
8602.00000000001
11949.500000000013
8747.000000000005
11815.25000000001
8792.00000000001
12172.500000000013
8656.000000000011
12365.500000000015
8379.00000000001
11729.250000000011
8299.000000000005
10783.000000000011
8457.000000000005
11133.50000000001
8700.00000000001
11606.000000000011
8616.00000000001
11642.250000000013
8391.000000000011
11525.500000000011
7915.000000000007
11466.500000000013
7291.0000000000055
11102.750000000011
6742.000000000007
10601.750000000011
6700.000000000007
10790.000000000011
6152.000000000007
10747.500000000011
5583.000000000005
10804.00000000001
5015.000000000004
10478.25000000001
5557.0000000000055
10258.000000000013
5225.000000000006
11372.000000000013
4697.000000000005
11852.250000000011
5029.0000000000055
11323.500000000011
8143.000000000008
9676.00000000001
10806.000000000011
9592.750000000011
11363.000000000011
9089.75000000001
11520.000000000013
9647.50000000001
12558.000000000015
9508.50000000001
14438.000000000016
10524.50000000001
15437.000000000016
12256.000000000013
15844.000000000016
11717.500000000013
16285.000000000016
11178.000000000013
16317.000000000016
10404.000000000011
16477.000000000022
10802.000000000011
17880.000000000022
12104.500000000011
19139.000000000022
12692.000000000015
19813.00000000002
13583.500000000015
20934.000000000025
14862.750000000013
21769.000000000022
14851.000000000016
21546.000000000022
15126.750000000015
19837.000000000022
14742.750000000015
14340.000000000015
14055.500000000015
11636.000000000007
13849.750000000015
12051.000000000005
13410.500000000013
12539.000000000015
12682.250000000015
13086.000000000015
13257.750000000015
12334.000000000015
13580.500000000013
13099.000000000007
13161.250000000015
14797.000000000015
13240.000000000015
15687.000000000018
12766.000000000013
16558.000000000015
12480.500000000013
14991.000000000016
13034.000000000013
11980.00000000001
12870.500000000015
11347.000000000011
11549.250000000013
9298.000000000011
9853.000000000007
7923.000000000008
9157.75000000001
8205.00000000001
9584.50000000001
7928.000000000009
9275.25000000001
7327.000000000006
8419.750000000007
7193.000000000008
8598.75000000001
7055.0000000000055
8138.500000000007
7107.000000000007
7707.500000000006
6944.000000000007
8863.75000000001
7034.000000000005
9065.250000000011
8249.000000000004
8080.000000000006
10155.00000000001
8100.250000000008
11918.000000000015
8799.25000000001
12411.000000000015
8675.00000000001
12170.000000000007
9779.500000000011
11595.000000000011
10428.500000000011
10600.000000000011
9398.50000000001
8976.000000000005
8451.50000000001
8720.000000000007
8436.25000000001
9962.000000000007
8860.750000000007
12373.000000000011