8190.250000000009
4889.0000000000055
8090.500000000008
4875.000000000005
7983.750000000006
4907.000000000003
7917.250000000006
4897.000000000004
7884.750000000008
4900.0000000000055
7872.000000000009
4939.000000000004
7867.000000000008
4966.000000000005
7878.500000000008
4983.000000000003
7862.750000000008
4996.000000000004
7847.500000000007
5043.000000000005
7841.500000000006
5071.0000000000055
7854.250000000008
5082.000000000003
7799.500000000009
5066.000000000005
7722.500000000006
5054.0000000000055
7633.000000000008
5020.000000000005
7608.250000000007
5000.000000000004
7646.750000000007
4977.000000000004
7578.250000000009
4918.0000000000055
7570.5000000000055
4892.0000000000055
7580.250000000006
4826.000000000005
7564.500000000007
4776.000000000005
7503.5000000000055
4692.0000000000055
7499.250000000007
4608.000000000004
7454.000000000006
4531.000000000004
7434.250000000007
4483.0000000000055
7439.000000000009
4435.000000000003
7460.750000000008
4409.000000000005
7481.500000000007
4349.000000000004
7405.000000000007
4341.000000000004
7319.250000000009
4537.000000000005
7437.250000000008
4750.000000000005
7752.000000000008
4941.0000000000055
8344.50000000001
5084.000000000006
9175.75000000001
5211.000000000005
9311.500000000011
5326.000000000006
9840.75000000001
5473.0000000000055
9422.750000000011
5602.0000000000055
9530.00000000001
5720.000000000006
8890.50000000001
5910.000000000004
8453.75000000001
6103.0000000000055
8702.00000000001
6302.000000000007
10696.75000000001
6446.0000000000055
11182.25000000001
6547.000000000005
10007.750000000011
7116.0000000000055
9088.750000000007
8257.00000000001
9817.00000000001
9688.000000000007
10109.750000000011
7654.000000000006
9971.750000000011
5661.000000000006
10257.00000000001
6473.000000000008
9812.50000000001
7523.000000000007
9601.75000000001
10514.000000000011
9692.00000000001
11468.000000000011
9536.250000000011
7317.000000000007
10097.75000000001
5897.0000000000055
10783.250000000013
6985.000000000007
10925.75000000001
7917.00000000001
10507.250000000011
9427.000000000011
10050.500000000011
8910.000000000007
9771.750000000011
8141.000000000009
10062.500000000011
8353.00000000001
10227.500000000011
8458.000000000005
10330.250000000011
8592.000000000013
9943.500000000011
8716.000000000005
9896.250000000011
8752.000000000011
10741.750000000013
8649.000000000011
11002.500000000013
8531.00000000001
11377.500000000013
8429.000000000011
11557.750000000013
8378.000000000007
11966.500000000011
8263.000000000007
13650.000000000015
8223.000000000005
14234.500000000013
8189.00000000001
14103.000000000016
8082.000000000008
15298.750000000015
8004.000000000009
14939.500000000015
7915.000000000007
14142.000000000013
7782.000000000008
14215.500000000015
7668.000000000006
13740.500000000013
7513.000000000008
13439.750000000015
7378.000000000007
13436.250000000013
7259.000000000007
13390.750000000015
7112.000000000008
12459.500000000013
7074.000000000006
11981.500000000011
6975.000000000008
12277.250000000013
6911.000000000007
12325.000000000011
6894.000000000007
12236.750000000013
6950.000000000009
12148.750000000013
6880.0000000000055
12085.500000000013
6896.000000000007
12008.000000000011
6961.000000000006
11894.000000000013
6909.000000000007
12126.250000000011
6860.000000000007