5564.250000000006
6486.000000000005
5410.0000000000055
6499.0000000000055
5820.750000000006
6040.000000000006
6303.7500000000055
6256.000000000007
6232.0000000000055
8202.000000000007
5754.7500000000055
5851.0000000000055
5823.2500000000055
5746.000000000006
5576.7500000000055
5840.000000000004
5566.2500000000055
5796.000000000006
6285.5000000000055
4975.000000000005
5972.750000000006
4824.0000000000055
5323.0000000000055
6204.000000000005
4962.0000000000055
5469.000000000006
5481.5000000000055
3972.000000000003
5749.750000000006
4245.0000000000055
6084.000000000006
4743.000000000003
6091.0000000000055
4967.000000000005
5336.2500000000055
5109.000000000003
4773.2500000000055
5128.000000000006
5199.000000000005
5529.0000000000055
4237.750000000005
5053.000000000004
4143.500000000004
4495.000000000005
4767.250000000005
5599.000000000006
5677.7500000000055
6601.000000000006
5624.7500000000055
5499.000000000006
5630.5000000000055
4290.000000000003
5534.7500000000055
4086.0000000000045
5818.750000000006
3918.000000000003
6602.000000000008
4124.000000000004
7223.250000000006
4961.0000000000055
8154.000000000006
7785.000000000008
8776.50000000001
7708.000000000007
9131.25000000001
5227.000000000003
10141.25000000001
5086.0000000000055
11420.000000000011
5447.000000000005
12752.000000000015
5108.000000000005
14033.500000000013
9099.000000000011
12529.000000000015
12811.000000000013
11148.250000000013
12502.000000000015
11113.750000000011
12591.00000000001
11045.000000000011
11217.000000000011
11356.750000000013
9199.00000000001
11697.25000000001
6023.000000000008
11401.000000000013
3686.000000000004
10112.000000000011
3864.0000000000045
9546.00000000001
3363.0000000000036
9949.50000000001
3194.000000000003
9633.75000000001
2931.0000000000023
9429.75000000001
2918.0000000000027
9648.75000000001
3237.0000000000027
9515.500000000011
3817.0000000000027
9301.250000000011
4580.0000000000055
8750.00000000001
6065.0000000000055
8611.75000000001
4367.0000000000055
8978.00000000001
3380.0000000000023
9007.25000000001
3355.000000000003
8812.25000000001
3999.000000000004
8610.500000000011
3632.0000000000036
8813.00000000001
3874.000000000004
9509.50000000001
4617.000000000005
9027.75000000001
3259.000000000004
9047.500000000007
3483.0000000000023
9928.500000000011
4800.000000000003
10310.75000000001
3800.000000000004
10118.750000000013
5126.000000000006
8480.000000000007
5576.000000000006
8221.500000000007
5369.000000000006
9734.250000000011
4298.000000000003
9505.00000000001
4981.000000000004
8819.75000000001
6090.000000000005
9277.750000000011
7006.000000000008
8925.00000000001
6968.000000000008
6987.000000000007
7037.000000000008
6160.5000000000055
7760.000000000006
5796.5000000000055
7717.000000000007
6088.250000000006
9419.000000000011
6768.750000000007
8703.000000000011
5572.7500000000055
7759.000000000006
5059.2500000000055
7696.000000000009
4497.750000000005
6930.000000000008
4217.250000000005
7024.000000000007
3864.2500000000036
9266.000000000005
4092.5000000000045
8976.000000000011
4329.500000000005
7051.000000000008
4165.750000000005
7576.000000000007
3814.7500000000045
8491.000000000007
3980.750000000005
8147.000000000007
4555.500000000005
12187.000000000013
4096.500000000005
10860.000000000011
4253.500000000005
11331.000000000011