6528.0
6528.0
6528.0
6524.000000000004
6528.0
6615.000000000002
6528.0
6838.000000000006
6523.750000000002
5735.000000000006
6654.500000000003
5191.000000000005
6513.000000000003
6470.000000000006
6388.000000000004
8975.000000000005
6614.750000000003
8241.000000000007
6920.500000000005
5045.0000000000055
6681.500000000005
6662.000000000006
5660.500000000003
6287.000000000002
6022.500000000003
3796.000000000003
6714.7500000000055
3815.000000000003
7599.7500000000055
5647.000000000006
9063.250000000005
5555.0000000000055
10375.50000000001
3939.000000000003
9619.000000000007
5957.000000000003
7680.000000000006
10152.000000000007
6887.000000000005
10725.000000000013
6558.250000000005
9650.000000000007
5820.500000000005
7497.0000000000055
5194.500000000005
5153.000000000002
5351.250000000005
5498.000000000005
7770.500000000008
6534.000000000004
10267.500000000011
6601.000000000006
11693.500000000011
6374.000000000004
11871.75000000001
6633.000000000004
10803.000000000011
6758.0000000000055
9643.50000000001
7769.0000000000055
9820.00000000001
8228.00000000001
9861.25000000001
8475.00000000001
9879.750000000011
8736.000000000004
9692.00000000001
8500.000000000007
8739.750000000007
8091.000000000007
8769.750000000007
7813.000000000008
10368.00000000001
8386.000000000004
11206.75000000001
7847.000000000007
11362.250000000007
7681.000000000006
11277.500000000011
8175.000000000006
11315.500000000011
8535.000000000005
10653.75000000001
7689.000000000005
9245.000000000011
7392.000000000005
9262.750000000011
7540.0000000000055
9492.25000000001
7300.000000000006
10604.000000000011
6664.000000000005
9554.25000000001
6523.000000000002
8687.500000000007
6526.000000000004
8521.750000000007
6527.000000000005
8899.250000000007
6865.000000000005
8726.75000000001
7654.000000000005
9036.00000000001
7868.000000000005
10672.00000000001
9268.000000000007
12249.500000000013
8930.000000000005
11816.50000000001
6931.0000000000055
11062.750000000011
6234.000000000002
11170.000000000011
6524.000000000005
12645.750000000013
7730.0000000000055
13217.000000000013
8340.000000000004
12033.500000000013
7406.000000000006
11397.000000000011
6609.0000000000055
11939.500000000011
6630.000000000002
11903.000000000013
6911.000000000005
11712.25000000001
8368.000000000007
11588.50000000001
7836.0000000000055
11588.750000000011
6786.000000000005
11798.250000000011
6620.000000000003
12043.500000000011
6743.000000000005
12164.000000000013
7426.0000000000055
11439.500000000013
7208.000000000006
11145.500000000011
6715.0000000000055
10981.25000000001
6490.000000000003
10032.25000000001
6322.000000000005
9571.250000000011
6320.000000000001
9892.750000000007
6536.000000000003
9863.750000000007
6788.000000000005
8932.250000000005
6522.000000000004
8571.500000000005
6528.0
8918.250000000005
6528.0
9341.250000000007
6528.0
7795.000000000005
6528.0
7033.000000000005
6528.0
7131.500000000005
6528.0
7347.000000000004
6528.0
7037.500000000005
6528.0
6737.500000000005
6528.0
6555.000000000004
6528.0
6526.250000000002
6528.0
6528.0
6528.0
6528.0
6528.0