7252.500000000008
8216.00000000001
7229.750000000007
8325.000000000007
7244.250000000009
8548.00000000001
7289.250000000007
8702.000000000005
7418.250000000009
8763.000000000005
7618.000000000008
8737.000000000011
7819.500000000007
8680.00000000001
7982.000000000006
8579.00000000001
8114.750000000008
8462.000000000004
8198.00000000001
8399.000000000007
8255.000000000007
8394.00000000001
8384.00000000001
8359.000000000005
8480.25000000001
8332.000000000007
8526.00000000001
8281.00000000001
8711.000000000011
8199.000000000005
9006.250000000011
8136.000000000008
9139.750000000007
8109.000000000009
8877.75000000001
8072.000000000008
8823.00000000001
7947.00000000001
9243.75000000001
8119.000000000008
9132.75000000001
8636.000000000007
8826.25000000001
9342.000000000011
8396.750000000007
9946.000000000007
7977.250000000009
10580.000000000011
8798.750000000007
11282.000000000013
9127.75000000001
11715.000000000013
8563.250000000007
11800.00000000001
8707.50000000001
11638.000000000011
8648.750000000011
11398.000000000013
8926.250000000011
10980.000000000011
9218.50000000001
10599.000000000011
9476.250000000011
10242.000000000011
9281.75000000001
10138.00000000001
9504.75000000001
10221.000000000007
10070.500000000011
10533.000000000007
9937.00000000001
11029.000000000013
10207.25000000001
11649.000000000013
10196.250000000013
12003.000000000013
10802.75000000001
12008.000000000011
10922.500000000013
11705.000000000015
11096.000000000011
11037.000000000011
11244.00000000001
9932.000000000013
10638.250000000011
8523.000000000007
10602.000000000011
7377.000000000009
11121.250000000011
6748.000000000006
10662.000000000011
6592.000000000005
9894.50000000001
6657.000000000006
9182.50000000001
7388.000000000006
8974.50000000001
7381.000000000009
8497.25000000001
6980.000000000007
8770.25000000001
6831.000000000004
8930.250000000007
7280.000000000006
9006.75000000001
7845.000000000006
8684.00000000001
7781.000000000007
7772.000000000008
7528.000000000008
7023.750000000006
7638.000000000009
6901.000000000007
7783.000000000008
7268.500000000007
8042.000000000008
7536.000000000007
8910.000000000007
7331.250000000007
9752.00000000001
6402.2500000000055
10714.000000000011
5869.500000000006
10541.000000000013
6031.2500000000055
10629.000000000011
6587.500000000006
9674.000000000011
7190.250000000006
9027.00000000001
7578.000000000008
8518.00000000001
7969.50000000001
8592.000000000013
7980.500000000008
8433.00000000001
7649.750000000006
8666.000000000007
7573.000000000007
9673.000000000011
7976.500000000008
11111.000000000013
8629.250000000007
11772.000000000007
8486.50000000001
11680.000000000015
8316.50000000001
11623.000000000013
8538.750000000011
12134.00000000001
8810.000000000007
12481.000000000011
9503.25000000001
13573.000000000013
9710.25000000001
15333.00000000001
9703.750000000011
14802.000000000015
8935.00000000001
13538.000000000013
7626.000000000007
12137.000000000015
7408.000000000006
11559.000000000015
7623.250000000007
12524.000000000015
8036.250000000006
12248.000000000013
9141.75000000001
12022.000000000011
9297.500000000011
11884.000000000005
11161.50000000001
14005.000000000015
11623.250000000013
17584.00000000002
11962.000000000015
17864.000000000022
10364.250000000011
12311.000000000011