2516.2500000000027
1315.0000000000014
2500.0000000000023
1398.0000000000016
2203.7500000000023
1459.0000000000014
2188.0000000000023
1580.000000000001
2097.0000000000023
1612.0000000000011
2216.7500000000023
1645.0000000000016
2250.500000000002
1619.0000000000014
2179.2500000000023
1502.000000000001
2226.2500000000023
1479.000000000001
2354.5000000000027
1479.0000000000018
2379.0000000000023
1464.000000000001
2445.2500000000023
1508.0000000000016
2563.7500000000027
1533.0000000000018
2649.7500000000027
1566.0000000000016
2937.7500000000023
1590.0000000000016
3297.500000000003
1589.0000000000011
3609.250000000003
1630.0000000000016
4040.500000000004
1653.0000000000018
4220.000000000005
1733.000000000002
4456.250000000005
1744.000000000002
4783.750000000005
2330.0000000000023
4776.000000000005
3502.0000000000023
4877.5000000000055
4590.000000000005
4992.2500000000055
5480.0000000000055
5132.0000000000055
5340.000000000006
4976.750000000005
6279.000000000007
4898.250000000005
6362.0000000000055
5343.500000000005
6177.000000000006
5030.000000000005
5982.000000000007
4847.750000000005
3763.000000000004
4857.000000000005
3638.0000000000027
4952.7500000000055
5015.000000000004
4841.000000000005
4775.000000000004
4362.750000000004
4552.000000000005
4134.2500000000055
4230.000000000004
4081.2500000000045
3963.0000000000045
4009.500000000004
4782.000000000005
4144.250000000004
7257.000000000009
3990.000000000004
7517.000000000008
4148.500000000005
6634.000000000006
4327.000000000005
5687.000000000006
4518.000000000005
4337.000000000004
4801.2500000000055
3591.000000000003
4757.500000000005
3348.0000000000036
4974.000000000005
4139.000000000004
5614.7500000000055
4035.0000000000036
6176.000000000004
3615.0000000000027
5977.7500000000055
4409.000000000005
5582.7500000000055
4396.000000000005
5157.000000000005
3401.0000000000036
4722.750000000005
2729.000000000003
4808.500000000005
2308.0000000000023
5937.7500000000055
3176.000000000003
6869.000000000006
3863.000000000004
6536.250000000006
3558.0000000000027
5709.7500000000055
3120.0000000000027
5127.7500000000055
2620.000000000002
4386.750000000005
3174.000000000003
4506.500000000005
4467.000000000004
5352.000000000005
4380.0000000000055
6340.000000000007
4322.000000000004
6322.000000000006
4323.000000000005
6139.500000000007
4161.000000000003
5582.0000000000055
3808.000000000004
5328.000000000005
3742.0000000000045
5550.250000000006
3377.000000000003
5478.2500000000055
2923.0000000000023
5396.0000000000055
2151.0000000000023
4787.250000000005
1637.0000000000018
5109.0000000000055
1761.000000000001
5445.5000000000055
2189.0000000000014
4368.750000000005
2564.0000000000027
4036.500000000004
2679.000000000002
4476.250000000004
2880.000000000003
4478.5000000000055
3122.000000000002
4870.750000000005
3545.000000000004
4465.500000000005
3899.000000000004
4205.750000000004
4063.0000000000045
3935.250000000004
4407.000000000005
4036.2500000000045
4895.000000000005
3861.000000000003
5453.0000000000055
4247.250000000005
5686.0000000000055
4100.750000000004
5613.0000000000055
2834.5000000000027
5347.000000000006
3521.500000000003
5117.0000000000055
7175.000000000007
8211.00000000001
10425.500000000011
11900.000000000005
9844.75000000001
10506.00000000001
3431.000000000004
5372.000000000006
2016.500000000002
3855.0000000000027