7943.500000000006
5687.000000000006
7556.000000000008
5294.000000000006
6842.0000000000055
5272.000000000005
6161.500000000006
5745.0000000000055
5799.7500000000055
6435.000000000004
5832.000000000006
7294.000000000007
5629.5000000000055
8104.000000000011
5138.750000000006
8670.00000000001
4706.500000000005
8822.00000000001
4290.250000000004
8417.000000000004
4126.000000000005
7840.000000000007
5838.500000000006
7857.000000000005
7430.750000000008
8313.000000000005
8976.25000000001
8593.00000000001
10480.500000000013
8486.00000000001
10300.250000000011
8204.00000000001
9745.500000000011
7647.000000000006
9687.000000000011
7272.000000000006
8847.500000000011
7397.00000000001
8303.00000000001
7707.000000000008
8697.25000000001
8278.000000000007
9072.25000000001
9132.000000000007
9374.75000000001
9812.00000000001
9974.500000000011
10217.000000000011
11330.250000000013
10261.000000000011
11159.000000000013
9662.000000000005
10953.750000000011
9268.000000000007
11262.250000000011
9329.000000000007
10566.000000000013
9719.000000000013
9462.00000000001
10240.000000000005
9448.000000000011
10569.000000000011
10866.000000000013
11131.000000000015
12537.50000000001
12257.00000000001
12988.000000000015
13644.000000000015
12810.000000000013
14992.000000000016
12787.250000000015
16053.000000000016
13222.750000000011
16768.000000000015
13913.250000000016
17300.000000000022
14922.000000000015
17598.00000000002
15742.500000000018
17475.000000000007
16189.50000000002
17387.00000000001
15828.250000000016
17294.00000000002
16059.750000000015
16715.00000000002
16194.500000000018
15883.000000000015
16311.750000000016
15091.000000000015
15410.750000000016
14281.000000000015
14364.750000000015
13654.000000000016
14388.500000000016
13302.000000000011
15003.250000000015
12744.00000000001
14772.750000000015
12824.000000000007
14353.500000000013
13057.000000000016
14475.750000000018
12056.000000000015
15127.500000000015
9989.000000000011
15188.000000000018
9716.000000000011
15531.250000000015
9692.000000000005
16066.000000000013
9741.000000000007
16864.250000000015
11595.000000000005
16930.750000000022
14766.000000000016
16537.750000000015
15917.000000000013
16300.250000000016
14751.000000000015
16071.250000000016
11810.000000000011
15339.000000000011
8822.00000000001
15469.750000000016
8023.000000000007
15569.750000000015
11079.000000000011
15972.000000000018
12431.000000000013
16320.500000000016
12762.000000000016
17019.75000000002
11710.000000000013
16784.00000000002
10617.000000000007
16148.750000000015
11840.000000000011
15756.500000000016
11281.000000000011
16124.500000000018
13587.000000000013
15491.750000000016
12988.00000000001
14253.500000000015
12530.00000000001
14658.500000000016
11726.000000000007
14246.750000000015
7928.000000000009
13701.000000000013
6614.000000000007
13139.250000000015
6742.000000000007
11611.500000000013
6463.000000000005
11346.750000000013
5942.000000000007
9813.500000000011
5216.0000000000055
8931.75000000001
5033.0000000000055
8347.50000000001
5600.000000000006
8826.00000000001
6014.000000000005
10364.250000000011
5732.000000000005
8074.000000000008
5650.000000000007
8065.250000000009
5966.0000000000055
7500.500000000008
6995.000000000007
7439.750000000007
8475.000000000011
7824.000000000008
10505.00000000001
7949.500000000006
12658.000000000013