6787.750000000007
7835.000000000009
6670.7500000000055
7952.000000000009
6513.000000000007
8199.000000000005
6539.250000000007
8572.00000000001
6869.500000000006
8965.000000000011
7201.500000000009
9141.000000000013
7449.500000000007
9400.000000000004
7877.250000000008
11716.000000000015
8571.00000000001
11568.000000000011
9244.25000000001
11827.000000000013
9934.750000000011
14564.000000000016
10595.750000000011
14129.000000000018
10806.000000000011
15249.000000000016
9937.250000000011
18093.000000000022
8398.250000000011
17162.000000000022
7610.250000000007
13210.000000000011
7152.250000000007
12275.000000000016
7094.500000000009
14247.000000000011
8089.000000000008
14202.000000000011
8730.50000000001
11132.000000000013
8747.500000000011
11610.000000000011
8081.500000000008
15902.000000000016
7245.750000000008
16994.00000000001
5975.250000000006
15114.000000000016
5313.7500000000055
12345.000000000015
4760.750000000005
11195.000000000011
4771.000000000005
13432.000000000013
4939.250000000005
15225.000000000018
6570.500000000006
14804.000000000016
8399.500000000007
14347.000000000007
8954.50000000001
14133.000000000013
8644.25000000001
14438.000000000016
8136.250000000008
16075.000000000016
7900.500000000008
16816.000000000015
7175.000000000007
16895.000000000022
7775.25000000001
15958.00000000002
9448.25000000001
14574.000000000016
10480.000000000011
13500.000000000011
11263.500000000011
12800.000000000011
12694.750000000015
13310.000000000016
13395.500000000016
13776.000000000013
13700.000000000015
14298.000000000015
14196.500000000013
15240.000000000018
14238.000000000015
14594.000000000016
14327.000000000015
12141.000000000013
14049.000000000015
10490.000000000011
13834.750000000013
11701.000000000015
13098.000000000013
13468.000000000016
12740.250000000015
13354.000000000015
12204.250000000011
12328.000000000011
12297.250000000013
10093.000000000011
11908.25000000001
8754.000000000005
11221.00000000001
9370.00000000001
10862.750000000011
10393.000000000005
11326.250000000011
10560.00000000001
11045.75000000001
10459.000000000011
10715.000000000011
8631.00000000001
10090.500000000011
7445.000000000007
9778.25000000001
8157.000000000006
10460.00000000001
10039.00000000001
11046.50000000001
9910.000000000011
11285.250000000013
9558.000000000007
11919.250000000011
9025.000000000007
12190.750000000013
8002.000000000009
11586.25000000001
8582.000000000007
11505.250000000013
10403.00000000001
12033.500000000013
10549.000000000011
12002.250000000013
8856.000000000011
12063.750000000011
6093.000000000006
11917.75000000001
5320.0000000000055
10057.250000000011
7307.000000000007
10075.750000000013
11957.000000000007
10377.75000000001
13548.000000000016
10876.750000000011
14566.000000000016
10704.00000000001
14524.000000000015
10435.75000000001
13978.00000000001
10646.50000000001
14137.000000000015
10827.000000000011
14485.000000000007
10403.50000000001
16738.000000000015
10651.250000000011
21349.00000000001
11008.00000000001
22751.00000000003
11406.250000000013
22112.000000000025
11107.250000000011
21841.000000000022
11170.500000000013
23571.00000000001
11226.750000000013
23298.00000000003
11647.000000000007
22623.000000000025
11328.750000000013
23083.000000000025
11561.250000000011
23914.000000000025
11895.250000000013
24224.00000000003
12108.750000000015
23164.000000000025