12035.500000000013
2443.0000000000027
13615.750000000015
2853.000000000003
12896.000000000013
3313.000000000003
12089.750000000011
3231.0000000000036
12190.500000000013
2962.0000000000036
12839.750000000011
2398.0000000000023
13461.500000000011
1385.0000000000016
14136.250000000013
2166.0000000000014
14745.000000000013
2242.0000000000014
14707.000000000013
2849.0000000000027
12602.000000000011
3984.000000000004
13515.000000000015
3211.000000000004
14175.000000000015
3441.0000000000023
13279.250000000015
2936.000000000002
12483.250000000015
2902.0000000000014
11555.000000000013
3042.000000000004
10039.75000000001
2679.000000000002
8552.25000000001
2042.0000000000016
8094.000000000006
2127.0000000000023
8463.500000000007
2175.0000000000023
8854.75000000001
2325.0000000000027
9018.250000000011
2904.0000000000023
9294.00000000001
2538.000000000002
9180.00000000001
2322.0000000000014
9154.750000000011
1917.000000000002
9472.000000000011
2269.0000000000027
8417.250000000007
2566.0000000000027
7862.000000000008
3711.0000000000045
7661.750000000007
5364.0000000000055
8324.25000000001
6811.0000000000055
8405.50000000001
8032.000000000009
9150.00000000001
9265.000000000005
10491.250000000013
11748.000000000011
10340.000000000011
13409.000000000011
10504.250000000011
14339.000000000011
10125.50000000001
14789.000000000007
8974.00000000001
13150.000000000011
8549.000000000007
12593.000000000015
8335.250000000007
10245.000000000011
8532.50000000001
9211.00000000001
7634.250000000008
6847.000000000006
6605.5000000000055
5884.000000000005
7047.250000000008
6182.000000000006
7072.000000000006
3559.0000000000023
7086.250000000008
2820.000000000003
7227.500000000008
2215.0000000000023
6717.250000000007
2516.0000000000023
6068.750000000005
4810.000000000006
5324.500000000005
5339.000000000004
5637.7500000000055
6041.000000000007
6012.500000000006
5403.0000000000055
6018.500000000005
4159.000000000005
5715.000000000006
3753.0000000000045
5774.250000000005
3231.0000000000036
5566.7500000000055
2498.000000000002
5507.250000000005
2081.000000000002
6491.0000000000055
1728.0000000000018
6630.7500000000055
774.0000000000008
6342.500000000006
1288.000000000001
6174.2500000000055
1282.0000000000007
7119.750000000007
832.000000000001
6168.750000000006
484.0000000000005
6170.5000000000055
894.0000000000008
6042.750000000006
1212.0000000000014
6022.500000000006
1652.0000000000011
5332.2500000000055
3522.000000000004
4826.500000000005
1300.0000000000014
5252.500000000005
1326.0000000000014
5971.750000000006
1266.0000000000014
6274.2500000000055
1479.000000000001
5489.000000000005
2845.0000000000023
5017.5000000000055
2429.0000000000027
4764.000000000005
1917.0000000000023
4233.250000000005
1869.0000000000011
4325.750000000004
2185.0000000000027
4284.750000000005
1128.000000000001
4341.000000000005
529.0000000000006
4887.500000000005
499.0000000000005
5050.000000000005
479.00000000000045
5431.5000000000055
568.0000000000006
5600.7500000000055
857.000000000001
5395.2500000000055
774.0000000000008
4651.750000000005
475.0000000000005
4550.250000000005
588.0000000000007
4561.750000000005
680.0000000000007
4036.000000000004
807.0000000000006
3577.2500000000036
857.000000000001
2938.2500000000036
1714.000000000002
2520.5000000000027
2351.0000000000027
2466.5000000000023
2504.000000000003