18108.50000000002
16386.00000000002
18129.750000000015
15892.000000000015
17688.50000000002
15368.000000000016
17021.500000000022
15400.000000000016
16893.75000000002
16117.000000000016
16745.75000000002
15549.000000000018
16168.250000000016
15151.00000000002
15346.500000000013
15395.000000000015
14652.000000000016
14548.000000000015
14116.750000000013
16692.000000000015
13104.750000000015
20494.00000000002
13014.75000000001
21573.000000000025
12863.750000000013
21284.000000000022
12627.250000000013
20996.00000000002
13242.750000000013
20604.000000000022
13171.500000000015
19959.000000000022
13559.250000000013
20676.00000000002
13756.500000000015
20599.000000000022
14252.000000000015
20651.000000000022
14366.250000000016
21380.00000000001
15088.750000000013
21285.000000000025
16026.000000000018
19819.00000000002
16541.00000000002
17917.00000000002
16381.000000000016
18895.00000000002
16376.000000000018
21623.000000000025
16798.75000000002
20686.000000000025
16243.250000000016
19701.00000000002
15882.500000000015
20897.000000000022
16538.750000000015
21516.000000000025
16954.75000000002
20425.000000000022
16723.00000000002
18920.00000000002
16532.25000000002
18491.000000000015
16473.50000000002
19009.000000000015
15437.750000000018
18184.000000000022
14203.500000000013
18132.00000000002
13630.250000000013
18579.000000000015
13765.500000000015
18530.00000000001
14348.500000000015
18294.000000000015
14518.000000000015
19568.000000000022
14469.500000000016
19938.000000000015
14636.500000000016
20452.000000000025
14249.750000000015
20994.00000000002
13917.750000000013
21508.000000000015
13563.500000000013
22018.000000000025
14174.500000000016
22172.000000000022
14042.000000000013
22163.000000000015
13341.000000000016
21918.000000000022
13284.500000000013
21867.000000000025
13596.250000000015
23051.000000000025
13338.500000000015
23468.000000000022
13273.000000000015
22944.00000000002
13518.000000000015
22342.000000000022
13599.250000000013
22351.000000000022
13363.500000000013
22843.000000000022
12024.250000000011
22794.000000000022
11441.250000000011
21298.000000000022
11915.500000000013
19767.000000000022
12532.000000000013
19868.00000000002
12994.250000000013
17598.00000000002
13070.250000000013
15671.000000000013
12774.000000000013
18837.000000000022
12357.500000000013
19427.00000000002
12356.000000000011
18890.00000000002
12187.500000000013
18296.000000000022
12247.75000000001
18497.00000000002
13133.250000000016
18076.000000000022
13980.750000000011
17151.000000000015
14108.000000000016
17502.000000000015
13922.250000000013
18910.00000000002
14161.000000000013
19778.00000000002
14488.750000000015
20239.000000000022
14208.000000000013
18932.000000000015
13913.750000000013
17621.000000000015
13298.000000000013
18040.00000000002
12131.750000000013
17661.00000000001
11097.750000000011
15652.000000000015
10557.75000000001
14896.000000000016
11326.250000000015
14930.000000000016
12634.750000000015
14885.000000000016
13713.000000000015
14967.000000000018
14808.000000000016
15897.000000000015
15312.750000000015
16760.00000000002
15745.000000000015
16868.00000000001
16252.250000000018
15849.000000000015
16253.750000000016
15443.000000000016
16137.250000000016
15483.000000000015
16106.000000000016
15745.000000000018
16240.750000000016
17225.000000000015
16166.500000000018
17949.00000000002
15777.500000000016
18412.00000000002