0.0
0.0
0.0
0.0
0.0
0.0
0.0
0.0
0.0
0.0
0.5000000000000001
0.0
3.2500000000000018
0.0
5.000000000000003
0.0
128.25000000000014
10.000000000000005
659.0000000000006
79.00000000000009
948.5000000000009
1945.0000000000016
1440.5000000000014
4614.0000000000055
2145.2500000000027
5399.0000000000055
2157.7500000000023
6704.000000000008
2476.5000000000023
6246.000000000006
2217.5000000000023
5180.000000000006
2229.5000000000023
7633.000000000008
3965.500000000004
5905.0000000000055
5518.500000000006
4667.0000000000055
5627.2500000000055
5891.000000000002
5665.2500000000055
5829.0000000000055
5692.500000000004
4605.000000000005
4877.000000000005
7073.000000000007
3971.250000000004
8485.000000000007
3494.250000000003
8048.000000000009
3906.500000000004
5941.000000000006
5444.250000000005
3275.000000000003
7201.250000000006
3978.0000000000045
7984.500000000007
4293.000000000005
7705.250000000008
3717.0000000000045
7113.750000000006
2910.0000000000014
7381.000000000007
2454.0000000000027
7723.750000000007
3103.000000000002
8052.000000000008
3527.000000000004
8031.250000000008
3654.0000000000036
7546.750000000007
3789.000000000004
7952.000000000008
3361.0000000000023
8718.000000000007
2733.000000000003
9320.50000000001
2600.0000000000014
9428.75000000001
2637.000000000002
9068.00000000001
3107.000000000002
8367.00000000001
2881.0000000000027
8375.00000000001
2658.000000000002
9434.500000000011
1871.0000000000011
9800.75000000001
1535.0000000000007
8295.750000000011
1388.0000000000014
6780.500000000007
246.00000000000028
6250.250000000007
26.000000000000014
6369.5000000000055
4.000000000000001
6247.0000000000055
0.0
6267.250000000007
0.0
6782.750000000006
0.0
7460.750000000008
0.0
7670.250000000009
0.0
7751.000000000007
0.0
8294.750000000007
0.0
9000.50000000001
0.0
8835.000000000011
0.0
8464.250000000007
0.0
8218.00000000001
0.0
8096.250000000009
4.000000000000001
7957.500000000009
2.0000000000000004
7853.750000000006
0.0
8102.750000000007
1.0000000000000002
8181.250000000007
1.0000000000000002
7937.750000000007
1.0000000000000002
7779.750000000006
0.0
7965.750000000007
0.0
7965.250000000007
0.0
7667.750000000008
0.0
7512.500000000007
0.0
7423.250000000007
0.0
7274.000000000007
0.0
6434.000000000006
0.0
5968.500000000006
0.0
5425.7500000000055
0.0
5023.250000000005
0.0
4527.000000000005
0.0
3702.2500000000036
0.0
3592.0000000000036
0.0
2898.2500000000027
0.0
4477.2500000000055
0.0
3943.5000000000045
0.0
426.50000000000034
0.0
129.0000000000001
0.0
835.0000000000008
0.0
522.0000000000003
0.0
0.0
0.0
0.0
0.0
6.000000000000001
0.0