11521.000000000011
8629.000000000007
11984.750000000013
8443.000000000005
12696.00000000001
8402.00000000001
12084.000000000015
8462.000000000007
11586.250000000015
8400.000000000007
11514.750000000011
8318.00000000001
10968.250000000011
8126.000000000009
10605.250000000011
7821.000000000009
9992.000000000011
7600.000000000008
10034.25000000001
7513.000000000007
10162.250000000011
7818.000000000007
10860.50000000001
8535.000000000005
11370.25000000001
9375.000000000007
11040.250000000013
10656.000000000013
10394.25000000001
11595.000000000011
10467.50000000001
10929.000000000007
11348.750000000011
8734.000000000011
10882.250000000011
7762.000000000008
10412.50000000001
7036.000000000008
11532.500000000013
6669.000000000005
11695.750000000013
5841.000000000004
11348.750000000011
4242.000000000004
10807.500000000011
4807.000000000005
9880.00000000001
6808.000000000008
10034.000000000011
6375.000000000006
10439.250000000011
6119.000000000007
10098.75000000001
6797.000000000007
9654.50000000001
7475.000000000008
9508.00000000001
5824.000000000005
9193.50000000001
7304.000000000006
8957.000000000007
9731.000000000011
8831.000000000007
9359.000000000011
8833.25000000001
8328.000000000005
8559.75000000001
7691.00000000001
8143.250000000009
7623.000000000008
8712.50000000001
7207.0000000000055
9276.25000000001
7331.000000000007
9496.50000000001
9824.000000000007
9549.50000000001
12839.000000000016
9474.25000000001
14186.000000000011
10018.250000000013
14473.000000000016
10706.000000000011
12648.000000000011
11108.250000000011
12634.000000000015
10773.000000000011
14191.000000000018
10254.25000000001
15701.000000000016
9460.750000000011
16635.000000000015
8909.25000000001
15458.000000000016
8866.75000000001
13474.00000000001
9161.750000000007
14092.000000000018
9700.000000000011
15087.000000000016
10152.750000000011
16590.000000000022
10705.750000000011
15195.000000000018
10999.500000000011
15429.000000000016
10613.750000000011
14999.000000000015
10529.75000000001
13794.00000000001
9517.000000000011
13797.000000000013
8909.000000000011
14117.000000000015
9126.25000000001
15716.000000000015
9847.25000000001
16335.000000000015
10593.00000000001
16837.00000000002
11478.250000000011
15808.000000000018
11696.000000000013
17736.00000000002
11274.500000000015
21859.000000000025
10498.250000000011
19885.00000000002
9640.75000000001
15232.000000000016
9637.500000000011
13768.000000000016
9758.75000000001
12276.000000000013
9633.500000000007
10270.000000000011
10059.75000000001
11489.000000000013
10151.000000000011
14709.000000000018
9841.250000000011
16166.000000000016
9707.250000000011
16082.000000000016
10460.250000000013
16651.00000000002
10222.750000000011
16681.00000000002
9683.25000000001
14686.000000000016
9233.50000000001
12424.00000000001
9216.00000000001
12707.000000000015
9548.500000000007
13000.000000000016
8722.25000000001
14983.00000000001
8392.000000000007
17295.00000000001
9316.00000000001
16053.000000000016
9412.500000000011
16038.000000000018
9748.25000000001
16870.00000000001
9192.25000000001
15933.000000000018
7181.500000000008
14149.000000000007
6358.2500000000055
12540.000000000011
6353.750000000006
15717.000000000013
6501.500000000006
14371.000000000015
6849.5000000000055
14440.000000000013
7543.750000000008
15164.000000000015