8793.500000000011
10060.000000000011
8951.250000000011
11039.00000000001
8801.25000000001
11399.000000000013
8524.500000000005
10553.000000000005
8295.750000000007
10633.00000000001
7974.500000000008
12447.000000000016
7934.000000000009
13103.000000000015
8276.25000000001
12736.000000000016
8841.00000000001
11768.00000000001
11772.25000000001
11049.000000000013
14055.50000000001
11017.000000000013
13424.250000000013
10882.000000000011
12203.750000000013
10786.000000000013
11328.000000000013
11669.000000000013
11030.750000000011
12880.00000000001
10008.50000000001
13590.000000000016
9562.500000000011
13501.000000000011
10269.000000000011
13549.000000000015
10207.500000000011
14025.000000000015
10200.000000000011
14711.000000000016
10750.250000000013
14777.000000000016
11196.500000000011
14200.000000000015
11046.25000000001
13831.000000000013
11096.250000000011
13428.00000000001
10990.750000000013
12782.000000000015
11637.500000000013
11675.000000000015
11758.000000000011
9626.000000000007
11369.500000000011
7333.000000000009
10945.750000000011
6152.000000000007
10835.000000000011
5928.0000000000055
10723.000000000011
5853.000000000005
10727.000000000011
5118.000000000004
10393.750000000013
4317.000000000003
9935.000000000011
4389.000000000003
9600.00000000001
4665.000000000004
10012.250000000011
4524.000000000004
10736.250000000013
4344.0000000000055
11022.250000000011
4477.000000000003
11152.000000000011
4864.0000000000055
10715.00000000001
5951.0000000000055
10407.750000000013
7345.000000000008
10474.75000000001
7973.000000000009
10540.00000000001
8464.00000000001
10938.750000000011
8420.000000000011
11207.750000000011
10271.000000000005
11231.750000000013
12551.000000000007
10997.250000000011
12807.000000000015
10674.500000000011
10745.000000000011
10497.250000000011
8933.000000000007
10461.250000000013
9849.00000000001
10667.000000000011
11903.000000000015
11246.000000000011
13645.000000000013
11708.250000000011
14335.000000000016
11571.000000000015
12439.00000000001
11674.500000000013
9476.000000000013
11716.000000000015
8228.00000000001
11285.000000000011
8745.00000000001
11087.000000000011
7986.000000000009
10522.500000000011
7713.000000000009
9917.00000000001
8418.00000000001
9418.25000000001
8954.000000000005
9808.00000000001
8347.000000000007
10504.750000000011
8069.000000000007
11127.750000000011
9163.000000000004
11770.000000000013
10222.000000000011
11113.500000000011
10427.000000000011
9563.75000000001
12519.000000000007
8658.750000000007
16599.00000000002
9003.250000000011
20225.000000000015
8834.00000000001
22460.00000000003
8749.75000000001
21161.000000000025
10460.75000000001
16828.000000000022
11466.750000000011
14667.000000000007
11327.000000000013
17309.00000000002
9996.750000000013
19499.000000000022
9869.25000000001
19307.00000000001
10418.75000000001
17993.00000000002
10321.25000000001
17733.00000000002
10635.75000000001
17040.00000000001
11696.250000000013
16101.000000000016
12234.500000000013
15491.000000000016
12602.750000000015
14316.000000000016
13420.500000000013
14550.000000000016
13063.500000000011
16667.00000000002
11098.750000000011
16812.000000000022
9631.25000000001
15569.000000000016
9114.00000000001
15395.000000000015
8587.000000000007
15722.000000000016
8064.000000000006
15649.000000000016
7646.750000000007
15486.000000000018