29600.00000000002
29600.00000000002
29904.250000000025
29893.00000000003
26950.250000000022
26895.000000000022
13762.500000000013
13501.000000000011
13345.000000000015
13356.000000000013
13594.000000000015
13774.000000000011
13581.000000000015
14176.00000000001
13291.250000000011
14608.000000000013
13007.500000000013
15121.000000000018
12556.250000000013
15748.000000000013
12083.250000000013
16192.000000000018
11636.50000000001
16385.00000000001
11006.250000000011
16414.00000000001
10411.250000000011
16253.000000000018
9983.500000000007
15851.000000000015
9693.75000000001
15250.000000000018
9586.00000000001
14449.00000000001
9551.250000000011
13508.000000000016
9661.750000000011
12633.000000000011
9816.25000000001
11779.000000000011
9844.500000000011
11214.000000000013
9910.750000000011
11218.000000000011
9968.50000000001
11472.000000000013
10068.75000000001
11695.000000000015
10031.250000000011
11707.00000000001
9876.75000000001
11389.000000000013
9833.250000000011
10846.000000000013
9754.50000000001
10308.00000000001
9587.500000000011
10009.000000000013
9535.250000000011
9813.00000000001
9544.50000000001
9539.000000000005
9513.50000000001
9276.000000000007
9720.50000000001
9283.000000000007
10352.750000000011
9666.000000000011
11280.750000000011
11564.000000000013
12057.000000000013
11347.000000000011
12077.250000000013
10434.000000000007
12457.000000000013
10632.000000000007
12010.750000000013
10864.000000000011
11772.500000000011
12086.000000000015
11973.000000000013
10914.000000000013
12183.500000000011
11066.000000000011
12087.000000000013
11396.000000000015
11051.750000000013
11355.000000000013
10859.500000000011
10805.000000000013
11276.750000000011
11245.000000000013
11789.000000000013
11086.000000000011
11809.500000000015
11579.000000000013
12079.250000000011
11484.000000000011
12218.000000000011
10930.000000000007
11371.750000000011
10854.000000000011
10780.250000000013
10719.00000000001
10694.50000000001
10546.00000000001
11028.250000000013
10392.00000000001
11016.000000000011
10224.00000000001
10690.75000000001
10072.00000000001
10741.000000000011
9906.000000000011
10786.750000000011
9732.000000000011
10264.50000000001
9526.000000000011
10489.000000000011
9348.00000000001
10726.25000000001
9263.000000000013
9401.75000000001
9310.00000000001
8918.50000000001
10469.000000000005
9320.00000000001
11767.00000000001
9653.750000000007
12061.000000000007
9404.25000000001
12087.00000000001
9298.25000000001
12107.000000000007
9861.25000000001
12750.000000000013
10308.750000000011
13138.000000000015
9904.00000000001
12833.000000000013
9389.750000000007
12321.000000000016
9557.00000000001
12167.000000000013
9953.25000000001
11422.000000000011
9840.000000000007
11341.000000000011
9254.50000000001
12063.000000000007
9133.500000000011
12756.000000000013
8655.50000000001
14115.00000000001
8120.250000000007
14796.000000000011
8165.500000000008
14603.000000000015
8420.75000000001
14060.000000000013
7922.250000000007
13461.000000000013
7941.750000000008
13372.000000000016
7872.000000000007
12990.000000000013
8060.500000000007
12477.000000000015
9171.250000000011
11873.000000000013
8929.00000000001
12793.000000000007
7863.750000000008
13720.000000000015
25846.000000000025
26554.00000000002
30005.00000000003
29933.000000000025
29600.00000000002
29600.00000000002