5553.000000000005
5203.000000000005
5566.0000000000055
5491.0000000000055
5571.000000000006
5853.000000000005
5648.500000000005
6228.000000000006
5837.500000000006
6676.000000000009
5978.5000000000055
7160.000000000008
6157.7500000000055
7719.000000000009
6392.250000000006
8230.000000000005
6677.250000000008
8663.000000000005
6988.750000000008
9007.000000000005
7277.750000000008
9208.000000000007
7439.250000000007
9139.000000000007
7588.500000000007
8944.00000000001
7845.000000000008
8855.000000000005
7928.000000000008
8944.00000000001
8268.75000000001
9218.00000000001
8541.750000000007
9666.000000000011
8525.50000000001
10126.000000000011
8189.500000000008
10508.00000000001
8362.250000000007
10815.000000000007
8692.25000000001
11140.000000000013
8408.25000000001
11603.000000000013
8242.50000000001
12279.000000000015
8041.000000000009
12862.000000000011
7499.500000000007
13408.000000000005
7614.750000000008
13715.000000000016
8170.000000000009
13867.000000000011
8309.00000000001
13877.000000000013
8286.750000000007
13700.000000000016
8565.75000000001
13575.000000000016
8793.250000000007
14081.000000000015
8565.25000000001
15359.000000000011
8649.25000000001
15551.000000000016
8821.50000000001
14515.000000000016
8861.50000000001
12692.000000000011
9421.250000000011
11681.000000000016
9505.500000000013
11782.00000000001
9699.50000000001
11740.000000000013
9556.500000000011
11522.000000000013
9525.25000000001
11209.000000000011
9546.00000000001
10677.000000000011
9655.25000000001
9923.000000000011
9547.50000000001
9049.00000000001
9723.000000000011
8072.000000000008
9845.250000000011
7161.000000000007
9629.250000000011
6414.000000000008
9870.000000000011
5784.0000000000055
10126.750000000013
5174.0000000000055
10043.250000000011
4665.000000000004
9560.250000000007
4235.000000000005
9554.25000000001
3647.0000000000036
9810.75000000001
3338.0000000000023
9685.750000000011
3928.0000000000036
9530.50000000001
4857.000000000005
9228.25000000001
5292.000000000005
9071.00000000001
5504.0000000000055
8827.75000000001
5433.000000000006
8339.50000000001
5480.000000000004
9041.500000000011
6345.000000000006
9863.000000000007
7280.000000000008
9430.50000000001
7854.000000000008
9720.750000000011
8200.000000000005
10031.25000000001
8426.00000000001
10349.250000000011
8457.000000000005
10168.750000000007
8165.000000000008
9617.500000000011
7746.000000000006
9527.750000000011
7431.000000000007
9653.00000000001
6904.000000000006
9241.25000000001
5959.000000000007
9074.250000000007
5505.0000000000055
8829.00000000001
5466.0000000000055
9795.25000000001
5536.0000000000055
9779.500000000011
5624.000000000006
8814.75000000001
5839.000000000005
7443.500000000008
6094.000000000007
7016.750000000008
6440.000000000005
6896.250000000006
6747.000000000008
6969.500000000008
7027.000000000005
6944.500000000009
7251.000000000006
6830.250000000007
7438.000000000009
6740.5000000000055
7493.000000000008
6740.250000000006
7542.000000000008
6770.250000000006
7580.000000000007
6656.500000000006
7537.000000000005
6476.250000000006
7549.000000000007
6225.000000000007
7568.000000000007
6035.0000000000055
7585.000000000008
5997.500000000006
7639.000000000008
5948.750000000006
7703.000000000007
5913.500000000005
7735.000000000007