6496.500000000006
4865.0000000000055
7144.750000000009
5757.0000000000055
7422.250000000008
5292.0000000000055
7940.750000000009
6384.0000000000055
7496.250000000009
7463.000000000008
7370.750000000007
7494.000000000006
6388.7500000000055
9129.000000000011
7603.750000000006
10183.000000000007
6176.000000000006
10746.000000000011
5770.2500000000055
9998.000000000007
6192.000000000006
6996.000000000005
6285.250000000006
6366.000000000004
7586.750000000007
5004.000000000005
7788.000000000009
5502.0000000000055
8097.250000000009
5570.000000000006
8006.000000000007
4123.0000000000055
7155.500000000006
4834.000000000005
7894.250000000008
3879.0000000000023
7553.000000000007
2986.0000000000014
6363.000000000006
3332.000000000003
6648.000000000006
4343.000000000003
6370.250000000006
2870.0000000000027
6463.2500000000055
2216.000000000002
6990.2500000000055
2603.000000000003
7651.000000000009
2353.0000000000023
8260.50000000001
2603.0000000000027
8641.50000000001
3987.000000000004
9313.25000000001
4596.000000000004
9388.00000000001
4411.000000000005
9500.75000000001
4630.0000000000055
8988.50000000001
5368.0000000000055
9152.25000000001
7738.000000000008
9210.25000000001
9768.000000000013
9995.50000000001
5565.000000000006
10750.250000000013
6122.000000000004
11243.500000000013
7456.000000000008
10451.50000000001
7704.000000000007
8623.500000000007
6362.0000000000055
9159.25000000001
7425.000000000009
9365.00000000001
6839.000000000006
9115.75000000001
7421.000000000008
8685.50000000001
8850.000000000007
8578.25000000001
5353.0000000000055
9779.750000000011
4251.000000000005
10042.75000000001
3630.000000000004
10396.500000000011
2773.000000000003
10184.500000000011
3456.0000000000036
9758.25000000001
4089.000000000005
9713.50000000001
4018.000000000004
9129.000000000011
3639.0000000000045
9251.25000000001
3416.000000000003
9059.50000000001
4176.000000000003
9554.00000000001
5321.000000000005
9914.000000000011
4484.0000000000055
10482.50000000001
3611.000000000004
10695.250000000013
3232.0000000000036
11159.000000000011
5835.000000000007
10703.50000000001
6262.000000000007
10179.500000000011
5571.0000000000055
9560.00000000001
5761.000000000006
9541.500000000011
7042.000000000005
9563.500000000011
6485.000000000007
10136.000000000011
6982.000000000007
9617.75000000001
4136.000000000005
10957.000000000011
4902.0000000000055
11506.750000000013
5370.0000000000055
11738.25000000001
5336.000000000006
11145.500000000011
5961.000000000005
11124.25000000001
5855.000000000006
11863.250000000013
5687.0000000000055
10637.75000000001
5564.000000000006
10020.25000000001
4893.000000000004
9188.250000000007
3889.000000000004
10870.750000000011
3888.000000000003
11010.750000000013
4662.000000000006
10538.250000000013
6362.0000000000055
9187.00000000001
3865.000000000003
9429.000000000011
3216.0000000000023
9424.250000000011
3890.0000000000036
9784.500000000011
4128.000000000004
10126.00000000001
2418.000000000002
9229.000000000011
2287.0000000000027
10078.000000000011
2587.000000000003
11136.250000000011
2630.0000000000027
12395.000000000013
1787.0000000000018
13392.750000000015
1032.000000000001
12967.750000000013
1330.0000000000014
15545.750000000016
1861.000000000002
18512.25000000002
2011.000000000002
19141.00000000002
3224.0000000000023