12321.000000000013
14780.000000000011
12175.000000000011
15209.000000000016
11984.000000000013
15538.000000000016
11711.500000000011
15674.000000000016
11417.00000000001
15648.00000000002
11117.500000000011
15369.000000000016
11051.750000000011
14894.000000000016
11180.500000000013
14409.000000000007
11136.750000000011
13986.000000000016
11004.75000000001
13546.000000000011
10912.750000000013
13164.000000000016
10837.750000000013
12871.000000000013
10793.750000000011
12562.000000000015
10763.500000000011
12054.000000000011
10719.00000000001
11549.000000000013
10861.750000000011
11205.000000000011
10787.000000000011
11038.00000000001
10739.000000000011
10915.000000000011
10644.750000000011
10815.000000000007
10599.250000000011
10771.000000000011
10585.25000000001
10725.000000000013
10535.250000000011
10727.000000000013
10447.000000000013
10706.000000000011
10336.250000000011
10672.000000000011
10234.75000000001
10626.000000000011
10184.000000000011
10505.000000000011
10168.750000000007
10419.000000000007
10123.000000000011
10333.000000000011
10130.500000000011
10159.000000000011
10147.50000000001
9871.00000000001
10174.25000000001
9606.000000000011
10192.75000000001
9514.000000000011
10097.500000000011
9547.000000000005
10224.75000000001
9630.00000000001
10977.000000000013
9743.000000000011
12513.500000000011
10255.00000000001
13419.250000000013
11315.000000000013
12933.000000000013
10896.000000000011
11695.000000000011
10233.000000000011
11760.500000000013
8859.00000000001
12231.000000000013
10159.000000000011
12349.750000000011
10631.00000000001
11861.500000000011
10610.000000000011
11293.750000000011
11226.000000000011
10889.000000000011
12858.000000000016
11059.000000000011
14372.000000000015
11487.000000000011
14063.000000000016
11889.250000000011
13590.000000000016
11907.750000000013
13735.000000000015
11506.250000000011
13472.000000000016
11143.750000000007
14783.000000000015
11599.000000000013
14937.00000000001
11425.250000000013
15986.000000000015
10588.50000000001
16842.00000000001
10123.00000000001
16342.000000000018
10327.000000000011
16238.000000000016
10987.75000000001
16368.00000000002
10876.50000000001
16233.000000000018
10560.00000000001
16121.00000000002
10610.00000000001
15984.000000000016
11547.000000000011
15660.000000000018
12186.250000000013
15139.000000000016
12131.750000000013
14567.000000000011
12209.250000000011
14052.000000000015
11476.25000000001
13530.000000000016
11092.000000000011
13031.000000000015
11283.500000000011
12586.000000000011
11895.000000000011
12288.000000000013
11884.500000000011
12117.000000000013
12426.750000000011
11927.000000000013
12836.750000000013
11725.000000000015
12473.250000000013
11551.000000000013
12166.000000000013
11446.000000000013
11839.500000000011
11330.000000000013
11825.00000000001
11248.000000000011
13418.750000000015
11257.000000000013
14644.000000000015
11364.00000000001
14551.250000000018
11357.000000000011
13382.500000000016
11227.000000000013
12275.25000000001
11230.000000000013
12236.000000000015
11447.000000000013
12650.750000000013
11815.00000000001
13298.000000000013
12216.000000000013
12013.250000000013
12625.000000000016
11292.500000000011
12640.000000000007
11419.250000000013
12325.000000000015
11336.000000000011
12229.000000000016
11058.000000000013
12027.00000000001
10966.250000000013
11755.000000000013
10713.250000000013
11887.000000000011