12532.250000000013
14074.000000000016
12306.250000000013
14061.000000000016
12417.250000000011
13880.000000000015
11998.250000000013
14336.000000000015
12108.750000000015
14972.000000000016
12329.750000000011
14100.000000000015
12417.000000000011
13917.00000000001
12304.750000000013
14130.000000000018
12463.500000000013
14882.000000000013
12455.250000000015
15164.00000000002
11868.250000000011
14836.000000000016
12004.000000000011
14938.000000000015
13162.500000000015
15533.000000000015
13930.000000000013
15587.000000000016
13801.000000000013
14772.000000000016
13915.250000000015
13316.000000000016
13919.750000000011
13126.000000000015
13967.250000000013
12757.000000000015
13994.750000000013
11658.000000000011
13076.750000000013
12305.000000000016
12426.000000000013
11857.000000000015
12442.000000000013
12914.000000000015
12764.750000000015
14511.00000000001
13138.750000000013
14922.00000000001
12187.000000000013
14358.00000000001
11573.500000000011
13559.000000000015
12684.750000000013
13495.000000000007
12988.750000000011
12930.000000000007
12788.500000000011
12982.000000000011
12106.500000000011
12968.000000000011
12327.250000000011
13002.00000000001
12463.750000000015
13940.000000000015
11735.250000000011
15188.000000000018
11708.000000000013
15909.000000000015
11934.500000000013
15481.000000000011
12445.500000000013
14185.000000000015
11859.250000000011
12969.000000000015
12174.000000000011
12777.000000000007
12454.750000000016
12867.000000000013
11985.000000000011
13238.000000000013
11894.750000000015
13857.000000000013
12363.500000000015
13998.000000000016
12161.750000000013
14343.00000000001
12656.500000000013
15037.000000000016
12783.000000000015
13922.000000000013
12673.750000000015
13944.000000000015
13290.250000000015
13853.000000000016
12835.750000000013
13979.000000000015
13165.750000000013
14622.000000000016
13353.750000000016
14792.000000000015
12717.750000000015
14569.000000000016
12684.250000000015
14015.000000000015
12684.000000000013
15047.000000000013
13268.250000000013
14506.000000000011
13345.500000000015
13852.000000000015
12527.500000000013
13930.000000000015
12443.000000000013
14206.000000000018
12680.500000000013
14378.000000000007
13177.000000000013
14770.00000000001
13095.000000000013
14623.000000000013
12770.750000000013
14644.000000000015
12259.500000000011
15651.000000000018
11831.000000000011
15563.000000000015
11480.750000000013
14876.000000000018
11681.750000000015
14509.000000000015
12442.750000000011
14284.000000000015
13384.250000000015
14448.000000000018
13164.000000000011
15290.000000000016
13073.500000000013
15319.000000000013
13592.500000000016
16879.00000000002
13627.250000000011
18816.000000000022
13541.250000000013
17941.000000000015
13704.250000000015
15932.000000000016
14721.500000000013
14628.000000000011
14914.750000000015
14679.000000000018
15116.750000000015
14380.000000000013
15201.000000000018
15327.00000000002
15061.250000000018
16604.000000000015
15305.000000000018
16832.000000000015
14823.500000000015
17125.00000000002
12643.000000000013
17511.00000000001
11616.500000000015
17527.00000000001
12647.750000000015
16607.00000000002
13696.250000000016
15426.000000000018
12978.000000000013
15236.000000000016
11966.250000000011
14982.000000000015
11732.000000000011
14749.000000000016
11896.500000000015
14107.000000000015
12152.000000000011
14988.000000000016
11907.500000000011
15145.000000000016