9925.000000000011
10495.000000000013
10255.750000000011
10619.000000000013
10575.000000000011
10801.000000000015
10814.000000000011
11001.00000000001
10862.000000000011
11166.000000000013
10599.500000000011
11277.000000000011
10775.250000000011
11270.000000000015
10861.250000000011
11119.000000000011
10461.25000000001
10874.000000000011
9926.750000000011
10673.000000000013
9550.75000000001
10618.00000000001
10026.75000000001
10711.000000000013
10796.750000000011
10897.000000000011
10845.000000000011
11121.00000000001
11128.000000000013
11344.000000000011
10853.250000000011
11525.000000000013
10250.75000000001
11630.00000000001
9873.50000000001
11740.000000000015
10387.000000000011
11864.000000000007
11118.000000000011
11892.000000000013
11786.500000000011
11868.000000000015
12106.000000000011
11767.00000000001
12252.000000000011
11598.000000000011
11912.750000000011
11369.000000000013
11073.250000000013
11091.000000000013
10932.000000000013
10810.000000000011
10531.00000000001
10506.00000000001
11184.500000000011
10216.00000000001
11667.000000000013
9991.000000000011
11979.500000000013
9839.000000000011
11922.750000000013
9713.00000000001
11949.500000000013
9735.000000000011
12459.250000000013
10166.000000000011
12218.50000000001
10658.00000000001
12214.750000000011
11023.000000000011
12113.750000000015
11425.000000000013
11939.000000000011
11648.00000000001
12022.500000000013
11816.000000000013
12048.250000000013
11942.000000000013
12023.000000000015
12193.000000000015
11959.500000000013
12200.000000000007
12130.500000000013
11928.000000000013
12364.750000000011
11384.000000000013
12390.000000000015
10906.000000000011
12429.500000000015
10791.000000000013
12588.750000000013
11104.000000000011
12846.250000000011
11613.000000000011
12746.250000000013
12185.000000000007
12476.000000000013
12477.000000000015
12579.250000000013
12357.000000000011
12620.250000000011
11704.000000000011
12392.750000000013
10721.000000000011
12227.500000000015
9691.00000000001
12860.500000000011
9173.00000000001
12950.500000000011
9228.000000000005
13087.000000000011
9550.000000000007
13686.750000000013
9786.000000000007
13669.250000000015
9538.00000000001
13274.750000000015
8936.00000000001
12696.750000000011
8734.00000000001
12188.500000000013
8992.000000000005
12361.000000000013
9435.00000000001
12341.500000000013
9443.000000000007
12737.250000000013
8998.00000000001
12620.000000000013
8515.000000000007
12792.250000000013
8157.000000000008
12571.250000000011
7901.000000000007
11680.500000000015
7728.000000000009
11314.000000000011
7728.000000000007
10869.000000000013
7937.000000000008
10700.500000000011
8354.000000000007
10834.250000000013
8881.000000000007
11402.250000000011
9468.000000000011
11426.750000000013
10010.000000000013
11320.75000000001
10411.000000000013
10899.250000000013
10712.00000000001
10480.250000000011
10818.00000000001
10014.50000000001
10729.000000000013
9806.50000000001
10469.000000000013
9690.50000000001
10148.00000000001
9695.00000000001
9725.000000000007
9319.50000000001
9324.00000000001
8866.50000000001
8910.000000000007
8992.500000000011
8461.000000000007
9228.75000000001
7972.000000000009
9239.50000000001
7538.000000000007
9294.00000000001
7161.000000000008
9219.75000000001
6818.000000000007
9159.25000000001
6493.000000000005
9153.25000000001
6262.000000000008