11201.500000000011
15565.000000000016
11358.250000000013
16169.000000000015
11398.250000000013
16438.000000000022
11408.25000000001
15631.000000000018
11616.500000000011
15573.000000000015
11641.500000000013
14990.000000000015
11328.250000000013
13412.000000000015
10755.000000000011
11671.000000000011
10512.25000000001
11406.000000000015
10968.25000000001
11299.00000000001
11370.500000000011
11426.000000000013
12083.750000000013
13321.000000000015
13203.750000000011
16015.000000000013
14482.500000000011
16987.00000000002
15419.250000000016
16703.00000000001
15457.000000000015
15571.000000000016
15877.500000000013
14709.000000000018
16386.25000000002
14574.000000000016
16871.750000000015
13523.000000000013
16977.25000000002
11089.000000000015
17768.50000000002
9293.000000000011
18085.500000000015
8857.000000000007
18092.50000000002
8764.000000000011
18050.00000000002
8517.00000000001
17714.75000000002
8456.00000000001
17527.00000000002
9205.000000000005
16935.00000000002
10258.000000000011
16717.25000000002
9398.000000000007
16033.000000000015
9093.000000000007
15152.500000000015
9448.000000000011
15760.500000000011
9414.000000000007
16859.750000000015
9734.00000000001
17288.50000000002
9675.00000000001
15928.750000000016
9197.000000000005
15849.750000000016
8896.000000000007
16583.75000000002
8448.000000000004
17073.750000000015
8509.00000000001
17299.50000000002
8635.000000000011
17231.500000000015
8408.000000000007
16322.750000000016
8584.000000000007
16549.750000000015
8995.000000000007
16322.500000000018
9070.000000000007
16687.750000000015
8977.00000000001
15720.250000000013
9431.00000000001
16000.750000000018
9536.000000000013
16576.500000000015
9260.000000000011
16743.500000000015
8994.000000000007
16647.50000000002
9218.00000000001
16251.250000000018
9138.000000000011
15971.750000000016
8592.00000000001
15993.750000000015
7945.000000000008
16361.500000000018
8300.000000000007
16172.000000000015
9255.00000000001
15641.500000000015
10161.000000000013
15614.000000000015
10556.000000000007
15733.500000000016
10509.000000000011
16601.75000000002
10850.000000000011
17091.000000000015
11168.000000000013
17248.75000000002
11938.000000000015
16710.00000000002
12416.000000000005
15635.000000000013
11655.000000000015
15182.250000000015
11101.000000000011
15423.250000000016
11030.00000000001
16026.250000000018
11270.000000000011
16740.50000000002
10720.000000000011
17489.25000000002
9700.000000000011
17066.00000000002
9534.000000000011
16556.50000000002
10028.000000000011
16584.00000000002
10260.000000000011
16905.75000000002
10509.000000000011
16337.750000000013
10812.000000000011
16111.750000000013
10848.00000000001
16537.75000000002
9341.00000000001
15754.250000000016
7880.000000000006
16262.000000000015
7680.000000000008
15407.500000000016
8103.000000000008
13882.000000000015
8743.000000000007
13907.750000000015
9016.00000000001
14856.500000000013
8585.000000000004
15463.000000000016
8737.000000000011
14804.000000000016
9703.000000000007
14015.750000000015
10180.000000000011
14149.250000000013
9523.00000000001
14858.750000000015
8967.00000000001
16004.250000000016
9731.000000000011
16807.750000000015
11176.00000000001
17320.250000000015
12926.00000000001
17006.25000000002
13700.000000000015
16325.750000000016
12465.000000000011
15677.750000000018
10188.000000000011