10779.50000000001
12305.000000000016
10965.750000000013
11925.000000000007
11252.000000000013
12437.000000000013
11288.750000000011
13275.000000000013
11065.500000000011
13131.000000000013
10798.500000000011
13558.000000000013
10577.250000000011
13471.000000000011
10558.75000000001
12599.000000000015
10787.750000000011
11422.000000000011
11087.750000000011
10574.00000000001
10975.500000000013
10385.000000000005
10770.250000000013
10430.000000000011
10858.25000000001
10172.000000000011
10926.750000000011
9557.000000000011
11036.250000000011
9416.00000000001
11011.750000000011
9070.000000000007
11129.750000000011
7880.000000000009
11285.250000000013
6873.000000000008
11355.750000000011
6461.0000000000055
11454.750000000013
7054.000000000008
11669.250000000013
8097.000000000008
11830.750000000011
12496.000000000011
11610.750000000013
12491.000000000013
10638.500000000011
11149.000000000011
9968.250000000011
11995.000000000015
9806.750000000011
10586.00000000001
9926.50000000001
10296.00000000001
10639.250000000011
10933.000000000015
11187.00000000001
12298.000000000011
10839.250000000015
10975.000000000011
10084.250000000011
9486.000000000005
9704.50000000001
10423.000000000013
9362.00000000001
10128.000000000011
9688.50000000001
10066.000000000011
10094.50000000001
9822.000000000005
9868.50000000001
7461.000000000005
9471.25000000001
8075.000000000008
9715.000000000007
9132.000000000007
10390.50000000001
9613.000000000011
10556.250000000011
8756.000000000005
10693.750000000011
9369.00000000001
10043.500000000011
9182.000000000011
10442.250000000011
8138.000000000009
10624.500000000011
8112.000000000009
11286.25000000001
8214.000000000005
12046.500000000011
8129.00000000001
12599.000000000011
8211.00000000001
12430.000000000013
7727.000000000009
12338.50000000001
6488.000000000008
12451.000000000013
9560.000000000011
12282.250000000013
13025.000000000013
11765.500000000013
14243.000000000013
11779.000000000011
15855.000000000016
11723.500000000015
16430.00000000001
11712.000000000013
16636.00000000002
11830.250000000011
16730.00000000002
12141.250000000013
16116.000000000016
12350.000000000013
14306.000000000016
12014.750000000013
11072.000000000011
11573.250000000013
7440.000000000006
11171.500000000011
7641.000000000007
10683.750000000013
8237.000000000005
10448.75000000001
8856.000000000011
10635.500000000013
9202.00000000001
10372.000000000007
9150.00000000001
10261.00000000001
8917.000000000011
10252.75000000001
8820.000000000007
10263.25000000001
8674.000000000007
10130.50000000001
8297.000000000005
9295.500000000011
8120.000000000008
8988.250000000007
8225.000000000007
9007.500000000007
9105.000000000005
9171.00000000001
10195.000000000011
9208.50000000001
10489.000000000013
9604.25000000001
11006.000000000013
10455.250000000011
11432.000000000013
9707.500000000011
11586.00000000001
9440.000000000011
11983.00000000001
9791.75000000001
11892.000000000013
10375.250000000011
11583.000000000011
10852.500000000011
11884.000000000015
10891.750000000011
12271.000000000018
10611.500000000011
12544.00000000001
9646.250000000011
12636.00000000001
9020.50000000001
12444.000000000007
9152.75000000001
12208.000000000015
10604.250000000011
12251.000000000011
11212.75000000001
12048.000000000007
11212.750000000013
12182.000000000015
10493.50000000001
12389.000000000011