32575.000000000033
32570.000000000033
31512.500000000036
31557.000000000033
29005.000000000036
29115.000000000033
14445.000000000016
15102.000000000015
9409.000000000011
9938.000000000011
7086.250000000006
8688.000000000011
6593.750000000007
8703.000000000011
6337.250000000006
7207.0000000000055
5093.7500000000055
6478.000000000005
4788.750000000005
6491.000000000005
6964.750000000006
6578.000000000006
8093.2500000000055
6878.000000000006
8182.750000000009
7295.000000000008
8572.50000000001
7977.000000000008
9288.25000000001
8728.000000000007
9236.00000000001
9513.000000000007
8186.500000000008
10284.000000000013
8465.75000000001
10771.00000000001
7481.250000000008
10953.000000000013
7195.500000000007
10903.000000000011
6690.250000000008
10833.000000000013
7302.500000000006
10515.000000000011
6963.5000000000055
10601.00000000001
7102.500000000006
10417.000000000013
8609.75000000001
10181.000000000011
9279.25000000001
9979.000000000013
8165.000000000008
9607.00000000001
8651.250000000007
9238.000000000007
9361.25000000001
9008.000000000011
10188.25000000001
8955.000000000011
10286.250000000011
8983.00000000001
10104.25000000001
9289.000000000005
10955.250000000011
9756.000000000007
11113.500000000011
10062.00000000001
10694.75000000001
10615.000000000011
10938.50000000001
11570.000000000013
10865.000000000011
12309.000000000013
12643.000000000013
13780.000000000018
13622.250000000013
13986.000000000016
14261.750000000015
13867.000000000011
13290.250000000015
12692.000000000011
11267.750000000011
12461.000000000013
11802.500000000011
14348.000000000016
12445.500000000015
14557.000000000015
11176.250000000011
14481.000000000015
10708.000000000013
14617.000000000018
11074.500000000013
12844.000000000015
9765.75000000001
10654.000000000011
10200.000000000011
9355.00000000001
11013.000000000011
9098.000000000005
11390.000000000011
10484.000000000011
11370.750000000013
13148.000000000016
10392.250000000011
15287.000000000018
10541.000000000011
16577.00000000002
9879.25000000001
17553.00000000002
10159.25000000001
18314.00000000002
9764.750000000011
18898.000000000022
10683.75000000001
18925.00000000002
11629.250000000011
18871.000000000015
10591.500000000011
19527.000000000015
11244.250000000011
20013.000000000022
9905.250000000011
20736.000000000022
10258.000000000011
21628.000000000022
10669.25000000001
22428.000000000025
10836.750000000013
22519.000000000025
8419.50000000001
20847.000000000025
8840.50000000001
18365.000000000022
11568.250000000015
15520.000000000018
11626.000000000011
11491.000000000011
9220.500000000011
8917.000000000011
7112.000000000008
7776.0000000000055
6447.250000000006
7170.000000000007
7764.250000000008
6885.000000000006
7554.750000000007
6783.000000000005
7197.5000000000055
6754.000000000006
6978.000000000007
6743.0000000000055
6724.500000000008
6956.0000000000055
6675.000000000006
7365.000000000006
6313.000000000006
7624.0000000000055
5865.500000000007
7430.000000000006
5487.7500000000055
7134.000000000006
5166.0000000000055
7180.000000000007
4783.000000000004
7261.00000000001
4406.750000000005
7403.000000000006
4353.500000000005
7827.000000000006
3643.500000000003
7393.000000000007
4808.000000000005
8159.000000000008
30127.250000000033
30262.000000000022
30351.250000000036
30411.00000000003
32387.500000000033
32402.00000000003