14325.000000000015
12950.000000000015
14171.000000000015
12601.000000000011
14223.750000000013
12302.00000000001
14032.250000000016
12080.000000000013
13935.750000000011
11920.00000000001
13822.250000000011
11846.00000000001
13665.250000000013
11813.00000000001
13634.000000000013
11584.000000000011
13589.500000000013
11122.000000000013
13422.250000000013
10488.000000000011
13473.250000000015
9895.000000000011
13808.250000000011
9607.00000000001
13991.750000000016
9523.00000000001
14010.500000000015
9589.000000000007
13982.000000000011
9682.000000000011
13881.750000000015
9730.000000000011
13728.750000000015
9849.000000000011
13587.000000000013
10008.000000000013
13589.750000000015
10136.000000000011
13318.750000000013
10176.000000000011
13033.500000000011
10659.000000000011
12987.000000000015
11847.000000000013
12895.50000000001
13763.000000000015
12019.000000000011
15798.000000000018
11837.000000000013
17580.000000000022
12103.000000000013
19044.000000000025
12637.500000000011
20015.000000000025
12718.250000000013
20601.000000000022
13013.500000000013
20981.00000000002
14017.000000000015
21056.000000000025
14468.750000000016
20934.000000000025
14132.000000000015
20639.000000000015
13998.500000000013
20322.000000000025
14231.250000000011
19820.000000000022
13989.250000000015
19099.00000000002
14253.750000000013
17888.00000000002
14348.750000000015
16556.000000000015
13662.750000000015
15383.000000000016
13047.250000000011
14566.000000000015
13084.250000000011
14480.00000000001
12459.250000000011
14950.000000000015
12120.000000000013
15261.000000000013
12811.000000000011
15324.000000000013
13083.750000000011
15116.000000000016
12653.000000000013
14727.000000000016
12043.250000000011
14319.000000000013
11172.000000000013
13913.000000000015
11132.25000000001
13464.000000000016
11238.000000000013
13006.000000000016
11034.75000000001
12802.000000000015
10693.750000000011
12712.00000000001
10323.75000000001
12612.000000000013
10022.25000000001
12335.000000000015
10317.25000000001
11736.000000000013
11263.500000000011
11349.000000000013
12029.000000000013
11929.000000000005
12020.750000000013
13942.000000000011
11435.750000000013
13783.000000000016
10988.25000000001
12114.000000000011
10443.75000000001
10359.000000000013
10747.750000000011
10321.000000000011
11084.000000000015
10570.000000000011
10455.750000000011
10357.000000000011
9694.75000000001
10638.000000000011
9964.75000000001
10910.000000000013
10795.750000000011
11559.000000000011
10651.000000000011
11693.00000000001
10212.00000000001
11948.000000000011
11125.25000000001
11781.000000000013
11315.500000000011
11770.00000000001
11799.00000000001
12433.000000000011
12135.000000000013
12949.000000000016
12453.500000000013
13195.000000000011
13270.750000000015
13197.000000000011
13017.000000000015
13067.000000000007
12392.250000000011
12686.000000000016
11923.000000000013
12089.00000000001
12207.750000000013
11314.000000000011
12376.750000000013
10361.00000000001
11617.500000000011
9446.00000000001
10949.00000000001
8867.00000000001
10765.000000000011
8508.00000000001
11152.000000000013
8059.0000000000055
11146.250000000011
7746.000000000006
10872.750000000013
7592.000000000008
10492.25000000001
7564.000000000008
10199.500000000011
7768.000000000008
9724.25000000001
7936.000000000009
9897.000000000011
8179.000000000008
10026.500000000011
8500.000000000007