4130.750000000004
2025.0000000000016
4124.500000000004
2053.0000000000023
4271.500000000004
2116.0000000000023
4286.000000000005
2157.000000000002
4255.7500000000055
2194.0000000000023
4337.250000000004
2172.0000000000027
4495.7500000000055
2215.0000000000023
4776.500000000004
2323.000000000002
5091.500000000005
2407.0000000000027
5405.0000000000055
2522.0000000000027
5602.500000000006
2595.0000000000027
5766.5000000000055
2623.0000000000036
6100.000000000006
2756.0000000000023
6738.500000000007
3031.000000000002
7302.000000000007
3143.0000000000027
7881.500000000009
3351.000000000003
8443.000000000007
4251.000000000005
8987.500000000007
5226.0000000000055
9605.50000000001
6326.000000000005
10408.250000000011
7816.000000000008
9726.750000000011
9288.000000000011
9185.50000000001
10529.000000000013
8795.500000000007
11400.000000000011
8525.250000000007
12048.000000000007
8255.500000000007
12526.000000000011
8329.75000000001
12908.000000000016
8757.50000000001
13101.000000000013
8975.50000000001
13607.000000000011
9278.00000000001
13915.000000000018
9725.750000000011
13013.000000000011
10034.75000000001
11005.000000000013
9927.500000000011
9085.000000000007
10469.000000000011
8530.000000000007
10601.000000000013
9173.00000000001
10260.50000000001
9619.000000000007
10282.000000000011
10186.00000000001
10588.250000000011
9955.000000000013
10591.75000000001
9288.000000000005
10661.500000000013
10268.000000000013
11240.500000000013
11161.000000000015
11350.250000000011
10144.000000000011
10070.000000000011
9873.00000000001
10135.250000000011
8076.00000000001
10336.25000000001
7460.000000000007
12090.500000000011
8672.000000000005
13288.000000000015
8169.000000000009
12574.500000000013
11358.000000000013
11393.500000000013
12158.000000000005
10799.750000000011
9305.000000000011
11270.000000000011
7761.000000000008
11176.250000000013
9137.000000000011
10828.000000000011
10664.000000000013
10131.250000000011
11316.000000000011
9859.500000000011
10594.000000000007
10176.750000000011
8750.000000000007
10333.500000000011
6958.000000000005
10864.500000000011
8137.000000000008
11571.500000000013
9284.000000000007
11784.250000000011
9407.000000000011
11960.000000000011
9252.000000000011
11935.500000000011
8437.00000000001
11841.750000000013
8179.000000000006
11403.000000000013
8442.000000000005
10658.500000000011
9349.000000000005
10031.00000000001
9550.000000000007
10185.00000000001
9421.000000000007
10332.25000000001
9300.000000000011
10586.000000000011
9218.00000000001
10246.250000000011
8330.00000000001
9746.250000000011
7677.000000000008
9006.500000000007
8470.00000000001
9188.50000000001
9686.000000000011
9698.00000000001
10505.000000000013
9801.25000000001
11070.000000000011
9454.00000000001
11894.000000000007
8503.250000000007
13083.000000000016
7838.750000000007
13819.000000000016
8308.500000000007
14180.000000000007
9219.500000000011
13796.000000000013
10342.50000000001
13227.000000000011
10832.75000000001
13454.000000000011
11075.000000000011
13671.000000000018
11430.500000000011
13111.000000000015
11586.000000000013
12656.000000000016
11724.750000000011
12819.00000000001
11193.25000000001
13141.000000000015
11216.500000000011
12773.00000000001
11234.250000000011
12807.000000000015
11262.500000000011
12636.00000000001
11141.500000000013
12303.00000000001