10574.750000000013
12179.00000000001
10464.000000000011
10346.00000000001
10139.750000000011
10055.00000000001
9740.50000000001
10925.000000000011
9989.750000000011
11174.000000000013
11172.500000000013
11606.000000000013
13525.500000000013
13068.000000000016
16343.750000000016
14254.000000000015
18113.00000000002
14286.000000000016
18219.000000000015
14102.000000000016
16547.000000000015
14220.000000000018
14409.000000000016
14104.000000000016
13393.500000000015
13550.00000000001
13239.500000000013
12700.000000000015
13005.000000000015
11972.000000000013
12851.750000000013
12305.000000000007
12539.750000000013
13995.000000000015
14816.250000000015
15470.000000000015
16713.75000000002
15632.000000000022
16376.750000000015
15073.000000000013
16375.500000000018
15277.000000000016
16217.750000000016
16080.000000000015
15698.250000000015
16869.00000000001
15641.250000000015
16796.00000000001
16615.750000000015
15226.000000000018
17231.00000000002
14069.00000000001
17063.250000000015
14546.000000000016
15934.250000000013
14984.000000000015
15200.250000000018
15110.000000000016
15166.000000000015
15166.000000000015
14930.500000000015
14455.000000000016
14114.000000000013
13607.000000000011
14121.500000000015
12362.00000000001
13927.750000000015
10674.000000000011
13910.750000000015
9939.000000000007
13697.500000000015
10087.00000000001
12954.000000000013
10227.000000000011
13516.250000000015
9925.000000000011
13113.500000000015
9590.000000000011
12924.000000000015
9411.000000000011
12646.500000000013
9447.00000000001
12711.250000000011
9395.000000000011
12607.000000000013
9332.00000000001
12348.000000000013
9556.000000000011
12077.750000000015
9558.000000000007
12430.750000000015
9713.00000000001
12771.000000000015
10533.000000000007
13030.500000000013
10437.00000000001
12897.250000000013
8931.000000000005
12579.500000000011
10036.000000000011
12708.750000000013
11597.000000000011
12183.250000000013
10869.000000000013
11567.000000000011
11031.000000000011
12641.750000000015
12382.000000000016
14011.750000000015
13179.000000000016
13314.000000000016
11978.000000000011
12983.750000000013
11232.000000000011
13289.750000000013
11555.000000000013
13425.500000000016
11077.00000000001
12035.50000000001
10758.000000000013
11523.000000000013
10751.000000000011
11542.250000000013
10640.000000000011
11807.500000000013
10903.000000000015
11373.250000000011
10866.000000000011
11159.000000000013
10229.000000000013
10109.50000000001
10372.000000000011
9774.750000000007
10542.000000000013
10475.250000000011
10104.000000000011
11179.500000000013
10764.000000000013
10474.750000000011
10825.000000000011
9868.75000000001
10023.000000000007
9856.75000000001
10114.000000000007
9973.00000000001
10927.000000000011
9718.00000000001
10770.000000000013
9355.250000000011
11075.000000000013
9353.00000000001
12652.000000000018
9587.75000000001
13293.000000000015
9493.250000000011
13090.000000000011
9625.75000000001
11379.000000000013
9789.00000000001
9450.00000000001
9915.750000000011
8561.000000000007
9843.50000000001
8663.000000000005
9671.750000000011
7934.000000000007
9604.75000000001
7637.000000000007
9190.25000000001
8297.000000000005
9072.50000000001
8551.000000000011
9343.25000000001
10755.000000000013
9662.75000000001
12046.000000000007
10181.75000000001
11247.000000000013
10486.000000000011
10014.000000000011