30302.00000000003
28544.000000000033
30324.00000000003
28647.000000000025
30356.250000000033
28789.000000000036
30411.750000000033
28844.000000000033
29325.250000000033
24007.00000000002
27896.00000000003
19417.00000000002
26971.750000000025
15874.000000000016
26502.750000000025
14361.000000000013
26367.75000000003
13867.000000000011
25762.500000000025
12304.000000000015
25050.25000000002
12294.000000000013
23858.000000000022
11211.000000000007
22548.00000000003
9873.00000000001
21281.000000000022
7587.000000000008
20755.750000000022
8161.000000000009
21160.000000000025
10071.00000000001
22240.000000000022
10268.000000000013
22421.750000000022
9557.000000000011
22095.000000000022
10861.000000000013
20732.75000000002
14541.00000000001
18451.50000000002
15142.000000000016
16901.25000000002
14081.000000000015
15384.750000000011
12139.000000000013
14372.500000000016
10425.000000000011
14141.750000000015
11420.000000000011
14461.500000000016
12534.000000000016
14374.250000000013
12831.000000000011
14482.500000000011
12415.000000000013
15994.250000000013
12059.00000000001
16509.00000000002
11696.000000000007
16370.250000000015
11892.000000000015
15501.250000000015
13430.000000000015
14091.750000000015
13820.000000000011
12828.500000000015
13928.000000000011
12241.000000000013
13571.000000000007
11782.250000000011
12819.00000000001
10707.75000000001
12179.00000000001
10381.25000000001
10999.000000000013
11320.50000000001
11205.000000000011
11110.250000000013
11606.000000000007
10770.500000000013
12196.00000000001
10643.250000000013
12773.00000000001
10641.000000000013
12963.000000000013
10786.750000000011
12003.000000000013
10509.50000000001
11174.000000000011
10729.250000000011
12013.00000000001
12300.250000000011
13552.000000000015
12994.250000000013
16460.00000000001
12796.75000000001
16559.000000000015
12320.750000000015
15378.000000000018
11300.000000000013
14355.000000000016
10585.000000000011
13954.000000000013
10877.750000000011
14450.00000000001
11202.250000000015
14373.000000000018
11338.750000000011
13233.000000000015
11280.250000000011
12150.00000000001
11413.000000000011
11546.000000000011
11984.750000000013
11948.000000000011
12416.500000000013
12361.00000000001
12530.250000000011
12203.000000000015
12371.000000000011
11528.000000000011
12341.000000000015
11326.000000000011
12744.500000000011
11021.000000000011
13081.750000000013
11454.000000000011
13054.000000000013
12448.000000000011
13336.000000000015
12765.000000000013
13692.000000000013
12104.00000000001
14183.500000000015
11663.00000000001
14909.500000000015
11985.000000000007
15132.500000000016
13402.000000000016
14952.750000000016
14102.000000000016
15138.750000000016
14083.000000000013
15395.000000000015
13923.000000000013
15669.500000000015
13556.000000000007
16592.50000000002
13716.000000000015
17627.500000000022
14712.000000000016
18400.25000000002
16938.000000000015
18907.250000000015
18096.000000000015
19825.500000000015
18702.000000000022
20687.250000000022
19261.00000000001
21177.00000000002
20912.000000000022
21598.250000000022
22699.000000000025
21964.750000000022
23399.00000000002
23000.750000000022
23916.000000000025
24892.25000000003
24297.000000000025
25940.50000000003
24793.000000000022
27616.250000000025
25197.000000000036
28440.500000000033
25555.000000000022
28658.00000000003
25774.000000000025
28741.750000000025
25979.000000000022