8447.50000000001
12461.000000000013
8430.750000000007
13000.000000000013
8311.50000000001
13522.000000000015
8212.75000000001
13814.000000000016
8099.250000000006
13876.000000000007
7905.750000000009
13718.000000000018
7569.000000000006
13243.000000000015
7154.250000000006
12775.00000000001
6733.500000000007
12440.00000000001
6275.5000000000055
12150.00000000001
5770.000000000006
11822.000000000013
5205.500000000005
11963.000000000011
4701.000000000005
12396.000000000007
4291.500000000005
12261.000000000013
3961.0000000000036
11697.000000000013
4171.750000000004
11381.000000000011
4696.750000000005
10727.000000000013
4894.250000000005
9858.00000000001
4995.500000000005
9346.000000000011
5342.2500000000055
9037.000000000005
5291.2500000000055
8978.00000000001
4080.7500000000036
9241.00000000001
3883.500000000004
9945.000000000011
3717.5000000000036
10588.000000000013
4642.7500000000055
11049.000000000011
6495.750000000007
11415.000000000011
7020.250000000007
11556.000000000013
6569.750000000007
11481.000000000011
6661.250000000007
11197.000000000013
7430.000000000007
10700.000000000011
8932.25000000001
10089.000000000011
10259.000000000013
9464.000000000005
11684.500000000013
8900.000000000005
11774.75000000001
8511.000000000005
10627.00000000001
8703.000000000011
9898.25000000001
9914.000000000011
10260.50000000001
11697.000000000007
11467.000000000011
12805.00000000001
12008.250000000013
12980.000000000015
11908.500000000011
12035.000000000013
11692.250000000011
10334.000000000011
11517.500000000011
9003.000000000013
12274.500000000015
8567.000000000007
12430.750000000011
8081.000000000009
11999.750000000013
7324.000000000005
11411.250000000011
6688.000000000007
10816.750000000013
6409.000000000007
10760.000000000011
6418.000000000005
10590.75000000001
5906.000000000007
10728.750000000011
5391.0000000000055
10846.250000000011
5394.000000000005
10803.000000000011
6498.000000000007
11400.250000000011
7706.000000000008
12342.000000000011
8250.00000000001
12794.750000000015
8348.000000000007
13321.500000000013
8729.000000000013
13568.750000000013
9504.000000000007
13577.500000000016
9533.000000000011
13816.000000000016
8196.00000000001
13894.000000000016
7647.000000000006
13696.250000000013
8275.000000000005
13391.250000000013
8934.000000000007
13650.750000000013
8501.000000000011
13997.250000000013
7494.000000000008
11573.250000000013
6861.000000000004
9905.500000000011
5685.000000000006
8906.25000000001
5757.0000000000055
7775.250000000007
6938.000000000004
6601.500000000007
12257.00000000001
6918.2500000000055
12834.00000000001
7175.750000000006
11465.000000000013
7239.000000000007
12770.000000000011
8120.750000000009
12357.000000000011
7386.000000000008
10553.000000000011
6088.250000000006
9477.00000000001
6345.750000000006
8918.000000000007
6311.500000000007
8101.000000000007
6640.750000000006
7510.000000000006
7994.500000000009
8034.000000000009
7823.000000000007
8141.000000000009
8135.50000000001
8038.000000000008
8084.250000000006
9097.000000000005
7549.750000000009
10350.000000000007
6812.250000000006
11913.000000000013
6107.500000000004
11706.00000000001
5548.7500000000055
11182.000000000011
5045.250000000005
10947.00000000001
4884.500000000005
11162.000000000011
4140.750000000005
10312.000000000007
3796.000000000004
9757.000000000011