13318.750000000015
16208.000000000016
13565.750000000011
16488.00000000001
13444.250000000015
17024.00000000001
13592.000000000015
17471.000000000015
14084.750000000016
17563.000000000015
14071.750000000013
17701.000000000007
14091.000000000016
17738.00000000001
13145.250000000013
17767.00000000002
11778.500000000013
17967.00000000001
11216.500000000011
18075.000000000022
11632.250000000011
18016.000000000022
11721.750000000007
17622.000000000015
12397.500000000015
16995.000000000022
12702.250000000013
16554.000000000015
12188.000000000015
16281.000000000016
12436.000000000013
15995.000000000018
12674.000000000013
15567.000000000016
12579.750000000015
15110.000000000018
11767.00000000001
14822.000000000013
12184.750000000011
14674.000000000011
12484.000000000015
14489.000000000016
13007.750000000015
14394.000000000016
12921.250000000013
14410.000000000013
12594.500000000011
14537.000000000011
11676.000000000013
14746.000000000016
11276.000000000011
14956.000000000016
11223.250000000011
15130.000000000015
11121.500000000011
15141.000000000016
10516.75000000001
15190.000000000015
11121.50000000001
15373.000000000016
12074.00000000001
15487.000000000015
12224.250000000015
15437.000000000016
11884.75000000001
15354.000000000016
11982.000000000013
15233.000000000013
11691.750000000011
15212.000000000018
11741.750000000011
15286.000000000018
12019.000000000013
15369.000000000016
12064.750000000011
15431.000000000013
11707.750000000013
15410.000000000015
12058.500000000015
15423.000000000018
12085.750000000013
15518.000000000015
11719.250000000011
15717.000000000016
11743.000000000011
15850.000000000018
11897.000000000011
15799.000000000016
11887.250000000015
15628.000000000016
11576.250000000013
15521.000000000018
11347.000000000011
15519.000000000016
11550.750000000011
15495.000000000015
11611.000000000011
15452.000000000016
11576.250000000013
15329.000000000011
11833.000000000011
15048.000000000016
12048.500000000013
14968.000000000018
12512.000000000015
14996.000000000018
12530.750000000013
14961.000000000016
12831.500000000013
14912.000000000016
12910.000000000013
14821.000000000016
12706.000000000015
14912.000000000013
12962.250000000015
15036.000000000016
12630.750000000013
15086.000000000016
12415.250000000013
15274.000000000015
11898.750000000015
15446.000000000013
11908.500000000011
15328.000000000016
12921.500000000013
15377.000000000018
13432.750000000015
15465.000000000016
12497.000000000013
15051.000000000015
10741.750000000011
13860.000000000016
10350.750000000011
14152.000000000015
10500.75000000001
15316.000000000018
10600.000000000011
15610.000000000013
10960.000000000013
15397.000000000016
11422.750000000011
15228.000000000015
12580.000000000013
15127.000000000016
13725.750000000015
14877.000000000015
13557.000000000013
14703.000000000015
12742.250000000011
14612.000000000016
12259.000000000011
14881.000000000016
12621.500000000013
14657.000000000016
12722.250000000016
14447.000000000016
12680.250000000015
14579.000000000015
13386.250000000015
14133.000000000011
13570.500000000015
13371.000000000016
13292.500000000011
12235.000000000011
13301.750000000013
11089.000000000013
13399.750000000016
10207.00000000001
13376.750000000013
10227.000000000011
13428.500000000013
9925.000000000011
13300.500000000015
9763.000000000011
13112.250000000013
9784.000000000011
12921.250000000013
10175.000000000007
12640.000000000013
10812.000000000011