9635.000000000011
6389.000000000004
9821.000000000011
6619.000000000006
9868.500000000011
6882.000000000009
9868.25000000001
7010.000000000008
9842.75000000001
7074.000000000009
9839.00000000001
7164.000000000009
9878.00000000001
7124.000000000007
9879.250000000011
7017.0000000000055
9875.00000000001
6936.000000000007
9893.750000000011
6904.000000000007
10111.000000000013
6927.000000000009
10085.750000000011
6890.000000000005
9794.250000000011
6744.000000000007
9453.750000000011
6755.000000000008
9312.75000000001
6813.000000000005
9253.00000000001
6750.0000000000055
9288.00000000001
6743.0000000000055
9640.00000000001
7450.000000000008
10144.50000000001
8870.000000000005
10331.250000000011
9493.00000000001
10300.75000000001
9377.00000000001
10405.750000000011
9071.000000000007
10689.500000000011
8823.000000000005
10299.250000000013
8632.00000000001
10024.500000000013
8480.00000000001
9887.25000000001
8405.000000000005
10177.250000000011
8288.00000000001
10778.250000000011
8136.000000000008
10570.25000000001
8010.000000000009
10561.000000000011
7842.000000000007
10982.75000000001
7538.000000000007
11464.000000000013
7295.000000000008
11957.000000000013
9079.000000000007
12377.500000000013
10694.000000000013
12555.500000000013
10654.000000000013
12144.750000000013
10513.00000000001
11935.750000000013
10173.000000000011
11745.500000000013
9628.00000000001
10932.750000000011
8970.00000000001
11508.000000000013
8126.000000000009
11944.000000000011
7317.000000000007
11658.000000000011
6747.000000000008
11275.500000000013
6218.000000000006
11497.500000000011
5823.000000000005
11139.250000000011
6186.0000000000055
10448.000000000011
6485.000000000007
10284.500000000013
6277.000000000007
10345.750000000013
6017.000000000006
10218.000000000011
5934.000000000007
9956.250000000011
5842.0000000000055
10021.25000000001
7775.000000000008
9886.50000000001
12300.00000000001
9728.00000000001
13815.000000000016
9673.50000000001
13261.00000000001
9595.00000000001
12127.000000000015
10169.000000000011
10185.000000000011
10716.500000000011
8684.00000000001
10222.000000000011
7719.000000000007
10505.25000000001
6590.0000000000055
10692.25000000001
7038.000000000008
10854.25000000001
8113.000000000007
11132.000000000011
10060.000000000011
11295.000000000013
13058.000000000011
11369.250000000011
14374.000000000018
10870.500000000011
14148.000000000013
10128.75000000001
14279.000000000016
10339.000000000011
13749.00000000001
10732.750000000011
11984.000000000013
10785.00000000001
9252.000000000011
10882.250000000011
6140.000000000007
11006.750000000011
6051.000000000005
11174.500000000011
5878.000000000007
11214.250000000013
5767.000000000006
11136.50000000001
5928.0000000000055
11092.00000000001
6129.000000000006
11383.00000000001
6264.000000000006
11808.75000000001
6525.000000000007
12021.000000000015
7323.000000000007
12138.500000000011
8241.000000000007
12209.750000000013
9212.000000000005
12293.750000000011
10199.000000000011
12263.000000000011
11100.000000000013
12115.750000000013
11693.00000000001
11819.000000000013
11686.000000000005
11655.50000000001
11041.000000000011
11658.250000000011
10454.000000000013
11719.000000000011
10090.000000000011
11740.500000000011
9874.00000000001
11776.500000000013
9158.00000000001
11750.500000000013
8976.000000000005