18482.00000000002
16058.000000000016
18956.25000000002
16244.000000000016
19564.000000000022
16740.000000000015
19088.00000000002
14103.000000000016
17862.25000000002
9667.000000000011
17461.250000000022
8053.000000000007
18054.000000000025
9045.000000000005
18745.00000000002
10239.00000000001
18701.75000000002
8585.000000000004
18703.25000000002
7403.000000000006
19149.500000000015
8710.000000000005
18644.000000000022
6751.000000000007
18842.50000000002
5512.0000000000055
20070.000000000022
6533.000000000007
21189.000000000022
9024.000000000007
21202.750000000025
10174.000000000011
19912.750000000022
9366.000000000011
19073.25000000002
11325.000000000013
18663.75000000002
12890.000000000011
17903.500000000015
12737.000000000015
16833.000000000015
11121.000000000013
15846.250000000016
9250.000000000005
15637.250000000016
9789.000000000011
16321.500000000016
11475.000000000011
17801.50000000002
11918.000000000013
18310.00000000002
12099.000000000011
18132.00000000002
11746.000000000016
17083.50000000002
11640.000000000015
16391.750000000015
13430.000000000015
15814.500000000015
14361.000000000016
14785.500000000015
14846.000000000018
13916.000000000013
14775.000000000016
12988.250000000013
14292.000000000016
11928.50000000001
13451.000000000013
11298.75000000001
11810.000000000011
11483.250000000013
10412.000000000011
11043.50000000001
9183.000000000011
10683.000000000011
8630.00000000001
11101.250000000013
9205.000000000005
11044.250000000011
9340.00000000001
9993.500000000011
9189.000000000005
9562.500000000005
8088.000000000008
10077.00000000001
7928.000000000006
11001.250000000013
8554.000000000004
10824.000000000011
8801.000000000005
11303.250000000011
8841.000000000007
11707.000000000015
8869.000000000005
12003.000000000013
8208.000000000011
11727.750000000011
7726.000000000008
11619.750000000011
7309.000000000007
11748.750000000013
8095.000000000009
11968.500000000011
8417.00000000001
11759.750000000011
8364.00000000001
11632.250000000011
7467.000000000008
11749.000000000011
6824.000000000006
11982.500000000015
7375.0000000000055
12392.250000000015
8300.000000000007
12611.500000000013
8427.000000000005
12546.000000000013
7894.000000000006
12986.500000000013
7931.0000000000055
13348.000000000011
8037.000000000007
13905.250000000013
8481.000000000011
14189.500000000013
9370.00000000001
14038.750000000013
9499.00000000001
13997.750000000015
9479.000000000005
13886.250000000013
9930.000000000011
13566.500000000015
10116.00000000001
13505.250000000015
10324.000000000005
13534.500000000011
11761.000000000013
13695.750000000011
12395.000000000013
13927.000000000015
12554.000000000015
14047.750000000015
12931.000000000007
14381.750000000015
13696.000000000015
14313.250000000015
14755.000000000013
13810.250000000015
14198.000000000016
13394.750000000013
13116.000000000013
13372.000000000013
12704.000000000011
13668.250000000013
12339.000000000013
14337.250000000016
12711.000000000004
14666.250000000018
12208.000000000015
14804.750000000011
11910.000000000016
14825.250000000013
11840.000000000011
14849.250000000015
11941.000000000007
15080.500000000015
12083.000000000011
15471.250000000016
12285.00000000001
15733.500000000015
12515.00000000001
16005.500000000016
12733.000000000007
16384.50000000002
12926.00000000001
16844.250000000015
13115.000000000013
17333.75000000002
13252.000000000013