15375.250000000016
17347.000000000015
16188.750000000016
17980.00000000002
16517.25000000002
18379.000000000022
16723.50000000002
17257.000000000015
18295.000000000022
16197.000000000016
18686.250000000022
16174.000000000016
20330.000000000022
16495.000000000015
21602.500000000022
16333.000000000015
21823.25000000002
17446.00000000002
22266.750000000022
18514.00000000002
22505.25000000002
17156.00000000002
22638.500000000025
15870.000000000016
22675.250000000022
15160.00000000002
22648.500000000022
16443.00000000001
22688.750000000025
18526.000000000025
22868.750000000022
18805.000000000022
23035.25000000003
17825.00000000002
23004.750000000022
17106.000000000015
22872.750000000022
17694.00000000001
21964.75000000002
17901.00000000002
20455.50000000002
18060.00000000001
19614.000000000022
18225.00000000001
20155.25000000002
18835.000000000022
20523.000000000022
18012.00000000001
19466.75000000002
17644.00000000002
18947.50000000002
17152.000000000015
19452.00000000002
17398.000000000022
20782.000000000022
18484.00000000002
21167.000000000022
20046.000000000015
21631.000000000025
20890.00000000002
21673.25000000002
21770.000000000025
21501.25000000002
22986.000000000022
21406.500000000022
22361.000000000015
21046.50000000002
21644.000000000022
20788.500000000022
20695.000000000022
20272.75000000002
19668.000000000022
19621.250000000022
18565.00000000002
18467.00000000002
16712.000000000022
17716.50000000002
14218.000000000015
16583.75000000002
15546.000000000015
16134.500000000018
13613.000000000015
15812.500000000015
11391.000000000011
15745.750000000018
11079.000000000011
15784.500000000018
11793.000000000011
15913.750000000016
8960.000000000005
15691.500000000015
8457.00000000001
15401.750000000015
11468.000000000011
15187.500000000015
12952.000000000011
14847.750000000016
12813.000000000016
14357.250000000016
10954.000000000013
14211.250000000015
11073.000000000011
13818.500000000013
12700.000000000015
13684.750000000015
14076.000000000016
13149.750000000013
15086.000000000015
12903.750000000011
15644.000000000016
13349.250000000015
15802.000000000016
13560.500000000015
16401.00000000002
13067.250000000013
16771.000000000007
13070.500000000015
17522.00000000002
12793.250000000013
19119.000000000022
12801.750000000013
19555.000000000022
12730.000000000013
19829.000000000022
12085.250000000015
19968.000000000022
11704.250000000015
19896.00000000002
10913.000000000013
20002.000000000022
11540.750000000011
21005.000000000015
12769.500000000013
21688.000000000022
12693.500000000016
21286.00000000002
11665.500000000011
20634.000000000025
12315.000000000015
21323.000000000022
12228.250000000015
22234.00000000003
12806.000000000015
22406.000000000025
14606.750000000015
22134.000000000025
14933.250000000016
20007.000000000025
15394.000000000013
22912.00000000002
16120.250000000016
24086.00000000002
16219.750000000016
23355.00000000003
16672.75000000002
22041.000000000015
15955.750000000015
19762.00000000002
15817.000000000015
11477.000000000013
16648.250000000015
7592.000000000008
16903.750000000015
6735.0000000000055
16131.750000000015
5180.000000000005
15166.500000000015
6304.000000000007
14578.250000000016
6319.000000000005
13763.750000000013
5864.000000000004
13589.000000000015
5981.0000000000055
13923.750000000015
7209.000000000009
13753.750000000015
8584.000000000007
13460.500000000016
8921.00000000001