5947.5000000000055
14171.000000000011
6688.000000000007
13966.000000000007
8692.25000000001
15074.00000000001
9679.25000000001
14937.00000000001
9632.500000000011
13921.000000000016
9600.00000000001
16528.000000000007
9608.50000000001
15797.000000000016
9646.75000000001
13885.000000000013
9891.25000000001
14106.000000000013
9922.50000000001
14241.000000000016
9478.00000000001
14458.000000000016
8575.000000000007
14577.000000000016
7532.500000000008
14518.000000000018
6703.0000000000055
14385.000000000016
6389.750000000005
14247.000000000011
6295.2500000000055
14005.000000000016
6213.750000000007
13613.000000000015
6220.500000000007
12848.000000000015
6312.250000000007
11450.000000000011
6259.000000000006
10465.000000000011
6073.500000000007
10470.000000000011
5974.500000000006
11184.000000000011
6324.250000000008
12313.000000000011
6684.7500000000055
13861.000000000013
6768.000000000006
15077.000000000018
7658.500000000009
15707.000000000016
8124.25000000001
16180.000000000016
8679.000000000011
16690.000000000022
9440.750000000011
16954.000000000015
9766.50000000001
16552.00000000001
8649.25000000001
14864.000000000016
8244.75000000001
12498.000000000013
9033.250000000011
10849.000000000013
9370.50000000001
10383.000000000013
9635.750000000011
10705.000000000011
10287.00000000001
11288.000000000013
10812.000000000013
12090.000000000015
11960.750000000015
12996.000000000015
11871.250000000011
12762.000000000016
12019.250000000013
14211.000000000016
13382.000000000013
15304.000000000018
13416.500000000011
15854.000000000018
12884.750000000011
15804.000000000015
12516.000000000015
14921.000000000018
13026.750000000015
13962.00000000001
12476.000000000013
13262.000000000015
12125.750000000011
12574.000000000015
11673.00000000001
11845.00000000001
11913.50000000001
11071.000000000011
11839.500000000013
10362.000000000013
11708.25000000001
9563.000000000005
12539.250000000013
8666.000000000007
13153.750000000013
7762.000000000008
13557.000000000013
7193.000000000007
14413.750000000013
6994.0000000000055
14152.750000000015
7147.000000000007
12632.000000000011
7331.000000000006
11752.000000000013
8692.00000000001
10205.750000000011
11598.000000000011
10689.750000000011
13478.000000000007
11043.750000000011
12630.000000000015
9246.000000000011
11348.000000000011
10084.000000000011
12217.000000000013
13068.250000000013
13444.00000000001
14289.50000000001
12002.000000000007
11805.750000000011
10659.000000000011
10888.25000000001
11112.000000000007
9533.250000000007
12502.000000000015
7989.750000000007
11357.000000000011
6038.500000000006
10909.000000000013
6015.500000000006
10375.000000000013
6134.0000000000055
11163.000000000013
5593.2500000000055
11375.000000000011
4980.750000000005
9783.000000000005
5078.0000000000055
8631.00000000001
7610.500000000008
7262.000000000007
8854.250000000007
6583.0000000000055
10937.250000000011
5138.000000000006
10575.500000000011
7241.000000000007
10168.25000000001
11461.000000000011
9476.75000000001
13456.000000000015
9980.500000000007
12441.000000000013
10134.250000000011
11567.000000000011
8918.750000000011
12266.000000000011
7929.750000000009
12253.000000000015
7229.000000000007
10268.000000000013
6439.000000000007
10656.000000000013
5529.750000000005
9397.000000000011
5379.2500000000055
10743.000000000013
5867.7500000000055
11647.00000000001