9523.75000000001
10865.000000000013
9476.75000000001
10841.00000000001
9426.000000000011
10855.000000000013
9374.25000000001
10834.000000000013
9347.500000000011
10800.000000000013
9363.25000000001
10723.000000000011
9586.750000000007
10565.000000000011
9557.25000000001
10417.000000000013
9590.50000000001
10292.00000000001
9690.50000000001
10235.000000000011
9757.750000000011
10207.000000000011
9806.75000000001
10141.000000000005
9952.500000000011
10048.000000000013
9958.500000000011
10016.000000000013
9900.50000000001
10025.000000000013
9892.25000000001
10090.000000000011
9814.75000000001
10089.000000000011
9690.50000000001
10077.000000000011
9599.75000000001
10080.000000000011
9546.50000000001
10026.00000000001
9496.500000000007
9925.000000000011
9879.00000000001
9819.000000000011
9758.00000000001
9755.000000000011
9653.25000000001
9716.000000000011
10190.250000000011
9648.000000000011
10315.50000000001
9596.000000000007
10037.50000000001
9532.000000000011
10208.50000000001
9428.000000000007
10771.000000000011
9250.000000000005
9902.250000000011
9826.00000000001
10293.000000000011
9899.000000000011
10422.500000000007
9945.00000000001
10787.750000000013
11436.000000000011
11073.250000000013
10750.000000000011
10075.250000000011
9042.000000000011
9912.00000000001
8975.000000000005
10421.50000000001
9577.00000000001
10441.500000000011
12718.000000000007
10127.25000000001
11262.000000000011
10443.25000000001
9315.000000000007
10393.750000000013
9698.00000000001
10535.750000000011
9789.00000000001
10329.500000000011
9543.000000000007
10405.000000000011
8831.000000000011
10436.750000000011
8767.00000000001
10946.00000000001
8723.00000000001
10963.250000000011
8730.00000000001
11174.250000000013
8652.000000000007
11671.250000000011
8582.000000000007
11194.750000000011
8490.000000000011
10971.750000000013
8295.000000000004
11538.000000000013
8101.000000000007
11187.250000000011
7980.000000000009
10584.000000000011
7918.000000000009
10382.750000000011
7807.000000000007
10183.750000000011
7748.000000000007
10254.250000000011
7725.000000000008
9896.750000000011
7775.000000000008
9944.000000000011
7731.000000000008
10610.000000000011
7726.000000000007
10539.000000000011
7777.000000000007
10073.250000000011
7845.000000000006
9617.500000000011
7908.000000000008
8829.00000000001
7989.000000000008
8672.25000000001
8029.000000000008
8478.50000000001
8126.000000000009
8504.25000000001
8201.000000000007
8488.750000000007
8292.000000000011
8196.250000000011
8349.00000000001
8098.250000000008
8409.00000000001
7690.000000000007
8516.00000000001
7394.750000000007
8610.000000000005
7164.000000000007
8691.000000000011
6930.750000000007
8785.00000000001
6913.750000000008
8889.00000000001
6850.000000000007
8959.00000000001
6722.500000000007
8933.000000000007
6906.750000000007
8915.000000000011
7172.500000000007
8863.000000000011
7507.7500000000055
8860.00000000001
7867.500000000008
8853.00000000001
8019.250000000008
8792.00000000001
8140.000000000009
8708.00000000001
8187.500000000008
8597.000000000011
8402.750000000007
8447.000000000007
8460.750000000007
8316.000000000007
8473.000000000007
8177.000000000007
8692.50000000001
8064.000000000008
8811.75000000001
7931.0000000000055
9032.000000000007
7796.000000000009