8757.000000000007
6616.000000000006
9010.25000000001
6737.000000000005
9059.500000000011
6818.000000000003
8993.25000000001
6731.000000000007
8974.75000000001
6931.000000000006
9060.25000000001
7195.000000000007
8607.250000000007
7308.000000000007
8788.25000000001
7420.000000000008
9060.75000000001
7717.000000000008
8996.250000000011
7870.0000000000055
8856.25000000001
7643.000000000007
8662.750000000007
7100.000000000007
8761.50000000001
6810.000000000007
8899.250000000011
6659.0000000000055
8721.50000000001
6471.000000000005
8727.75000000001
6425.000000000005
8951.00000000001
6508.000000000007
9302.250000000007
6680.000000000006
10063.50000000001
6771.000000000006
10831.750000000011
6786.000000000006
11466.50000000001
6876.000000000009
11616.000000000015
6923.000000000006
12466.500000000016
7134.000000000007
12966.000000000015
7432.000000000008
13578.250000000016
7440.000000000008
13025.250000000016
7225.000000000005
12320.000000000013
6895.0000000000055
12164.750000000013
6742.000000000007
12263.000000000011
6605.0000000000055
12582.750000000015
6567.000000000003
12574.500000000011
6582.000000000008
12515.25000000001
6719.000000000007
13182.000000000015
6856.000000000007
13461.250000000015
7067.000000000008
13566.000000000013
7174.000000000008
14328.750000000013
7131.0000000000055
13732.000000000015
7185.000000000008
13124.750000000016
7209.000000000007
12874.750000000015
7080.000000000005
13061.250000000015
6804.0000000000055
12369.000000000013
6593.000000000005
12389.000000000011
6568.0000000000055
13324.750000000013
6618.000000000004
13859.500000000015
6602.000000000004
13518.500000000013
6646.000000000005
13390.250000000016
7301.000000000005
12795.000000000013
10022.00000000001
11817.000000000011
10835.000000000013
11815.000000000013
10891.000000000007
12213.000000000013
11294.000000000011
12614.000000000011
10373.000000000007
12373.000000000011
10747.000000000011
12351.750000000015
13654.000000000016
13220.250000000013
16003.000000000015
14046.500000000013
14483.000000000016
14786.750000000018
10587.000000000013
15123.500000000015
8203.000000000007
14892.750000000016
7564.000000000009
14033.750000000015
8940.000000000011
13686.750000000013
10465.000000000011
13085.750000000011
12764.000000000007
12646.250000000011
15213.000000000015
13351.250000000015
15231.000000000016
14390.750000000013
11886.000000000011
14874.250000000015
10000.000000000007
14877.250000000016
9610.000000000011
15115.250000000016
9291.000000000007
15772.250000000015
10384.00000000001
16162.000000000016
12424.00000000001
14695.500000000016
14557.000000000018
13706.750000000015
13290.000000000015
13225.250000000013
10902.000000000011
13608.750000000013
10247.00000000001
13662.000000000013
11563.000000000013
13568.500000000016
10887.000000000011
13795.750000000013
10344.000000000013
14205.250000000015
9688.000000000007
13145.000000000016
9043.00000000001
13368.500000000015
8961.000000000005
13418.250000000015
9318.000000000005
13124.000000000015
9626.000000000007
12762.750000000015
9618.000000000011
13464.250000000013
9583.000000000013
13292.750000000011
9662.000000000011
13320.250000000015
9817.000000000007
13303.500000000016
10039.000000000013
13466.500000000015
10103.000000000005
13480.750000000016
10180.000000000011
14130.000000000015
10494.000000000011
12193.750000000011
8911.000000000007