32591.000000000033
32532.000000000033
32640.000000000033
32640.000000000033
25655.000000000004
26220.00000000002
16229.750000000018
17504.00000000002
15858.750000000016
17044.000000000015
12759.500000000015
14051.000000000015
12657.000000000013
13337.00000000001
13338.000000000018
13793.000000000018
13444.750000000016
13985.000000000015
13211.250000000013
13941.000000000016
12552.000000000011
13933.000000000015
12036.000000000011
14476.000000000011
11526.250000000013
15505.000000000018
11879.250000000015
16281.000000000016
12387.250000000013
17496.00000000001
12992.500000000015
18049.000000000015
13256.750000000013
17494.00000000001
12776.750000000013
17131.00000000001
12709.250000000015
16113.000000000018
12683.250000000013
14647.000000000015
12409.750000000013
14279.000000000015
12165.250000000011
15629.000000000013
12365.000000000013
15969.000000000016
13119.000000000011
15596.000000000016
13303.750000000013
15467.000000000015
13262.500000000015
14382.000000000016
13098.000000000016
14457.000000000016
12849.25000000001
13936.000000000007
13022.000000000013
12988.00000000001
12295.750000000013
13460.00000000001
12314.250000000015
13753.000000000007
12420.500000000013
12819.000000000018
11816.000000000013
11981.00000000001
11919.500000000013
11565.00000000001
12037.000000000011
11909.000000000016
12715.500000000015
11069.000000000011
13623.000000000015
10609.000000000007
13713.250000000016
10345.000000000013
13536.000000000013
10519.000000000013
13451.000000000016
11298.000000000011
14429.250000000016
12380.000000000013
14168.000000000015
12962.000000000007
13620.250000000013
12990.000000000013
13037.250000000013
12768.000000000011
12496.250000000015
12946.000000000016
12476.000000000013
12871.000000000013
12401.750000000015
12396.000000000015
11580.750000000013
12311.000000000011
10450.750000000011
12624.000000000013
10967.250000000011
13441.000000000015
11223.250000000013
14272.000000000016
11632.000000000013
13916.00000000001
12136.000000000013
12840.000000000007
12135.750000000013
12397.000000000016
11453.500000000013
12851.00000000001
11697.500000000013
12921.000000000005
11952.750000000013
12295.000000000015
11405.50000000001
12589.000000000015
11660.500000000013
13761.000000000013
12348.500000000011
13774.000000000011
11988.50000000001
12990.000000000015
11849.500000000013
11804.000000000007
12538.500000000013
10979.000000000011
12740.750000000013
11186.00000000001
12073.750000000011
11275.000000000013
11257.50000000001
11208.000000000011
11417.500000000013
11997.00000000001
11420.500000000011
13034.000000000015
10834.500000000011
13133.000000000016
10152.250000000011
13245.00000000001
9647.000000000011
13738.000000000007
9579.25000000001
13921.000000000007
9003.00000000001
13593.000000000016
8944.500000000007
13187.000000000015
8767.25000000001
12667.00000000001
9306.75000000001
12185.000000000007
9416.50000000001
11419.000000000013
10207.75000000001
11097.000000000013
11051.500000000011
12015.000000000007
11548.500000000013
13405.000000000013
11371.000000000013
14867.000000000013
11325.00000000001
16539.000000000015
12280.000000000016
18072.00000000001
12781.000000000016
20265.00000000002
12749.750000000015
19783.00000000002
16082.250000000018
17786.00000000001
16729.50000000002
17134.000000000015
17961.000000000007
18234.000000000007
24349.00000000001
24304.000000000025
30567.000000000033
30564.000000000033