10454.75000000001
8771.000000000005
10263.500000000011
9608.000000000011
9893.25000000001
10745.000000000011
8992.25000000001
11153.000000000013
8372.00000000001
10896.000000000013
8309.750000000007
9989.000000000011
8429.00000000001
8080.000000000008
8482.50000000001
6077.000000000006
8666.00000000001
5045.0000000000055
8538.00000000001
4590.000000000005
8649.25000000001
5331.0000000000055
9044.50000000001
6602.000000000004
9226.000000000007
7150.000000000006
9689.75000000001
7759.000000000007
9961.750000000011
8815.00000000001
9952.500000000011
11371.000000000011
9313.500000000011
12066.000000000015
10006.500000000011
12939.000000000016
10559.000000000011
14169.000000000015
10025.75000000001
13072.000000000015
9605.50000000001
12409.00000000001
9635.50000000001
13081.000000000015
9145.00000000001
13071.000000000016
8257.25000000001
12576.00000000001
8952.000000000007
13658.000000000018
9402.50000000001
15340.000000000016
9687.50000000001
15134.000000000015
9126.75000000001
11981.00000000001
9303.000000000011
9792.000000000011
9402.00000000001
9652.00000000001
8734.25000000001
9593.000000000005
8415.000000000007
9348.00000000001
8290.750000000007
9828.00000000001
8354.00000000001
9519.000000000011
8454.50000000001
9857.000000000013
8551.500000000007
10136.000000000011
8925.000000000007
10152.000000000007
9120.50000000001
9940.000000000011
9520.750000000007
9279.00000000001
8690.000000000007
9477.00000000001
8306.75000000001
10568.000000000015
8235.000000000007
12458.000000000007
8613.750000000007
13089.000000000011
9593.000000000011
12945.000000000016
10564.250000000011
12957.00000000001
10806.500000000011
12130.000000000011
10881.000000000011
10984.00000000001
10982.000000000011
10481.000000000013
10971.250000000011
10571.000000000007
11025.500000000011
9999.000000000011
11617.750000000013
10560.00000000001
11613.000000000011
11096.000000000011
11786.750000000011
11523.000000000011
11384.500000000011
10556.000000000007
10693.500000000013
9528.000000000007
10531.250000000013
9179.000000000011
11519.250000000011
9442.00000000001
12682.500000000011
9603.000000000007
12368.250000000013
9870.000000000007
12553.000000000015
9838.000000000011
12894.500000000016
9778.000000000011
12689.500000000013
10394.000000000011
12361.750000000013
10427.000000000011
11817.750000000011
10873.000000000011
12017.500000000013
11034.000000000013
12418.250000000011
11344.000000000013
11818.500000000011
11570.000000000011
11895.250000000013
11709.00000000001
11774.50000000001
12583.000000000013
11716.750000000015
13571.000000000007
13236.250000000015
13717.000000000015
12147.750000000013
13425.000000000011
11188.250000000011
13477.000000000015
9313.25000000001
13536.00000000001
9380.250000000011
13702.000000000015
9112.50000000001
13690.000000000015
7547.750000000007
13625.000000000015
7019.7500000000055
13520.00000000001
6930.750000000006
13511.000000000013
6886.250000000007
13377.000000000015
6804.000000000007
13449.000000000016
6824.250000000007
13488.000000000015
7975.250000000006
13527.000000000013
8764.50000000001
13565.00000000001
7787.750000000008
13601.000000000016
8669.00000000001
13691.000000000016
8156.250000000008
13844.000000000016
8228.00000000001
13776.000000000016
8359.250000000007
12466.000000000011
8538.25000000001
10618.000000000011