11828.500000000013
4991.0000000000055
12337.250000000013
5078.0000000000055
12327.750000000013
5147.0000000000055
12237.000000000011
5405.000000000005
12046.750000000015
5824.000000000005
12363.250000000011
6342.000000000007
12206.250000000011
6775.000000000009
11927.000000000013
6977.000000000006
11483.500000000011
6873.000000000007
10872.250000000011
6746.000000000007
10523.500000000011
6783.000000000005
10223.000000000011
7203.000000000007
10649.250000000011
7407.000000000009
11113.000000000013
7394.000000000009
10843.25000000001
7126.000000000005
10602.500000000013
6729.000000000007
10355.75000000001
6474.000000000006
10365.750000000011
6313.000000000008
10001.00000000001
6014.000000000005
9074.250000000007
5573.0000000000055
9138.25000000001
5354.000000000004
9374.000000000011
5600.000000000006
9083.00000000001
5891.000000000005
8217.75000000001
5856.000000000004
7330.250000000008
6036.000000000005
7069.250000000006
6730.000000000005
7040.750000000006
7265.000000000004
7701.500000000008
7980.000000000009
8554.750000000007
9174.000000000005
9284.000000000007
9817.000000000007
9824.75000000001
9705.00000000001
10203.25000000001
9648.000000000011
11044.250000000011
7928.000000000008
11361.750000000013
7384.000000000007
11537.250000000013
6647.000000000007
11516.250000000011
7514.000000000007
11747.250000000013
7720.000000000005
11817.750000000011
9406.000000000007
11453.750000000011
8855.000000000005
11071.750000000013
9056.000000000007
9892.75000000001
8259.000000000005
9522.25000000001
7828.000000000009
9963.250000000011
6993.000000000007
10276.750000000011
7060.000000000006
9440.25000000001
6961.000000000006
9445.75000000001
7919.000000000008
10819.000000000011
8586.00000000001
11153.750000000013
8716.000000000005
10197.000000000011
9424.00000000001
10292.00000000001
10714.000000000011
11025.750000000011
11506.000000000011
11142.750000000011
11933.000000000011
11201.75000000001
12082.000000000015
10915.500000000011
11979.000000000013
10692.250000000013
12100.000000000011
10811.750000000015
11780.000000000011
11001.500000000011
11383.000000000013
11064.500000000011
11106.000000000011
10646.50000000001
11161.000000000011
10274.000000000011
11009.000000000011
10310.50000000001
10340.000000000011
10074.25000000001
9893.000000000007
10047.750000000011
9673.000000000013
10370.000000000011
8983.000000000005
10239.750000000011
8634.000000000005
10620.00000000001
9158.000000000005
11363.750000000011
10122.000000000007
11295.250000000011
10753.000000000011
10757.750000000011
10159.000000000011
10779.00000000001
9612.000000000007
10878.250000000013
9556.000000000011
10921.750000000011
9290.000000000011
10395.250000000011
9317.00000000001
10594.500000000011
11241.000000000011
10749.50000000001
11123.000000000013
10701.000000000013
9265.000000000005
10538.500000000011
9655.000000000011
10246.750000000011
11718.000000000011
10013.75000000001
12009.000000000011
9781.750000000011
10732.000000000013
9560.00000000001
8225.000000000007
9614.250000000011
9830.000000000011
9639.500000000011
11982.00000000001
9945.75000000001
12344.000000000011
9905.000000000011
12645.000000000015
9777.000000000011
12699.000000000015
9757.000000000011
11641.000000000011
9417.000000000011
10555.000000000011
8736.00000000001
9944.000000000011
7408.2500000000055
9621.000000000011