11650.000000000011
12963.000000000013
11850.250000000013
12384.000000000013
11546.500000000013
12461.000000000013
11540.750000000011
12576.000000000018
11872.000000000015
12268.000000000011
11811.750000000013
11877.000000000015
11595.500000000015
12351.000000000007
11563.750000000011
12520.000000000013
11542.500000000011
12273.000000000013
11670.750000000013
11946.000000000005
11650.000000000011
12025.000000000013
11114.750000000013
12328.000000000011
10931.500000000011
12652.00000000001
10947.250000000011
12350.000000000013
10909.750000000013
12687.000000000016
11061.25000000001
12631.000000000011
11007.250000000011
12672.000000000007
10726.500000000011
12422.00000000001
10664.250000000011
12246.000000000007
10632.000000000011
12322.000000000007
10621.500000000011
12052.000000000011
10666.000000000011
11455.000000000013
10563.750000000011
11047.000000000011
10389.000000000011
10814.000000000011
10073.750000000011
10433.000000000011
9658.250000000011
10113.000000000011
9711.750000000011
10100.000000000011
9787.25000000001
10049.00000000001
9444.250000000011
9526.000000000011
9595.500000000011
9025.000000000007
10578.250000000011
8814.00000000001
13778.500000000011
8700.00000000001
15866.500000000018
8471.00000000001
16169.750000000016
8269.00000000001
16553.25000000002
7987.000000000009
16636.00000000002
7832.0000000000055
16481.750000000015
7717.000000000007
16968.50000000002
8275.000000000005
18157.00000000002
9864.000000000011
18860.25000000002
10383.000000000013
18681.25000000002
10251.000000000007
18505.75000000002
11440.000000000013
17864.50000000002
12157.000000000013
17631.75000000002
12970.000000000015
17874.750000000022
14766.000000000015
18791.750000000015
15791.000000000015
19687.25000000002
15318.000000000018
19857.500000000022
13804.000000000016
19835.50000000002
11612.000000000011
19566.500000000022
11179.000000000011
19489.00000000002
11561.000000000011
19073.00000000002
12889.000000000015
19234.250000000022
13834.000000000005
19292.75000000002
15200.000000000013
19573.000000000022
15012.000000000018
19732.250000000022
13532.000000000011
19128.50000000002
11316.000000000011
18815.000000000022
11480.000000000013
19445.50000000002
12377.00000000001
19836.75000000002
13423.000000000016
20510.000000000022
14200.000000000015
20676.00000000002
12302.00000000001
19921.500000000022
9483.000000000011
19509.75000000002
8114.000000000008
19205.000000000022
8328.000000000005
18856.75000000002
8317.000000000007
18080.25000000002
8116.00000000001
17609.00000000002
8164.000000000011
18080.25000000002
8484.000000000007
18053.75000000002
8039.000000000007
16832.50000000002
7783.000000000008
16293.500000000016
7549.000000000009
16019.000000000013
7660.000000000007
16581.000000000022
7624.000000000006
16268.750000000022
7767.000000000008
15754.500000000016
8027.000000000008
15317.250000000015
7830.000000000008
14939.250000000018
7231.000000000008
15430.750000000015
7274.000000000007
15089.000000000015
7344.000000000008
14521.000000000016
7167.000000000006
13829.000000000013
7182.000000000006
13997.000000000016
6804.0000000000055
13336.500000000013
6780.000000000003
13053.750000000015
6764.000000000008
12996.250000000013
6901.000000000007
13069.250000000013
6836.000000000005
13287.500000000013
6852.000000000005
13260.250000000015
6645.000000000007
13259.500000000013
6629.000000000008