8313.750000000007
7476.000000000005
8112.250000000006
7693.000000000008
8220.750000000007
7826.000000000007
9114.500000000007
7782.000000000008
10479.25000000001
7719.00000000001
11140.000000000011
7443.000000000008
11376.500000000011
7020.000000000007
11584.750000000011
6615.000000000005
12283.750000000013
6013.000000000008
12665.750000000013
5952.000000000005
13690.750000000011
6211.000000000005
14038.500000000015
6007.000000000006
14091.750000000015
5294.000000000005
13883.000000000016
5078.000000000005
13443.000000000015
5476.000000000004
13031.250000000015
6289.000000000007
12705.750000000015
6974.000000000007
12433.000000000015
7731.000000000009
13613.750000000013
8250.000000000004
12603.500000000013
8368.000000000011
12360.000000000013
8127.000000000008
12444.500000000015
7510.000000000006
13017.250000000011
6844.000000000005
13043.500000000013
6471.000000000005
12542.75000000001
6866.000000000007
13181.500000000013
7638.000000000009
13336.250000000011
8190.00000000001
13587.500000000013
8322.000000000005
13988.750000000015
8260.000000000005
14459.750000000015
8447.000000000007
14270.000000000016
8621.000000000007
13249.500000000011
8503.000000000005
13015.500000000013
8197.00000000001
13411.750000000013
7761.000000000008
13322.750000000013
7564.000000000008
12575.750000000013
8087.000000000008
12868.500000000011
8787.00000000001
12902.750000000015
8725.000000000011
12733.500000000013
8968.000000000011
13302.750000000015
8533.000000000005
13462.750000000013
8445.000000000007
13150.250000000016
8620.000000000007
11853.000000000015
8440.000000000004
12041.750000000015
8097.000000000009
13028.750000000013
8149.000000000008
13123.750000000013
7817.000000000008
12609.500000000011
7373.000000000008
11824.000000000011
8232.000000000007
11681.250000000013
9260.00000000001
11754.000000000013
9509.000000000005
11206.000000000013
11151.000000000013
11844.000000000013
14004.000000000011
11329.000000000011
13510.000000000016
11067.250000000011
13752.000000000016
11583.250000000011
12132.000000000013
11570.750000000011
12889.000000000015
11261.50000000001
13109.000000000018
11363.500000000011
11881.000000000007
10631.000000000011
12310.000000000015
10697.75000000001
12254.000000000015
10191.500000000011
12495.000000000011
9879.50000000001
12468.00000000001
10099.50000000001
10576.000000000011
9794.750000000011
11298.000000000011
10463.00000000001
10600.000000000011
10784.250000000011
12286.00000000001
11092.000000000011
14051.000000000015
11278.75000000001
13798.000000000016
11654.000000000013
12244.000000000016
11205.250000000011
11641.000000000005
11441.750000000013
11089.000000000007
10982.50000000001
10071.00000000001
11173.500000000013
9007.000000000005
11744.000000000013
8306.000000000005
11844.750000000013
8219.000000000011
12168.000000000013
7817.000000000008
12271.750000000013
7785.000000000008
12546.250000000013
8643.000000000007
12495.000000000011
9606.000000000013
12169.500000000015
9840.000000000007
12046.000000000011
10096.000000000005
11763.500000000011
8522.000000000007
10931.50000000001
5865.000000000003
10927.000000000011
4765.000000000005
11068.750000000011
4464.000000000002
11003.25000000001
5428.000000000005
10519.250000000011
9493.00000000001
9260.75000000001
11919.00000000001
7223.000000000007
7509.000000000008
6753.500000000006
6465.000000000004