15365.500000000016
14213.000000000016
14912.750000000015
14010.000000000015
13783.750000000015
14538.000000000016
13772.750000000016
14911.000000000016
14309.750000000015
14819.000000000016
14470.500000000015
14391.000000000015
14102.500000000015
14158.000000000015
13788.250000000016
13701.000000000015
13955.500000000015
13027.000000000016
14050.750000000015
12576.00000000001
14188.250000000011
12583.000000000013
14474.750000000013
13723.000000000016
14846.000000000018
14783.000000000018
14056.750000000013
14773.000000000018
14060.750000000015
14317.000000000016
14542.250000000015
13806.000000000011
14681.500000000015
13457.000000000016
14930.000000000016
13395.000000000011
14702.750000000015
13339.000000000013
15027.000000000015
13181.000000000011
15106.250000000016
12438.00000000001
13982.250000000015
10952.000000000007
12816.750000000015
10500.000000000011
12940.000000000015
10522.000000000011
13391.250000000013
10675.000000000011
13698.750000000015
10862.000000000013
13789.000000000016
11225.000000000011
13419.250000000013
12527.000000000015
12873.250000000013
12713.00000000001
12499.500000000013
11163.000000000011
12083.250000000013
9759.00000000001
12157.500000000013
9455.00000000001
12530.250000000015
9309.00000000001
13100.750000000011
9020.00000000001
13189.000000000013
8227.00000000001
13643.500000000015
7152.000000000006
14064.500000000013
6339.0000000000055
14034.250000000011
6085.000000000004
13639.500000000013
5932.000000000004
13749.000000000013
5922.000000000005
13827.250000000015
6846.000000000009
13134.000000000011
10122.000000000007
12735.000000000013
11218.000000000013
13256.250000000013
9575.000000000011
13989.250000000015
7463.000000000008
13808.000000000016
7352.0000000000055
13450.750000000015
8442.000000000005
13623.750000000013
9301.000000000011
13215.250000000015
9869.00000000001
11585.750000000011
10192.000000000013
11111.00000000001
9993.000000000011
11749.750000000013
9440.00000000001
12931.250000000013
8880.000000000007
12897.500000000015
10067.000000000011
12634.000000000015
11015.000000000013
11650.50000000001
10889.000000000011
11622.500000000013
10803.00000000001
11686.000000000015
10065.000000000005
11568.750000000013
9007.000000000005
12058.000000000015
7854.00000000001
12555.250000000013
7127.000000000007
12672.000000000013
7088.000000000009
12260.500000000013
7786.000000000008
10967.250000000011
8693.000000000005
11481.000000000011
9468.00000000001
13048.500000000016
9736.00000000001
12823.500000000011
8689.000000000007
12581.250000000011
7305.000000000008
12066.750000000013
6190.000000000006
13100.250000000013
5480.000000000006
13038.500000000015
6535.000000000006
12915.000000000013
7524.000000000008
13219.500000000016
7277.000000000008
12769.000000000015
8229.000000000005
12690.250000000016
10297.000000000007
12363.750000000011
11362.000000000011
11802.25000000001
11152.000000000013
11353.750000000013
10264.000000000011
11154.250000000013
9154.000000000007
11380.250000000013
8194.000000000007
11993.250000000011
7732.000000000008
13034.000000000013
7574.000000000007
13333.500000000016
7736.000000000007
12783.500000000015
7984.000000000008
12594.500000000015
7704.000000000007
12507.500000000013
7774.000000000009
12602.750000000013
7365.000000000006
12665.000000000013
6333.000000000005
12729.500000000011
5652.000000000006
12517.500000000011
5975.000000000005