14081.000000000015
22257.000000000022
16301.750000000018
26037.000000000033
18683.25000000002
24757.00000000003
18423.75000000002
19133.000000000007
17365.25000000002
17064.00000000002
16416.750000000015
12249.000000000015
16494.000000000015
8597.000000000011
15669.500000000016
7971.000000000009
15092.250000000015
9642.000000000007
13912.750000000015
9380.000000000011
14397.500000000015
9590.000000000011
14631.000000000015
8056.000000000009
14358.000000000015
8331.000000000007
13409.500000000013
10763.000000000013
13271.750000000013
10768.00000000001
12828.250000000013
9158.00000000001
13171.750000000011
8296.000000000004
13096.250000000013
9179.000000000011
12846.000000000015
9517.000000000011
13617.000000000013
10867.000000000011
13439.000000000011
10975.000000000011
13209.250000000013
9943.000000000011
13298.500000000013
11138.00000000001
12692.000000000011
11253.000000000013
12642.250000000013
11690.000000000015
12829.500000000013
11880.000000000007
13285.000000000015
11435.000000000015
13681.500000000013
11688.000000000011
14033.000000000011
10533.000000000007
13967.750000000015
10581.000000000011
13694.500000000013
10316.000000000011
13299.500000000013
11449.000000000011
13165.750000000015
10946.00000000001
13047.000000000013
10387.000000000011
13101.750000000011
11809.000000000011
13005.750000000013
13727.000000000015
12962.250000000015
15438.000000000015
12620.250000000015
15284.000000000015
12750.750000000015
13778.000000000015
13206.500000000013
9748.000000000007
13147.750000000015
8821.000000000011
13871.500000000015
9137.000000000011
13410.000000000011
9148.000000000011
12642.500000000015
7980.000000000008
12320.25000000001
7559.000000000006
12847.750000000015
7345.000000000008
13120.250000000015
6525.000000000006
14348.750000000016
6409.000000000007
14457.500000000015
7405.000000000008
14129.250000000016
6841.000000000003
14645.750000000015
6948.0000000000055
15113.500000000018
7633.000000000008
14719.500000000016
8720.000000000007
14324.500000000016
9043.00000000001
13244.250000000016
8678.00000000001
11809.750000000013
7739.000000000008
11433.250000000011
6750.0000000000055
11910.750000000015
6490.000000000007
12871.500000000015
6154.000000000006
13296.750000000015
5776.000000000006
13443.750000000013
5709.000000000006
13220.250000000013
5282.000000000005
11651.000000000011
4820.000000000005
10431.750000000011
5113.0000000000055
10075.00000000001
5807.000000000006
9736.250000000007
6510.000000000007
9415.250000000007
6741.000000000008
9624.25000000001
7156.000000000005
11724.750000000013
7943.000000000009
11648.250000000013
8540.00000000001
10488.500000000011
8407.000000000007
9897.50000000001
8033.000000000007
10002.750000000011
7631.000000000008
9601.250000000011
7638.000000000009
9715.500000000011
8523.000000000004
10572.750000000011
8726.00000000001
11040.000000000013
8106.000000000008
11137.750000000013
8001.000000000009
11018.00000000001
7914.000000000008
10733.250000000011
7319.000000000006
10522.250000000011
6313.000000000008
10767.750000000015
5847.000000000006
11668.250000000013
5754.000000000006
12628.000000000013
5938.000000000005
12986.500000000011
6813.000000000005
13410.500000000016
7002.0000000000055
13608.500000000013
6242.000000000005
12521.500000000013
5827.000000000006
12251.500000000013
5624.0000000000055
10892.750000000013
5381.000000000005