5087.5000000000055
10672.000000000011
5028.250000000005
10522.000000000011
5083.000000000005
10222.000000000013
5245.2500000000055
9838.000000000011
5435.000000000005
9376.000000000011
5621.0000000000055
8915.000000000005
5742.250000000006
8220.00000000001
5842.5000000000055
7616.000000000008
5934.250000000006
7089.000000000009
6168.000000000008
10360.000000000013
6327.250000000007
11730.000000000013
6448.000000000007
10057.00000000001
6543.250000000006
9339.00000000001
6768.750000000007
7266.000000000006
7346.250000000006
4801.0000000000055
8414.750000000007
7323.000000000007
9435.000000000011
7906.000000000008
9640.500000000007
4969.0000000000055
8466.000000000011
8026.000000000009
7339.250000000009
12608.000000000013
6592.500000000006
10714.000000000013
6426.750000000007
5700.0000000000055
6683.7500000000055
4656.0000000000055
8292.00000000001
6703.0000000000055
10062.250000000011
7130.000000000008
11086.000000000011
7296.000000000006
10563.250000000011
6886.000000000008
9741.00000000001
7641.000000000007
9936.00000000001
9921.000000000005
9562.75000000001
10074.000000000013
9547.250000000007
10564.000000000013
8960.75000000001
10197.000000000011
8781.25000000001
9022.000000000005
9389.75000000001
9693.000000000013
9342.250000000011
10339.000000000011
9800.50000000001
10129.000000000007
10793.500000000011
10275.000000000011
10587.250000000011
9285.000000000011
10272.500000000011
8220.00000000001
10606.00000000001
11238.00000000001
10363.500000000011
13001.000000000015
10381.500000000011
11882.000000000013
10656.50000000001
11068.000000000011
10694.500000000011
11578.000000000013
11091.750000000013
12774.00000000001
11816.250000000013
11696.000000000007
11883.000000000015
9945.000000000011
12175.250000000013
10872.000000000011
12736.500000000015
12651.00000000001
12849.750000000016
11872.000000000011
13151.000000000016
10531.000000000011
13476.500000000016
9807.000000000011
13274.750000000011
11344.000000000011
13488.500000000013
10896.000000000013
13725.250000000013
9850.00000000001
14357.000000000018
9291.000000000007
14428.250000000016
9916.000000000007
14001.250000000013
11060.00000000001
14503.500000000015
9034.00000000001
14759.000000000013
8399.000000000007
14237.000000000015
10354.000000000011
13731.000000000016
10158.000000000011
12577.000000000013
9609.000000000011
12086.000000000015
9687.000000000007
12543.250000000011
9870.000000000007
12696.000000000015
10929.000000000013
12649.750000000015
10969.000000000013
13113.250000000013
11067.000000000013
13259.500000000013
10997.000000000011
12842.250000000013
10851.000000000013
11821.500000000013
10731.000000000013
10439.75000000001
10625.000000000011
10154.250000000011
10416.000000000015
12172.500000000013
10031.000000000011
12951.000000000015
9393.00000000001
11868.50000000001
8730.00000000001
9962.750000000011
8360.000000000005
9324.000000000011
8408.000000000007
8941.25000000001
8423.000000000007
9048.50000000001
8569.000000000011
8350.750000000007
8697.000000000007
8417.00000000001
8839.000000000005
8396.500000000007
8936.00000000001
8861.000000000007
9009.000000000007
8407.500000000007
9198.00000000001
8691.750000000011
9181.000000000005
8576.000000000007
8981.00000000001
8430.25000000001
8726.000000000011
8258.50000000001
8408.000000000007
7851.250000000008
8090.000000000008