14471.000000000013
14706.000000000016
14486.250000000015
14650.000000000015
14515.750000000016
14664.000000000013
14417.000000000015
14890.000000000015
14200.250000000016
15085.000000000011
13903.500000000015
14615.000000000016
13625.750000000015
14322.000000000016
13322.500000000016
14234.000000000016
13290.000000000013
14118.000000000016
13581.000000000013
13952.000000000016
13893.500000000013
13735.000000000015
14150.250000000015
13539.000000000016
14218.500000000013
13408.000000000016
13999.250000000013
13259.000000000015
13891.750000000016
13110.00000000001
13926.250000000013
12890.000000000011
14075.750000000016
12628.000000000013
14122.250000000016
12354.000000000013
14304.000000000016
12029.000000000013
14839.750000000015
11745.000000000013
14929.500000000015
11470.00000000001
14975.000000000016
11121.000000000011
15217.250000000015
10924.000000000013
15338.750000000016
10906.000000000011
15157.250000000016
10986.000000000013
14676.500000000016
11063.000000000005
13998.500000000015
11069.000000000011
14026.250000000015
11060.000000000011
13743.750000000015
11079.000000000013
13378.750000000015
11183.000000000013
13206.000000000013
11313.000000000011
13614.250000000015
11372.000000000013
13888.000000000015
11404.000000000013
13404.000000000013
11333.000000000013
12637.000000000013
11300.000000000011
12727.750000000013
11318.000000000013
13347.500000000013
11305.00000000001
14479.750000000016
11249.000000000013
14854.750000000015
11127.000000000011
14380.750000000015
11073.000000000011
13725.500000000015
11012.000000000011
13699.000000000015
10887.000000000011
14065.250000000015
11036.000000000013
14056.500000000011
13258.000000000015
13673.750000000013
16104.000000000016
13634.250000000016
16453.00000000002
13542.000000000013
15880.000000000018
13605.250000000016
13689.000000000015
13827.000000000013
11136.000000000013
13794.750000000011
10600.000000000011
13971.250000000013
10250.000000000011
14077.750000000015
10222.00000000001
14382.000000000016
10562.000000000011
14614.750000000015
10875.000000000011
14990.250000000016
11180.000000000011
14786.750000000016
11321.000000000011
14710.000000000015
11045.000000000013
14818.750000000015
10872.00000000001
14682.250000000013
10753.000000000011
15415.750000000015
10297.000000000007
15121.500000000015
10019.000000000011
14797.750000000015
10181.000000000011
15057.250000000015
10234.000000000011
15220.500000000015
10189.000000000011
15131.500000000016
10298.00000000001
14449.250000000016
10626.000000000011
14379.500000000018
10892.000000000011
14764.000000000015
10989.000000000011
14029.500000000013
11109.000000000013
13678.750000000016
11233.000000000011
13550.750000000013
11224.000000000013
13709.500000000018
11076.000000000013
13111.000000000011
10961.000000000011
12985.000000000013
10791.000000000011
12983.000000000011
10625.000000000013
13649.000000000013
10549.000000000013
14046.250000000013
10528.00000000001
13886.750000000016
10687.000000000013
13133.750000000015
10891.000000000007
13251.250000000015
11081.000000000011
13447.000000000013
11072.000000000011
13774.500000000013
10989.000000000011
14054.750000000013
10976.000000000013
14316.000000000016
11074.000000000013
14870.000000000016
11206.000000000013
14858.500000000013
11338.000000000013
14897.750000000015
11397.000000000013
14576.500000000016
11448.000000000011
14052.250000000015
11385.000000000011
14781.000000000015
11452.000000000011