4808.500000000005
4441.000000000005
5049.5000000000055
4576.000000000003
5275.5000000000055
4774.0000000000055
5652.250000000006
5354.000000000004
6173.500000000006
5493.000000000005
6659.250000000008
5571.0000000000055
6085.750000000006
6066.000000000007
5930.000000000006
5524.000000000006
6198.000000000006
5084.0000000000055
6199.750000000006
5389.000000000006
6052.750000000007
5145.0000000000055
5984.250000000007
5524.0000000000055
5983.000000000006
5699.000000000006
6159.7500000000055
5224.0000000000055
6284.000000000006
5050.000000000006
6186.250000000007
5543.0000000000055
6025.500000000007
5359.0000000000055
6205.2500000000055
5145.000000000006
6154.0000000000055
5419.0000000000055
6265.000000000006
5388.0000000000055
6171.250000000007
5590.0000000000055
6010.750000000006
5777.0000000000055
6377.500000000007
6013.000000000005
6517.250000000007
5198.000000000004
6719.000000000008
4817.000000000004
6754.750000000007
4820.0000000000055
6622.750000000006
4899.000000000006
6878.500000000007
5375.0000000000055
6917.500000000007
5668.000000000006
6832.000000000006
5733.000000000005
6444.500000000007
5247.0000000000055
6761.2500000000055
5014.0000000000055
7954.500000000007
4968.0000000000055
8102.500000000009
5091.0000000000055
9846.75000000001
4973.000000000004
11077.750000000013
5040.0000000000055
11078.000000000011
7630.000000000008
10815.250000000011
8659.000000000007
10657.250000000011
8981.000000000004
11072.000000000011
10057.000000000011
10552.000000000011
11940.000000000016
10485.250000000011
12905.000000000015
10028.500000000011
12190.000000000011
10023.250000000011
11456.000000000013
10785.750000000011
10068.000000000007
11977.500000000013
7995.000000000007
12264.250000000013
8472.000000000005
12328.750000000013
8577.00000000001
11962.000000000015
8701.000000000005
11860.000000000013
12990.000000000015
11911.000000000011
13634.000000000013
11110.25000000001
10926.000000000013
10601.750000000011
7850.000000000009
10170.000000000013
7629.000000000009
9447.00000000001
9017.000000000007
9677.500000000011
9407.000000000011
9564.25000000001
10099.000000000007
9756.250000000011
7656.000000000008
10148.250000000011
7215.0000000000055
10724.000000000013
7677.000000000008
10740.500000000013
8309.000000000007
10820.75000000001
9252.000000000011
10511.500000000013
9744.00000000001
10269.50000000001
10695.000000000013
10000.250000000011
10749.000000000011
9915.25000000001
9909.000000000013
9056.25000000001
9293.000000000011
8993.25000000001
9368.000000000007
8765.000000000007
9041.000000000011
9022.25000000001
9075.000000000005
8944.00000000001
9153.000000000011
9328.000000000011
8938.000000000011
9666.250000000011
8693.00000000001
9690.25000000001
9141.00000000001
8983.250000000007
8582.000000000007
9004.75000000001
8237.000000000011
9268.00000000001
8088.000000000008
9545.75000000001
8428.000000000005
8774.000000000007
8306.000000000005
7873.750000000008
7333.000000000008
6995.500000000007
7357.000000000008
7129.000000000008
7962.000000000008
7242.750000000007
7670.000000000008
6820.7500000000055
6815.000000000006
6254.250000000006
6278.0000000000055
5510.7500000000055
6839.000000000006
4859.750000000005
8206.000000000005
4714.500000000005
8505.000000000011
4795.7500000000055
9069.00000000001
4778.2500000000055
9064.00000000001